target.x;target.y;delta.x;delta.y
450;450;1.57089;1.15198
450;450;1.57089;1.15198
450;450;-0.837855;0.104732
450;450;1.78086;-0.942807
450;450;1.78086;-0.942807
450;450;1.78086;-0.942807
450;450;-1.25722;0.314305
450;450;-1.25722;0.314305
450;450;-0.732953;-0.83766
450;450;-0.732953;-0.83766
450;450;-0.732953;-0.83766
450;450;-0.628574;-1.04762
450;450;-0.628574;-1.04762
450;450;-0.628574;-1.04762
450;450;1.25737;-1.15259
450;450;1.25737;-1.15259
450;450;-2.5162;-0.209683
450;450;-2.5162;-0.209683
450;450;1.04817;-0.628904
450;450;1.04817;-0.628904
450;450;1.04817;-0.628904
450;450;0.733636;2.20091
450;450;0.209647;-1.782
450;450;-1.15225;1.676
450;450;0.837758;1.98967
450;450;0.837758;1.98967
450;450;-0.314068;-0.837514
450;450;-0.314068;-0.837514
450;450;-0.314068;-0.837514
450;450;-5.68434e-14;-0.733379
450;450;-5.68434e-14;-0.733379
450;450;-5.68434e-14;0.314251
450;450;0.314269;-1.36183
450;450;0.314269;-1.36183
450;450;0.314269;-1.36183
450;450;-0.20961;2.41052
450;450;-0.20961;2.41052
450;450;-0.20961;2.41052
450;450;0.209683;1.46778
450;450;0.209683;1.46778
450;450;0.209683;1.46778
450;450;-0.419098;2.61936
450;450;-0.419098;2.61936
450;450;-0.419098;2.61936
450;450;1.04744;0.209488
450;450;1.04744;0.209488
450;450;-0.209488;-1.15219
450;450;-0.209488;-1.15219
450;450;-0.209488;-1.15219
450;450;0.104768;-2.51444
450;450;-2.20014;0.419074
450;450;1.36318;-0.83888
450;450;-2.20091;0.41922
450;450;1.67591;-1.78065
450;450;-1.88572;0.104762
450;450;0.209586;-1.15272
450;450;1.88737;-2.83106
450;450;1.88737;-2.83106
450;450;2.09574;-0.419147
450;450;2.20027;-1.99072
450;450;1.25869;0.734234
450;450;-1.05013;0.210026
450;450;-2.4177;2.4177
450;450;-2.20888;2.1037
450;450;-0.315131;0.105044
450;450;-1.78418;0.209904
450;450;1.78376;-1.46898
450;450;-1.67815;1.88792
450;450;-1.67815;1.88792
450;450;-1.36223;0.838294
450;450;0.314415;-2.0961
450;450;1.25766;-1.15286
450;450;1.8866;-0.314434
450;450;-1.15279;-1.78158
450;450;1.78158;-2.30558
450;450;-0.52369;-1.15212
450;450;-5.68434e-14;0.419025
450;450;-0.419367;1.67747
450;450;-0.419367;1.67747
450;450;-1.15339;-1.04854
450;450;-1.15339;-1.04854
450;450;-0.524178;0.629014
450;450;-0.524178;0.629014
450;450;1.04665;1.98863
450;450;1.04665;1.98863
450;450;1.04665;1.98863
450;450;-1.25656;-0.418855
450;450;1.88693;-0.628977
450;450;1.88693;-0.628977
450;450;-0.840104;-5.68434e-14
450;450;-2.41784;-0.31537
450;450;-2.41784;-0.31537
450;450;-2.41784;-0.31537
450;450;0.734748;1.1546
450;450;0.734748;1.1546
450;450;0.734748;1.1546
450;450;1.36334;-0.734106
450;450;1.36334;-0.734106
450;450;-1.88748;-0.94374
450;450;-1.88748;-0.94374
450;450;-1.88748;-0.94374
450;450;0.62916;1.15346
450;450;0.62916;1.15346
450;450;1.36302;1.99211
450;450;1.36302;1.99211
450;450;1.36302;1.99211
450;450;1.67708;0.628904
450;450;1.67708;0.628904
450;450;-1.25759;-0.838392
450;450;-1.25759;-0.838392
450;450;-0.838099;1.99049
450;450;-0.20961;1.67688
450;450;1.04811;-0.419245
450;450;1.04811;-0.419245
450;450;-0.20961;1.88649
450;450;0.943136;0.73355
450;450;-0.83766;-1.57061
450;450;-0.733379;-0.314305
450;450;-0.523964;-0.628757
450;450;-1.15319;0.314507
450;450;-1.15319;0.314507
450;450;-1.15319;0.314507
450;450;0.104946;2.20386
450;450;1.1546;-2.30921
450;450;1.46941;0.419831
450;450;1.46941;0.419831
450;450;-0.419807;-0.524759
450;450;2.09855;1.88869
450;450;2.09855;1.88869
450;450;1.88803;0.839125
450;450;0.943905;1.57318
450;450;0.943905;1.57318
450;450;2.41206;1.04872
450;450;1.88759;1.88759
450;450;2.09635;1.25781
450;450;-5.68434e-14;-2.09671
450;450;-5.68434e-14;-2.09671
450;450;1.04854;-0.838831
450;450;1.04854;-0.838831
450;450;1.88759;1.67786
450;450;1.88759;1.67786
450;450;1.88759;1.67786
450;450;-2.20219;1.88759
450;450;1.88759;-2.20219
450;450;1.0486;-1.88748
450;450;-1.67845;-1.57354
450;450;-1.67845;-1.57354
450;450;-0.524148;0.943466
450;450;-0.314763;0.94429
450;450;-0.314763;0.94429
450;450;-0.314763;0.94429
450;450;-0.62927;0.62927
450;450;-0.629087;-1.67757
450;450;-0.629087;-1.67757
450;450;1.36342;-1.36342
450;450;-1.25817;1.88726
450;450;0.734149;2.51708
450;450;-0.314379;1.25751
450;450;-0.73355;-0.314379
450;450;0.628794;-1.99118
450;450;1.57263;0.62905
450;450;1.57263;0.62905
450;450;1.67796;0.209745
450;450;1.67796;0.209745
450;450;0.629417;2.30786
450;450;0.629417;2.30786
450;450;-0.419318;-1.88693
450;450;1.25766;-2.51532
450;450;-2.09647;-1.3627
450;450;-1.8866;1.25773
450;450;0.83849;-0.943301
450;450;0.83849;-0.943301
450;450;0.94418;-1.78345
450;450;0.94418;-1.78345
450;450;0.734277;1.15386
450;450;0.734277;1.15386
450;450;0.734277;1.15386
450;450;-0.209647;-2.30611
450;450;-0.734405;-1.25898
450;450;-0.734405;-1.25898
450;450;-5.68434e-14;1.89012
450;450;0.525433;1.47121
450;450;-0.525371;-0.105074
450;450;-0.945062;0.525034
450;450;1.46881;-2.20322
450;450;-1.36318;-1.5729
450;450;-1.36318;-1.5729
450;450;-2.2018;-2.09696
450;450;2.09708;1.99222
450;450;-0.104921;1.36398
450;450;-0.104921;1.36398
450;450;0.104976;-2.09952
450;450;0.104976;-2.09952
450;450;1.89079;-0.630262
450;450;1.89079;-0.630262
450;450;-5.68434e-14;0.105007
450;450;1.4707;-0.10505
450;450;1.4707;-0.10505
450;450;1.4707;-0.10505
450;450;1.2603;-0.945227
450;450;1.2603;-0.945227
450;450;-0.210014;1.36509
450;450;-0.210014;1.36509
450;450;-0.210014;1.36509
450;450;-1.15407;2.72779
450;450;-1.15407;2.72779
450;450;-1.15407;2.72779
450;450;-0.629637;1.0494
450;450;-0.629637;1.0494
450;450;-0.629637;1.0494
450;450;0.840104;1.15514
450;450;-0.315094;-0.840251
450;450;-0.315094;-0.840251
450;450;1.0505;2.52119
450;450;1.0505;2.52119
450;450;-1.15528;0.735177
450;450;1.78585;-0.630299
450;450;1.78574;-0.945393
450;450;1.78574;-0.945393
450;450;1.78574;-0.945393
450;450;-0.840202;1.36533
450;450;0.841577;0.315591
450;450;0.841577;0.315591
450;450;0.73638;-0.525985
450;450;0.420395;-0.420395
450;450;-5.68434e-14;-0.420076
450;450;-0.210136;1.15575
450;450;-1.57777;1.05185
450;450;-1.57777;1.05185
450;450;-1.57777;1.05185
450;450;0.105289;-1.36876
450;450;0.105289;-1.36876
450;450;-5.68434e-14;-5.68434e-14
450;450;-5.68434e-14;-5.68434e-14
450;450;1.36437;0.734662
450;450;-0.419587;1.57345
450;450;1.15373;1.67815
450;450;-0.94374;0.5243
450;450;1.88715;-0.209683
450;450;0.62894;2.20129
450;450;-0.524025;1.67688
450;450;-5.68434e-14;-1.25781
450;450;-1.88715;2.20168
450;450;-1.15353;2.09732
450;450;-1.15353;2.09732
450;450;0.734619;2.62364
450;450;0.734619;2.62364
450;450;0.734619;2.62364
450;450;-1.89189;1.05105
450;450;0.315223;1.68119
450;450;0.735348;1.57575
450;450;-2.20566;0.73522
450;450;-1.89001;-1.47001
450;450;-0.734662;0.524759
450;450;2.09916;1.04958
450;450;2.09916;1.04958
450;450;2.09916;1.04958
450;450;2.09928;1.67942
450;450;-0.314819;-1.57409
450;450;1.88814;1.46855
450;450;-1.78345;1.78345
450;450;0.629931;-0.314965
450;450;0.420101;0.735177
450;450;0.420101;0.735177
450;450;0.420101;0.735177
450;450;0.735649;-0.210185
450;450;-1.89233;-1.0513
450;450;0.315481;2.31352
450;450;-0.631072;-1.4725
450;450;1.89366;-1.57805
450;450;-0.210468;-0.947106
450;450;-1.99933;-1.8941
450;450;2.10394;1.05197
450;450;2.10394;1.05197
450;450;-0.105191;2.10382
450;450;0.525678;-1.05136
450;450;-1.47199;-1.05142
450;450;0.525985;0.73638
450;450;0.525985;0.73638
450;450;-1.36764;-3.05089
450;450;1.9998;1.89454
450;450;1.9998;1.89454
450;450;-0.315499;2.31366
450;450;-0.315499;2.31366
450;450;-0.841282;1.15676
450;450;-1.36732;0.525893
450;450;0.315757;-0.315757
450;450;-0.842069;2.52621
450;450;-0.842069;2.52621
450;450;2.00003;-2.31582
450;450;-0.631699;0.842266
450;450;1.47328;-1.15757
450;450;1.47328;-1.15757
450;450;1.99851;-0.105185
450;450;1.99851;-0.105185
450;450;1.57823;-1.3678
450;450;1.57823;-1.3678
450;450;-1.89499;0.526385
450;450;-5.68434e-14;1.68443
450;450;2.42081;0.947272
450;450;1.68345;-0.526078
450;450;1.99863;2.20901
450;450;-1.78772;2.20836
450;450;-1.68237;2.6287
450;450;-1.68237;2.6287
450;450;1.57731;2.73401
450;450;-1.26163;2.10271
450;450;-0.420715;-0.631072
450;450;0.525893;-2.20875
450;450;0.525893;-2.20875
450;450;-0.525494;-1.57648
450;450;-0.525494;-1.57648
450;450;0.315481;0.525801
450;450;1.68247;0.630924
450;450;1.68247;0.630924
450;450;-0.945945;-0.945945
450;450;1.05142;-0.630851
450;450;0.105142;0.315425
450;450;-1.05142;1.78741
450;450;-2.41798;1.47181
450;450;-1.78741;-1.15656
450;450;-1.78741;-1.15656
450;450;-0.735606;-1.78647
450;450;-0.735606;-1.78647
450;450;-0.735606;-1.78647
450;450;-0.105123;-2.41784
450;450;0.525433;-0.945779
450;450;0.525433;-0.945779
450;450;0.525433;-0.945779
450;450;-1.04988;-1.15487
450;450;-2.30948;-1.99455
450;450;-2.30948;-1.99455
450;450;-2.30948;-1.99455
450;450;1.9949;2.09989
450;450;0.315039;1.57519
450;450;-2.4153;0.945117
450;450;0.105019;1.68031
450;450;1.57547;-0.945282
450;450;-0.945558;-1.89112
450;450;1.99606;1.78595
450;450;2.31069;-1.6805
450;450;2.31069;-1.6805
450;450;2.31069;-1.6805
450;450;-1.57556;2.10075
450;450;2.20579;-1.89067
450;450;-1.47061;1.05044
450;450;1.57556;-1.89067
450;450;1.57556;-1.89067
450;450;1.47078;0.525279
450;450;1.47078;0.525279
450;450;1.47078;0.525279
450;450;-2.52149;-5.68434e-14
450;450;2.31163;-0.105074
450;450;1.99641;-0.315223
450;450;0.735563;-0.210161
450;450;0.735563;-0.210161
450;450;-2.31082;-0.42015
450;450;0.944951;0.314984
450;450;-0.630004;-0.525004
450;450;2.31002;1.68001
450;450;2.31002;1.68001
450;450;2.31002;1.68001
450;450;-1.78741;-0.420567
450;450;-1.78741;-0.420567
450;450;-1.78741;-0.420567
450;450;-1.57584;-0.735391
450;450;-1.57584;-0.735391
450;450;-1.57584;1.26067
450;450;0.840643;-5.68434e-14
450;450;0.840643;-5.68434e-14
450;450;0.840643;-5.68434e-14
450;450;2.20669;2.10161
450;450;2.20669;2.10161
450;450;-2.6267;-0.525341
450;450;-2.6267;-0.525341
450;450;-1.04988;1.46984
450;450;-1.04988;1.46984
450;450;-2.41459;0.209965
450;450;2.41445;0.419905
450;450;2.41445;0.419905
450;450;2.41445;0.419905
450;450;-2.51899;0.524789
450;450;-2.51899;0.524789
450;450;-1.88924;2.83386
450;450;-1.88924;2.83386
450;450;-0.734919;-2.30975
450;450;-0.734919;-2.30975
450;450;-0.734919;-2.30975
450;450;-2.10014;-2.62517
450;450;-2.10014;-2.62517
450;450;-2.10014;-2.62517
450;450;-1.67962;-1.67962
450;450;-1.67962;-1.67962
450;450;-1.67962;-1.67962
450;450;1.88858;-0.839369
450;450;1.88858;-0.839369
450;450;1.88858;-0.839369
450;450;-2.51884;2.72875
450;450;-2.51884;2.72875
450;450;-1.36485;-5.68434e-14
450;450;0.419954;0.314965
450;450;0.419954;0.314965
450;450;1.88968;1.25979
450;450;1.88968;1.25979
450;450;0.735434;0.945558
450;450;0.735434;0.945558
450;450;0.735434;0.945558
450;450;-1.05142;0.525709
450;450;-1.05142;0.525709
450;450;-1.05142;0.525709
450;450;-1.57593;-0.735434
450;450;-1.57593;-0.735434
450;450;-1.57593;-0.735434
450;450;-1.57593;-0.735434
450;450;-1.57593;-0.735434
450;450;0.735649;0.210185
450;450;0.735649;0.210185
450;450;-1.05037;1.47052
450;450;-0.735091;-2.20527
450;450;-0.735091;-2.20527
450;450;-0.735091;-2.20527
450;450;1.68001;-1.47001
450;450;1.68001;-1.47001
450;450;0.629564;2.09855
450;450;-0.839663;0.209916
450;450;0.524912;-2.51958
450;450;0.524912;-2.51958
450;450;-0.314874;-0.104958
450;450;-0.314874;-0.104958
450;450;-0.105056;1.26067
450;450;1.36605;-1.99653
450;450;0.525863;-1.26207
450;450;0.525863;-1.26207
450;450;-1.68237;1.36692
450;450;0.630593;-1.68158
450;450;0.630593;-1.68158
450;450;1.78231;-1.36294
450;450;-0.524239;-0.629087
450;450;1.25869;1.1538
450;450;1.36398;0.734448
450;450;1.99397;1.25935
450;450;0.630446;-1.36597
450;450;0.630446;-1.36597
450;450;1.99804;1.26192
450;450;-0.735563;1.47113
450;450;-0.735563;1.47113
450;450;-0.210075;-1.78564
450;450;1.15514;-1.15514
450;450;-1.57474;-1.04982
450;450;0.839663;0.419831
450;450;-0.839859;-1.99466
450;450;-0.839859;-1.99466
450;450;1.47061;1.05044
450;450;-0.945503;-1.05056
450;450;-0.945503;-1.05056
450;450;-0.945503;-1.05056
450;450;-1.78595;2.6264
450;450;1.4713;1.26111
450;450;-1.15622;2.10222
450;450;0.630372;1.15568
450;450;0.630372;1.15568
450;450;0.630372;1.15568
450;450;0.735048;-0.945062
450;450;0.314892;1.78439
450;450;-1.89001;1.26001
450;450;1.36589;1.36589
450;450;-1.68178;2.20733
450;450;1.99746;1.7872
450;450;-1.78835;-1.36756
450;450;1.78751;0.105148
450;450;1.78751;0.105148
450;450;-0.420248;1.05062
450;450;-0.420248;1.05062
450;450;1.36597;-1.47104
450;450;1.36597;-1.47104
450;450;-1.47302;1.78866
450;450;-1.47302;1.78866
450;450;-1.47302;1.78866
450;450;1.47052;0.945337
450;450;1.47052;0.945337
450;450;1.47052;0.945337
450;450;-1.15521;-1.15521
450;450;-0.735134;-0.945172
450;450;0.420076;-0.420076
450;450;0.420076;-0.420076
450;450;1.57409;0.419758
450;450;1.57409;0.419758
450;450;1.57409;0.419758
450;450;-0.104775;-2.20027
450;450;0.104848;0.838783
450;450;-1.46915;2.30867
450;450;1.78501;2.62502
450;450;0.419978;0.524973
450;450;0.419978;0.524973
450;450;-1.36366;1.46855
450;450;1.57272;-0.104848
450;450;1.57272;-0.104848
450;450;-0.733764;1.46753
450;450;-0.733764;1.46753
450;450;-1.67796;-1.15359
450;450;1.25898;2.30813
450;450;-1.88957;1.88957
450;450;-1.88957;1.88957
450;450;0.630078;2.4153
450;450;0.630078;2.4153
450;450;0.630078;2.4153
450;450;-2.10038;2.41544
450;450;-2.10038;2.41544
450;450;1.15568;-1.26074
450;450;0.630372;0.945558
450;450;-2.10112;-0.630335
450;450;1.78585;-0.735348
450;450;-1.05044;-0.525218
450;450;1.78553;0.210063
450;450;-0.524912;0.734876
450;450;-0.52482;0.104964
450;450;-1.36461;-0.734791
450;450;0.315021;-1.05007
450;450;0.105019;0.315057
450;450;-0.210038;1.15521
450;450;-0.105031;-0.945282
450;450;1.36533;-1.05025
450;450;-0.525065;1.05013
450;450;-0.735134;-1.36525
450;450;-0.629968;1.46992
450;450;-0.209989;-0.209989
450;450;-0.209989;-0.209989
450;450;-0.840055;-1.26008
450;450;-0.840055;-1.26008
450;450;-0.209965;-0.314947
450;450;1.46975;1.04982
450;450;-1.04964;-1.67942
450;450;-1.04964;-1.67942
450;450;1.78314;1.25869
450;450;1.78314;1.25869
450;450;1.88759;-1.04866
450;450;1.88836;1.88836
450;450;1.88836;1.88836
450;450;2.20283;0.104897
450;450;0.838734;1.04842
450;450;-2.09696;-1.67757
450;450;1.57272;1.36302
450;450;1.57272;1.36302
450;450;1.57272;1.36302
450;450;1.78158;-2.30558
450;450;1.78158;-2.30558
450;450;1.67571;-1.98991
450;450;1.98991;-2.3041
450;450;-0.419001;0.733251
450;450;2.20027;-1.04775
450;450;2.20027;-1.04775
450;450;0.733593;-0.733593
450;450;0.733593;-0.733593
450;450;-2.41066;-2.09622
450;450;-2.09696;-1.04848
450;450;-1.25832;1.5729
450;450;2.09732;-1.67786
450;450;2.09732;-1.67786
450;450;0.209659;2.51591
450;450;0.209659;2.51591
450;450;-1.04799;-1.15279
450;450;-1.04799;-1.15279
450;450;-1.04799;-1.15279
450;450;-1.9913;0.20961
450;450;1.25795;2.8304
450;450;1.25795;2.8304
450;450;2.4108;-0.209635
450;450;-0.62916;-2.30692
450;450;-0.62916;-2.30692
450;450;-0.62916;-2.30692
450;450;-0.94407;-1.46855
450;450;1.15413;-0.104921
450;450;1.15413;-0.104921
450;450;1.15413;-0.104921
450;450;0.209745;1.99257
450;450;0.209745;1.99257
450;450;0.209745;1.99257
450;450;0.314745;1.04915
450;450;1.3635;0.419538
450;450;0.839076;0.629307
450;450;0.839076;0.629307
450;450;0.839076;0.629307
450;450;-0.209671;-0.314507
450;450;0.943575;-5.68434e-14
450;450;0.104836;0.629014
450;450;-1.25825;-1.15339
450;450;2.09781;0.524453
450;450;-0.524575;0.83932
450;450;-1.25935;0.734619
450;450;0.734748;-1.04964
450;450;0.734748;-1.04964
450;450;0.734748;-1.04964
450;450;-1.57501;-0.420003
450;450;-1.57501;-0.420003
450;450;2.30867;-0.734577
450;450;2.30867;-0.734577
450;450;-1.2592;1.04933
450;450;-1.7848;-0.629931
450;450;-1.7848;-0.629931
450;450;-0.315149;0.420199
450;450;-1.57556;0.8403
450;450;-1.57556;0.8403
450;450;-1.57556;0.8403
450;450;-1.15454;-2.30907
450;450;-1.15454;-2.30907
450;450;1.57428;1.04952
450;450;1.57428;1.04952
450;450;1.36421;1.88891
450;450;-1.36405;-2.20347
450;450;-1.36405;-2.20347
450;450;0.104952;-0.104952
450;450;0.104952;-0.104952
450;450;1.36549;1.47052
450;450;-0.210124;-2.10124
450;450;-0.210124;-2.10124
450;450;-1.89123;1.36589
450;450;-1.89123;1.36589
450;450;-1.15582;0.945669
450;450;2.52149;0.105062
450;450;0.2101;-0.945448
450;450;0.2101;-0.945448
450;450;-1.05044;2.10087
450;450;-1.05044;2.10087
450;450;-1.26148;-0.525617
450;450;1.89244;-1.36676
450;450;-1.68197;2.83833
450;450;-0.210296;-2.94414
450;450;1.05277;2.21082
450;450;-2.00167;-0.737457
450;450;-2.73816;2.63285
450;450;-2.73816;2.63285
450;450;-1.68384;1.47336
450;450;-1.68384;1.47336
450;450;-1.7895;1.68424
450;450;2.42194;-0.947715
450;450;-0.947549;1.57925
450;450;-0.947549;1.57925
450;450;-0.947549;1.57925
450;450;0.736251;2.945
450;450;-1.68276;0.946553
450;450;-1.68276;0.946553
450;450;-1.68276;0.946553
450;450;1.57731;0.52577
450;450;-1.15642;0.841036
450;450;-1.15642;0.841036
450;450;-1.57639;1.68148
450;450;2.31231;-1.57657
450;450;2.31231;-1.57657
450;450;1.57667;-1.99711
450;450;1.57667;-1.99711
450;450;1.57667;-1.99711
450;450;-1.68168;-1.57657
450;450;-1.99571;2.20579
450;450;-1.99571;2.20579
450;450;1.99501;-1.26001
450;450;1.78408;-5.68434e-14
450;450;1.78408;-5.68434e-14
450;450;1.78408;-5.68434e-14
450;450;-0.419562;-1.1538
450;450;1.36517;-0.105013
450;450;-1.36605;2.10161
450;450;-1.36605;2.10161
450;450;0.840643;1.0508
450;450;-1.05044;-1.57565
450;450;-1.05044;-1.57565
450;450;-0.210149;-1.78626
450;450;2.31136;-1.89112
450;450;-5.68434e-14;-2.20604
450;450;-5.68434e-14;-2.20604
450;450;-0.735305;-0.840349
450;450;1.36517;0.840104
450;450;1.36517;0.840104
450;450;0.104958;-2.30907
450;450;0.104958;-2.30907
450;450;-1.1546;-2.09928
450;450;0.525004;2.41502
450;450;0.105013;2.62532
450;450;-1.04964;-1.1546
450;450;-1.04964;-1.1546
450;450;-1.04964;-1.1546
450;450;-0.420567;-2.20798
450;450;-0.420567;-2.20798
450;450;0.735993;-0.841134
450;450;-1.05056;0.105056
450;450;0.315002;0.735005
450;450;0.31491;-0.839761
450;450;0.31491;-0.839761
450;450;1.15622;-1.99711
450;450;1.15622;-1.99711
450;450;-1.78689;-0.840889
450;450;-1.78689;-0.840889
450;450;-1.57501;0.735005
450;450;1.99536;-0.420076
450;450;1.99536;-0.420076
450;450;1.99536;-0.420076
450;450;0.420052;-1.89023
450;450;2.51958;-2.30961
450;450;-1.5775;-1.78783
450;450;-1.05123;2.83833
450;450;-0.945889;1.78668
450;450;1.15615;-0.945945
450;450;-2.20682;1.47121
450;450;-2.41826;1.68227
450;450;-1.78908;2.631
450;450;0.841872;0.105234
450;450;2.20914;1.89355
450;450;-2.20824;-2.41854
450;450;1.15656;-2.41826
450;450;-0.31537;1.05123
450;450;-1.78616;2.52164
450;450;-1.78616;2.52164
450;450;0.736122;-0.630961
450;450;0.736122;-0.630961
450;450;-0.31572;0.526201
450;450;-0.31572;0.526201
450;450;0.52617;-0.420936
450;450;0.210382;-1.36748
450;450;0.210382;-1.36748
450;450;-0.420567;-2.41826
450;450;-0.420567;-2.41826
450;450;0.315168;-1.78595
450;450;0.315168;-1.78595
450;450;-5.68434e-14;-2.31109
450;450;1.26074;1.78605
450;450;1.26074;1.78605
450;450;1.26074;1.78605
450;450;2.20643;-1.68109
450;450;-1.36589;0.525341
450;450;1.4719;-1.57703
450;450;-2.31407;0.105185
450;450;1.4731;0.946995
450;450;-0.841921;-0.31572
450;450;2.31501;1.36796
450;450;2.31501;1.36796
450;450;-1.36732;2.31393
450;450;0.525126;0.735177
450;450;0.525126;0.735177
450;450;0.525126;0.735177
450;450;1.7847;-1.88968
450;450;-1.67982;-0.104988
450;450;-1.67982;-0.104988
450;450;-0.419929;1.88968
450;450;-1.04976;1.7846
450;450;2.62532;-0.945117
450;450;-2.10063;-0.105031
450;450;-2.10063;-0.105031
450;450;-0.630961;-0.10516
450;450;-0.73638;0.420788
450;450;-0.841823;-1.47319
450;450;1.68473;1.68473
450;450;1.68473;1.68473
450;450;2.0019;-0.31609
450;450;1.79139;-1.89676
450;450;1.79139;-1.89676
450;450;0.737069;0.315887
450;450;0.737069;0.315887
450;450;2.20991;1.26281
450;450;2.52473;1.26237
450;450;2.52473;1.26237
450;450;0.21048;-2.21004
450;450;0.21048;-2.21004
450;450;-0.736724;2.31542
450;450;-0.736724;2.31542
450;450;-0.736724;2.31542
450;450;0.526047;1.99898
450;450;0.526047;1.99898
450;450;0.526047;1.99898
450;450;-0.10516;1.15676
450;450;-1.4725;-0.946608
450;450;1.0513;1.7872
450;450;-0.210198;-5.68434e-14
450;450;-0.210198;-5.68434e-14
450;450;-0.63074;0.63074
450;450;-0.420543;-0.210271
450;450;-0.420543;-0.210271
450;450;-0.420543;-0.210271
450;450;0.315518;-5.68434e-14
450;450;0.73638;0.73638
450;450;0.105228;1.47319
450;450;0.526293;-0.421034
450;450;0.526293;-0.421034
450;450;0.526293;-0.421034
450;450;1.36852;0.947438
450;450;-1.89488;1.26325
450;450;-2.42123;-0.947438
450;450;-2.42123;-0.947438
450;450;2.5268;-0.526416
450;450;2.20966;-0.736552
450;450;2.20966;-0.736552
450;450;1.26355;1.05296
450;450;-5.68434e-14;-0.31585
450;450;-5.68434e-14;-0.421231
450;450;-0.210591;-0.210591
450;450;-0.210591;-0.210591
450;450;0.526447;-1.89521
450;450;0.63181;-1.05302
450;450;-1.36876;2.10579
450;450;-0.21048;-1.68384
450;450;-2.10333;0.946497
450;450;0.420297;2.62686
450;450;2.10075;2.73097
450;450;-1.0508;-1.0508
450;450;2.20914;-0.105197
450;450;-1.89421;0.420936
450;450;-1.79002;2.00062
450;450;1.47336;1.47336
450;450;-1.9991;-0.631293
450;450;-1.9991;-0.631293
450;450;-1.9991;-0.631293
450;450;-1.99898;-0.946885
450;450;-0.946774;-0.420788
450;450;-1.15676;-0.21032
450;450;-1.15676;-0.21032
450;450;2.2103;-0.42101
450;450;-1.26251;2.10419
450;450;1.15737;2.41996
450;450;-0.526201;-2.73624
450;450;1.05179;-1.26214
450;450;-1.99723;2.73305
450;450;-0.631109;2.62962
450;450;1.36756;0.631183
450;450;0.315462;0.315462
450;450;0.525648;0.735907
450;450;0.525463;-0.210185
450;450;1.3662;0.840741
450;450;-2.2072;-2.1021
450;450;1.6808;1.57575
450;450;0.630372;1.68099
450;450;0.525218;-1.6807
450;450;0.314984;-1.25994
450;450;-1.99525;-0.210026
450;450;-1.99525;-0.210026
450;450;-1.99525;-0.210026
450;450;-1.99525;-0.210026
450;450;-1.0497;-0.20994
450;450;-1.36398;-1.04921
450;450;-1.36398;-1.04921
450;450;-1.36398;-1.04921
450;450;-1.7846;1.25971
450;450;1.36541;0.945282
450;450;1.36541;0.945282
450;450;-1.57565;0.735305
450;450;1.57556;-2.10075
450;450;0.735735;-2.52252
450;450;-2.10222;-1.05111
450;450;-2.10222;-1.05111
450;450;1.36501;1.57501
450;450;1.36501;1.57501
450;450;1.36469;-0.314929
450;450;1.36469;-0.314929
450;450;-1.1546;3.04396
450;450;1.99339;0.104915
450;450;-2.20309;-0.314727
450;450;-0.209745;-0.314617
450;450;1.78304;-2.30746
450;450;-0.734234;2.41248
450;450;2.09818;1.88836
450;450;2.09818;1.88836
450;450;2.09818;1.88836
450;450;-0.314874;1.36445
450;450;-0.315112;-0.8403
450;450;-2.52267;-0.420444
450;450;-2.52267;-0.420444
450;450;-1.4707;0.315149
450;450;2.31109;-0.840398
450;450;2.52119;-1.78585
450;450;2.20733;-2.20733
450;450;2.20733;-2.20733
450;450;-1.15588;1.0508
450;450;0.630335;1.99606
450;450;0.630335;1.99606
450;450;0.630335;1.99606
450;450;-1.05105;-1.78678
450;450;2.20733;-1.57667
450;450;0.736079;-1.68247
450;450;0.736079;-1.68247
450;450;0.420862;1.3678
450;450;0.420862;1.3678
450;450;0.420862;1.3678
450;450;-0.421873;0.63281
450;450;2.00237;2.00237
450;450;-0.948381;-2.42364
450;450;-0.105339;1.47474
450;450;-1.36804;0.947106
450;450;-0.10532;-0.10532
450;450;-0.421305;-0.105326
450;450;-0.421305;-0.105326
450;450;0.949103;0.949103
450;450;0.210677;2.00144
450;450;0.105197;0.73638
450;450;-1.15669;-0.210308
450;450;-1.05203;-0.946829
450;450;2.52326;1.89244
450;450;-1.57713;-2.5234
450;450;-1.57713;-2.5234
450;450;-1.5774;-0.630961
450;450;-1.5774;-0.630961
450;450;1.78564;-1.89067
450;450;0.420052;0.105013
450;450;-0.524912;-1.99466
450;450;0.945337;-2.5209
450;450;2.2072;-1.15615
450;450;2.2072;-1.15615
450;450;2.2072;-1.15615
450;450;0.210394;-1.78835
450;450;1.68197;-0.31537
450;450;1.68207;1.0513
450;450;2.20695;-0.210185
450;450;2.20695;-0.210185
450;450;2.20695;-0.210185
450;450;0.105209;1.05209
450;450;-1.3674;-1.05185
450;450;-1.3674;-1.05185
450;450;0.735177;0.840202
450;450;-0.209952;-0.83981
450;450;-0.209952;-0.83981
450;450;-0.209952;-0.83981
450;450;-1.05019;-0.630115
450;450;-1.05019;-0.630115
450;450;-0.630556;0.525463
450;450;-0.210333;-0.841331
450;450;-0.526201;1.0524
450;450;-0.526201;1.0524
450;450;-0.842611;-0.526632
450;450;1.47431;0.315924
450;450;1.47431;0.315924
450;450;0.631773;-1.26355
450;450;1.05326;0.526632
450;450;1.05326;0.526632
450;450;1.05326;0.526632
450;450;-0.420616;2.10308
450;450;1.36628;-1.99688
450;450;-0.735305;-1.89079
450;450;-0.735305;-1.89079
450;450;1.15548;2.416
450;450;1.15548;2.416
450;450;-1.15487;-2.30975
450;450;1.36461;-2.20437
450;450;1.36461;-2.20437
450;450;0.525924;-0.736294
450;450;1.99629;1.05068
450;450;1.99629;1.05068
450;450;1.36549;0.945337
450;450;1.36549;0.945337
450;450;1.78376;-0.734491
450;450;-0.524667;1.2592
450;450;-0.524667;1.2592
450;450;-1.15541;0.42015
450;450;1.57547;-1.05031
450;450;0.315241;2.73209
450;450;0.945558;1.15568
450;450;0.945558;1.15568
450;450;0.105105;-0.315315
450;450;0.105105;-0.315315
450;450;-0.734748;0.629784
450;450;-0.734748;0.629784
450;450;0.525985;0.946774
450;450;0.525985;0.946774
450;450;2.1048;-5.68434e-14
450;450;2.1048;-5.68434e-14
450;450;2.1048;-5.68434e-14
450;450;-1.36676;-2.10271
450;450;-1.89554;-0.631847
450;450;1.47388;-5.68434e-14
450;450;1.47388;-5.68434e-14
450;450;-1.36884;-2.10591
450;450;-1.36884;-2.10591
450;450;-2.2103;-5.68434e-14
450;450;-2.2103;-5.68434e-14
450;450;-1.3682;1.57869
450;450;1.78866;1.05216
450;450;1.78866;1.05216
450;450;1.15636;-0.735864
450;450;1.15636;-0.735864
450;450;1.15636;-0.735864
450;450;0.842808;0.316053
450;450;-0.63181;0.842414
450;450;-0.63181;0.842414
450;450;-0.420911;-0.631367
450;450;-0.420911;-0.631367
450;450;0.841282;-1.89288
450;450;0.841282;-1.89288
450;450;-0.630519;2.20682
450;450;-0.736638;-1.15757
450;450;-0.736638;-1.15757
450;450;-1.47302;1.89388
450;450;-1.47302;1.89388
450;450;0.31561;1.36764
450;450;1.99886;1.57805
450;450;1.68335;2.31461
450;450;1.15805;1.15805
450;450;1.15805;1.15805
450;450;1.05289;0.842315
450;450;1.15751;0.947051
450;450;-0.736165;0.105166
450;450;1.57713;-2.62854
450;450;1.57713;-2.62854
450;450;1.57713;-2.62854
450;450;-0.630851;-0.315425
450;450;-0.630851;-0.315425
450;450;-5.68434e-14;-1.05074
450;450;-5.68434e-14;-1.05074
450;450;0.525586;0.630703
450;450;-1.36684;0.420567
450;450;2.73018;-1.99513
450;450;0.945503;-2.31123
450;450;-2.20849;0.630998
450;450;1.36772;1.26251
450;450;1.15852;-0.315961
450;450;1.15852;-0.315961
450;450;-0.631109;0.946663
450;450;0.73694;0.210554
450;450;-0.526231;0.210493
450;450;-1.47207;1.68237
450;450;-1.47207;1.68237
450;450;-1.47207;1.68237
450;450;-2.73129;0.840398
450;450;1.36493;1.15494
450;450;-0.209622;-1.46736
450;450;-1.05031;-0.630188
450;450;0.315131;0.105044
450;450;-0.315518;2.73449
450;450;-0.315518;2.73449
450;450;-1.05068;-0.315204
450;450;-1.05068;-0.315204
450;450;-1.05068;-0.315204
450;450;-1.8961;0.105339
450;450;2.00413;-2.32057
450;450;-0.738278;-0.63281
450;450;-5.68434e-14;0.738148
450;450;0.526755;-0.842808
450;450;-5.68434e-14;0.105357
450;450;0.421256;0.210628
450;450;1.05179;0.946608
450;450;-0.947161;-0.631441
450;450;-1.05277;0.210554
450;450;-0.105289;-1.15818
450;450;0.736983;-0.842266
450;450;0.105289;-0.421158
450;450;0.105289;-0.421158
450;450;-2.00015;1.78961
450;450;0.105296;-0.842364
450;450;0.210579;0.105289
450;450;-0.525832;1.89299
450;450;-0.736122;-5.68434e-14
450;450;-1.26229;-1.47267
450;450;0.736983;-0.631699
450;450;-1.05166;-0.420665
450;450;1.15615;0.525525
450;450;-1.78929;-0.631515
450;450;-1.78929;-0.631515
450;450;-0.631367;-0.841823
450;450;-0.631367;-0.841823
450;450;0.10537;2.73961
450;450;1.58138;-1.6868
450;450;1.58138;-1.6868
450;450;1.89876;1.89876
450;450;1.89876;1.89876
450;450;-0.737673;-2.52916
450;450;-0.737673;-2.52916
450;450;-0.210149;0.525371
450;450;-0.210149;0.525371
450;450;-0.210149;0.525371
450;450;-1.04995;2.09989
450;450;-1.99525;2.31029
450;450;2.10222;-1.15622
450;450;-1.05148;2.20811
450;450;1.57676;2.83817
450;450;1.57676;2.83817
450;450;1.57676;2.83817
450;450;-0.524973;1.8899
450;450;0.839761;0.524851
450;450;1.78574;-0.210087
450;450;-1.15609;0.210198
450;450;2.31204;-0.840741
450;450;1.68227;-0.841134
450;450;0.736079;-1.15669
450;450;0.736079;-1.15669
450;450;0.841183;0.52574
450;450;2.20798;-2.20798
450;450;2.20798;-2.20798
450;450;0.420665;0.946497
450;450;0.526139;-1.99933
450;450;0.526139;-1.99933
450;450;-0.105252;-0.42101
450;450;-0.842315;-0.947605
450;450;0.420838;0.736466
450;450;0.210357;0.946608
450;450;-1.57556;-0.945337
450;450;0.209891;-0.944511
450;450;-1.15413;-0.314763
450;450;2.62226;-0.419562
450;450;-5.68434e-14;-5.68434e-14
450;450;-0.314965;-0.629931
450;450;-0.314965;-0.629931
450;450;-0.314837;-0.944511
450;450;-0.20994;1.15467
450;450;0.840594;-2.62686
450;450;0.840594;-2.62686
450;450;-0.736036;-1.78751
450;450;0.630888;-1.78751
450;450;0.630888;-1.78751
450;450;0.105154;-0.315462
450;450;-1.26178;-0.420592
450;450;-1.26178;-0.420592
450;450;-1.26178;-0.420592
450;450;-5.68434e-14;-0.630188
450;450;-5.68434e-14;-0.630188
450;450;-1.04878;0.734149
450;450;1.78034;-1.36144
450;450;1.78034;-1.36144
450;450;1.78034;-1.36144
450;450;-0.104775;-2.72414
450;450;2.3045;-0.314251
450;450;-0.523903;0.733465
450;450;1.67708;-2.09635
450;450;-1.04903;-1.25883
450;450;-1.04903;-1.25883
450;450;-1.04903;-1.25883
450;450;1.46838;2.09769
450;450;-1.25869;1.99292
450;450;-1.25869;1.99292
450;450;1.46847;-2.09781
450;450;-0.104927;-0.839418
450;450;-0.104927;-0.839418
450;450;-0.629968;1.15494
450;450;-0.420052;-0.105013
450;450;-0.629968;0.839957
450;450;1.25971;-1.7846
450;450;0.944676;2.30921
450;450;-1.25898;1.88847
450;450;1.04952;2.8337
450;450;-1.36764;-2.41967
450;450;-1.36764;-2.41967
450;450;-2.4177;-0.105117
450;450;-2.4177;-0.105117
450;450;2.10149;-1.26089
450;450;2.10149;-1.26089
450;450;2.10149;-1.26089
450;450;-1.26016;-0.525065
450;450;-1.78543;1.89045
450;450;-1.78543;1.89045
450;450;0.735606;-1.78647
450;450;1.0513;1.26155
450;450;-1.78866;-1.3678
450;450;1.89399;2.4201
450;450;-1.68365;-1.8941
450;450;0.526108;-1.89399
450;450;-0.631072;2.20875
450;450;-1.4719;1.99758
450;450;-1.4719;1.99758
450;450;-1.4719;1.99758
450;450;-5.68434e-14;1.36557
450;450;-0.315333;-1.36644
450;450;-0.315333;-1.36644
450;450;0.420322;-0.945724
450;450;0.420322;-0.945724
450;450;0.420322;-0.945724
450;450;1.2617;1.2617
450;450;-0.840202;-1.47035
450;450;-1.67893;-5.68434e-14
450;450;-1.46898;-1.78376
450;450;-1.46898;-1.78376
450;450;0.630851;2.20798
450;450;0.630851;2.20798
450;450;0.105246;1.47345
450;450;-1.57879;2.52606
450;450;0.210665;1.89599
450;450;1.89787;-0.843499
450;450;-5.68434e-14;-0.316053
450;450;0.210665;-0.526663
450;450;-1.15825;-0.842364
450;450;-1.15825;-0.842364
450;450;-0.210517;1.2631
450;450;-0.737587;-0.948326
450;450;-0.737587;-0.948326
450;450;-0.737587;-0.948326
450;450;-0.526786;1.475
450;450;0.105302;-0.63181
450;450;0.105302;-0.63181
450;450;-0.315942;-2.21159
450;450;-0.947715;-1.89543
450;450;-0.947715;-1.89543
450;450;1.47526;-1.89676
450;450;1.47526;-1.89676
450;450;-1.79055;-1.26392
450;450;-1.79055;-1.26392
450;450;-0.210333;2.52399
450;450;-0.210333;2.52399
450;450;-0.210333;2.52399
450;450;-1.88968;1.67972
450;450;-1.88968;1.67972
450;450;2.09574;0.943081
450;450;0.104854;-1.67766
450;450;-1.15724;-0.736423
450;450;0.315776;1.15784
450;450;1.89377;-1.47293
450;450;-0.73694;-2.3161
450;450;-0.73694;-2.3161
450;450;-0.210284;1.57713
450;450;0.630519;2.52208
450;450;-0.734791;0.944731
450;450;1.99385;-1.67903
450;450;1.99385;-1.67903
450;450;0.839957;-0.314984
450;450;0.839957;-0.314984
450;450;0.839957;-0.314984
450;450;0.629711;-0.104952
450;450;1.78585;0.945448
450;450;2.416;-1.78574
450;450;-1.9956;0.315094
450;450;-0.315204;-0.210136
450;450;0.62927;2.09757
450;450;2.30652;0.943575
450;450;1.67659;0.31436
450;450;0.733379;1.9906
450;450;-0.943575;-0.314525
450;450;-0.943575;-0.314525
450;450;-1.78439;-0.419856
450;450;-1.78439;-0.419856
450;450;-1.25994;1.25994
450;450;1.15494;0.944951
450;450;-2.30948;-0.734834
450;450;0.314892;1.36453
450;450;1.88858;-1.4689
450;450;-1.78272;-0.209732
450;450;-0.419489;0.94385
450;450;0.943026;-0.419123
450;450;0.943026;-0.419123
450;450;0.943026;-0.419123
450;450;1.99199;1.15326
450;450;0.419489;-1.25847
450;450;-1.15333;0.629087
450;450;-1.15333;0.629087
450;450;1.88627;0.104793
450;450;-0.419172;0.628757
450;450;-2.09586;-5.68434e-14
450;450;-0.942971;1.15252
450;450;1.36215;1.57171
450;450;-2.30611;-0.104823
450;450;-1.88693;0.10483
450;450;1.67815;0.314653
450;450;-0.734234;-2.41248
450;450;1.46855;0.209793
450;450;1.46855;0.209793
450;450;1.46855;0.209793
450;450;0.209916;2.83386
450;450;-1.68109;-0.525341
450;450;1.8909;-1.78585
450;450;-2.41445;2.51943
450;450;-1.57538;-3.04573
450;450;1.57556;2.73097
450;450;0.314947;1.7847
450;450;0.629857;1.99455
450;450;0.629857;1.99455
450;450;1.78553;-2.31069
450;450;-1.68138;-0.420346
450;450;-1.36732;0.105179
450;450;-1.36732;0.105179
450;450;-0.420862;-0.526078
450;450;-0.420862;-0.526078
450;450;1.89244;-1.4719
450;450;-5.68434e-14;0.525126
450;450;-5.68434e-14;0.525126
450;450;-1.88946;0.41988
450;450;-0.525096;-1.36525
450;450;-0.105136;-1.05136
450;450;-0.315039;-1.89023
450;450;-0.314892;-2.20424
450;450;2.20489;-1.67991
450;450;-1.89079;-0.210087
450;450;-1.89079;-0.210087
450;450;1.15555;2.20604
450;450;-0.315039;1.68021
450;450;-1.46984;2.30975
450;450;-1.46984;2.62471
450;450;-1.46984;2.62471
450;450;-0.21005;-2.41558
450;450;-1.26155;-1.57694
450;450;-0.210112;-2.31123
450;450;-5.68434e-14;2.62563
450;450;-0.105007;0.840055
450;450;-1.05007;0.525034
450;450;-1.05007;0.525034
450;450;-1.05007;0.525034
450;450;1.26074;-2.62655
450;450;-1.47078;-0.315168
450;450;1.05099;-2.31217
450;450;1.05099;-2.31217
450;450;-1.2617;-1.2617
450;450;-1.2617;-1.2617
450;450;-0.21032;-0.736122
450;450;-0.21032;-0.736122
450;450;1.67972;0.419929
450;450;1.67972;0.419929
450;450;0.419513;-5.68434e-14
450;450;-0.314031;0.837417
450;450;-0.418879;-1.5708
450;450;1.15299;-5.68434e-14
450;450;1.15299;-5.68434e-14
450;450;-0.314489;-0.314489
450;450;-0.314489;-0.314489
450;450;-1.15333;-1.25817
450;450;-0.524636;-1.1542
450;450;-0.524636;-1.1542
450;450;-5.68434e-14;1.78408
450;450;1.15427;0.734534
450;450;-1.9949;0.314984
450;450;-1.9949;0.314984
450;450;-0.419758;1.25927
450;450;0.733978;-0.52427
450;450;0.733978;-0.52427
450;450;-0.104854;-1.25825
450;450;-0.104854;-1.25825
450;450;0.734705;-1.15454
450;450;0.629747;-2.41403
450;450;-5.68434e-14;-1.04958
450;450;-0.839516;-1.15433
450;450;-1.36398;2.62303
450;450;1.3635;-2.93677
450;450;-5.68434e-14;-0.419685
450;450;-1.0494;-1.57409
450;450;0.839467;0.6296
450;450;-0.104854;0.104854
450;450;2.30907;-1.78428
450;450;-0.8403;1.26045
450;450;-0.210063;-0.315094
450;450;1.57547;2.10063
450;450;-0.838392;-1.04799
450;450;0.209464;1.04732
450;450;2.30236;-0.313958
450;450;1.36017;2.30183
450;450;-5.68434e-14;0.733508
450;450;-2.09757;-1.15366
450;450;-2.09757;-1.15366
450;450;-5.68434e-14;-0.629637
450;450;-5.68434e-14;-0.629637
450;450;-1.4689;0.629527
450;450;-1.47018;2.31029
450;450;-1.47018;2.31029
450;450;-1.0505;-0.2101
450;450;0.420297;-5.68434e-14
450;450;-0.52531;1.57593
450;450;0.840594;0.420297
450;450;0.840594;0.420297
450;450;0.840594;0.420297
450;450;-0.21021;-1.36636
450;450;0.525617;0.105123
450;450;0.525617;0.105123
450;450;0.947605;0.526447
450;450;0.947605;0.526447
450;450;-0.105099;0.420395
450;450;-1.78574;1.15548
450;450;-1.78574;1.15548
450;450;-0.105001;-0.735005
450;450;-0.105001;-0.735005
450;450;-5.68434e-14;-0.315333
450;450;1.15602;1.05093
450;450;1.15602;1.05093
450;450;0.73552;-0.525371
450;450;-1.05062;-0.315186
450;450;1.26023;0.945172
450;450;1.26023;0.945172
450;450;1.15494;0.524973
450;450;-1.57474;-0.629894
450;450;-1.57474;-0.629894
450;450;-1.57474;-0.629894
450;450;1.88968;-1.46975
450;450;-0.629857;-2.51943
450;450;-0.629857;-2.51943
450;450;-0.629894;1.36477
450;450;1.78428;2.20412
450;450;0.734577;2.20373
450;450;-1.57455;1.15467
450;450;1.04988;-5.68434e-14
450;450;-1.57483;0.629931
450;450;-1.57483;0.629931
450;450;1.67933;-1.46941
450;450;-1.25971;-0.83981
450;450;0.839908;1.67982
450;450;-0.314855;0.944566
450;450;-1.57409;-0.524698
450;450;-1.57409;-0.524698
450;450;1.04872;-5.68434e-14
450;450;-1.88737;-2.09708
450;450;0.62905;-1.78231
450;450;-1.57272;0.94363
450;450;0.733764;-1.57235
450;450;1.25803;1.25803
450;450;-0.838831;-1.99222
450;450;0.838587;0.104823
450;450;1.15319;0.629014
450;450;-1.46796;-0.838831
450;450;0.419513;-1.36342
450;450;0.419513;-1.36342
450;450;-1.78376;1.25913
450;450;0.20994;-1.88946
450;450;0.20994;-1.88946
450;450;1.25964;1.25964
450;450;0.20994;1.67952
450;450;0.20994;1.67952
450;450;-1.15528;0.840202
450;450;-1.05062;-1.89112
450;450;0.735606;-2.10173
450;450;0.735606;-2.10173
450;450;0.735606;-2.10173
450;450;-1.4707;-0.10505
450;450;-1.4707;-0.10505
450;450;-1.4707;-0.10505
450;450;0.419929;-0.839859
450;450;0.524759;1.99408
450;450;0.314892;1.1546
450;450;0.314892;1.1546
450;450;-0.314892;0.839712
450;450;-0.314892;0.839712
450;450;-0.524912;1.7847
450;450;-0.524912;1.7847
450;450;1.0497;1.46958
450;450;-1.15433;-5.68434e-14
450;450;-1.15433;-5.68434e-14
450;450;0.629527;0.524606
450;450;0.629527;0.524606
450;450;1.1542;1.88869
450;450;1.78324;1.04897
450;450;1.25847;-1.67796
450;450;1.46761;-0.419318
450;450;-1.25898;0.104915
450;450;1.78293;-1.36342
450;450;2.09769;-5.68434e-14
450;450;1.57226;1.25781
450;450;1.57226;1.25781
450;450;0.838587;0.943411
450;450;-1.36382;1.78345
450;450;2.09916;1.9942
450;450;-0.419758;-0.419758
450;450;-0.419758;-0.419758
450;450;-0.419758;-0.419758
450;450;-0.525218;0.630262
450;450;-1.36549;-0.105037
450;450;0.315076;1.2603
450;450;-1.1546;-1.4695
450;450;1.67884;1.46898
450;450;-0.419587;2.72731
450;450;-0.419587;2.72731
450;450;-1.78272;2.20219
450;450;0.734191;1.99281
450;450;0.734191;1.99281
450;450;1.36453;2.20424
450;450;1.36453;2.20424
450;450;-1.25942;0.419807
450;450;-1.25942;0.419807
450;450;-1.78304;0.419538
450;450;-2.72716;1.57336
450;450;-2.41685;-0.735563
450;450;-1.36493;-2.09989
450;450;-1.36493;-2.09989
450;450;-2.2054;-1.57529
450;450;0.315204;-0.210136
450;450;-0.734577;0.419758
450;450;1.67854;0.629454
450;450;-2.41544;1.36525
450;450;-5.68434e-14;0.314562
450;450;-1.4677;-1.4677
450;450;1.15279;-0.523995
450;450;0.209598;-1.25759
450;450;-1.15306;-2.09647
450;450;-1.15306;-2.09647
450;450;-1.88825;-0.104903
450;450;1.67805;2.09757
450;450;0.62894;0.209647
450;450;0.62894;0.209647
450;450;-0.314507;0.629014
450;450;-0.314507;0.629014
450;450;2.30638;1.4677
450;450;-1.36318;-0.83888
450;450;-2.20412;1.57437
450;450;-2.20412;1.57437
450;450;-1.26178;-1.68237
450;450;0.420985;2.31542
450;450;0.315536;-0.736251
450;450;-5.68434e-14;1.47035
450;450;-5.68434e-14;1.47035
450;450;1.57611;-0.105074
450;450;1.57611;-0.105074
450;450;1.57611;-0.105074
450;450;-5.68434e-14;0.73552
450;450;0.630262;-2.10087
450;450;1.04946;-1.25935
450;450;0.104872;0.734106
450;450;0.104872;0.734106
450;450;0.104872;0.734106
450;450;-0.10497;-0.839761
450;450;-0.315204;1.68109
450;450;-0.315204;1.68109
450;450;-5.68434e-14;1.15582
450;450;-0.10508;0.630482
450;450;-0.10508;0.630482
450;450;-0.945117;-1.89023
450;450;-0.945117;-1.89023
450;450;0.20994;0.944731
450;450;0.314837;0.629674
450;450;0.314837;0.629674
450;450;2.09769;-0.524422
450;450;2.09769;-0.524422
450;450;0.209732;-0.314598
450;450;1.99339;0.734405
450;450;1.99339;0.734405
450;450;-1.99327;0.94418
450;450;-0.83888;-1.0486
450;450;0.524117;-1.25788
450;450;-1.15265;0.943081
450;450;-1.15265;0.943081
450;450;-1.36382;0.314727
450;450;2.30786;-1.78335
450;450;0.209781;0.524453
450;450;-2.09855;0.419709
450;450;1.25986;0.419954
450;450;0.315094;-0.840251
450;450;0.315094;-0.840251
450;450;1.47138;1.68158
450;450;-0.840889;0.315333
450;450;-0.840889;0.315333
450;450;1.57731;1.47216
450;450;1.57731;1.47216
450;450;0.315462;-1.05154
450;450;1.26244;2.41967
450;450;1.26244;2.41967
450;450;-1.89344;1.78825
450;450;-1.47181;1.99746
450;450;-1.47181;1.99746
450;450;-1.47181;1.99746
450;450;1.8909;-0.525249
450;450;-0.630593;1.26119
450;450;0.105185;1.68296
450;450;0.105185;1.68296
450;450;1.79034;-2.00097
450;450;1.79034;-2.00097
450;450;1.79034;-2.00097
450;450;-5.68434e-14;1.89388
450;450;-5.68434e-14;1.89388
450;450;-5.68434e-14;1.89388
450;450;-0.946276;1.89255
450;450;1.26178;-1.05148
450;450;0.946387;1.367
450;450;0.10516;-0.420641
450;450;0.10516;-0.420641
450;450;-1.68266;-2.20849
450;450;-1.68266;-2.20849
450;450;-1.68266;-2.20849
450;450;1.89344;-2.41939
450;450;2.52399;-1.36716
450;450;2.31339;-1.99793
450;450;1.36756;-1.68315
450;450;-0.420764;1.47267
450;450;-1.78814;1.78814
450;450;-0.946608;-0.420715
450;450;2.10333;0.630998
450;450;1.15683;-0.630998
450;450;-1.47259;-1.99851
450;450;-1.47259;-1.99851
450;450;-0.315591;2.41953
450;450;2.31447;-1.99886
450;450;2.31447;-1.99886
450;450;-1.05234;0.841872
450;450;1.05148;0.420592
450;450;-1.4719;1.15649
450;450;-1.4719;1.15649
450;450;-0.210296;0.736036
450;450;-0.210296;0.736036
450;450;-0.840987;0.420493
450;450;-0.525709;-1.68227
450;450;-0.525709;-1.68227
450;450;-1.05148;0.946331
450;450;0.841577;0.420788
450;450;-1.3686;-0.73694
450;450;-5.68434e-14;2.2103
450;450;-0.315905;0.421207
450;450;-0.631884;0.210628
450;450;0.736853;-0.526324
450;450;2.31501;-0.210456
450;450;1.05216;-5.68434e-14
450;450;1.05216;-5.68434e-14
450;450;1.78846;-0.31561
450;450;1.78846;-0.31561
450;450;1.78846;-0.31561
450;450;-1.3662;-5.68434e-14
450;450;0.525463;-0.315278
450;450;0.525463;-0.315278
450;450;-0.735606;0.945779
450;450;1.36892;-1.05302
450;450;-1.68532;-0.84266
450;450;1.15778;1.05252
450;450;-0.315591;0.420788
450;450;-0.945724;-0.630482
450;450;-0.105031;1.15534
450;450;-0.105031;1.15534
450;450;-0.105031;1.15534
450;450;1.57602;-1.26082
450;450;1.57602;-1.26082
450;450;0.94396;-1.57327
450;450;-2.20078;-2.41038
450;450;0.838197;1.67639
450;450;0.419269;0.838538
450;450;0.419269;0.838538
450;450;0.41944;-1.5729
450;450;-0.209769;-0.524422
450;450;-0.839516;-1.25927
450;450;-0.734662;-1.57428
450;450;-2.73034;-1.36517
450;450;0.315131;-2.73113
450;450;0.315131;-2.73113
450;450;0.315131;-2.73113
450;450;0.945889;0.315296
450;450;0.945889;0.315296
450;450;0.630004;-0.735005
450;450;2.41657;-2.3115
450;450;2.41657;-2.3115
450;450;2.41657;-2.3115
450;450;-1.15447;2.30894
450;450;-1.99315;-0.524514
450;450;-1.99315;-0.524514
450;450;-1.57382;-0.94429
450;450;1.89156;-1.36613
450;450;0.631035;1.99828
450;450;-0.946221;2.62839
450;450;-0.946221;2.62839
450;450;-0.210406;-1.05203
450;450;1.68325;-0.631219
450;450;-0.631072;1.68286
450;450;2.10394;-1.26237
450;450;-1.89333;0.21037
450;450;-0.630593;1.15609
450;450;1.57639;-0.630556
450;450;1.57639;-0.630556
450;450;0.52657;-0.315942
450;450;-0.316275;1.6868
450;450;-0.316275;1.6868
450;450;-0.105536;2.21626
450;450;-0.105536;2.21626
450;450;0.316665;1.68888
450;450;0.316665;1.68888
450;450;1.78856;0.946885
450;450;1.78856;0.946885
450;450;1.78856;0.946885
450;450;0.526047;0.631256
450;450;-0.525678;-1.57703
450;450;-0.525678;-1.57703
450;450;-5.68434e-14;-0.210149
450;450;0.735821;-1.47164
450;450;0.735821;-1.47164
450;450;-2.41996;-0.105216
450;450;0.737069;1.68473
450;450;-0.421034;-2.10517
450;450;1.05154;-1.78762
450;450;-0.630851;-1.05142
450;450;1.68129;1.0508
450;450;1.68129;1.0508
450;450;0.630299;0.840398
450;450;0.630299;0.840398
450;450;1.36613;-0.420346
450;450;-1.47001;-0.420003
450;450;-1.47001;-0.420003
450;450;0.63074;2.83833
450;450;-2.21198;2.73865
450;450;-2.31718;1.26392
450;450;-2.31718;1.26392
450;450;-2.31718;1.26392
450;450;-2.00237;1.47543
450;450;-2.00237;1.47543
450;450;-2.10739;-0.421478
450;450;1.47474;0.210677
450;450;1.47474;0.210677
450;450;-0.842562;1.47448
450;450;-0.842562;1.47448
450;450;-0.631736;-1.57934
450;450;1.05197;-2.62993
450;450;1.05197;-2.62993
450;450;-1.05191;-2.3142
450;450;1.89322;-0.631072
450;450;1.89322;-0.631072
450;450;1.89322;-0.631072
450;450;-1.36676;0.105136
450;450;1.8899;-1.78491
450;450;-1.46898;-2.20347
450;450;-1.46898;-2.20347
450;450;-2.31163;0.945669
450;450;-2.31163;0.945669
450;450;-2.31163;0.945669
450;450;-2.31163;0.945669
450;450;-0.105142;1.89255
450;450;-0.630667;-0.420444
450;450;1.26016;-1.89023
450;450;-0.83981;0.629857
450;450;-1.05001;0.735005
450;450;-1.05001;0.735005
450;450;-1.05001;0.735005
450;450;-0.734962;-1.36493
450;450;0.104964;0.104964
450;450;0.104964;0.104964
450;450;0.524728;1.1544
450;450;-0.944896;-1.46984
450;450;-0.839908;-1.46984
450;450;-0.839908;-1.46984
450;450;-0.946221;2.31298
450;450;-0.946221;2.31298
450;450;-0.210591;0.526478
450;450;0.105259;-0.315776
450;450;0.105259;-0.315776
450;450;0.420862;-0.210431
450;450;0.420862;-0.210431
450;450;0.420862;-0.210431
450;450;0.210431;-1.26259
450;450;0.210431;-1.26259
450;450;-5.68434e-14;1.05252
450;450;-5.68434e-14;1.05252
450;450;-0.420961;-0.736681
450;450;0.210505;-0.210505
450;450;0.210505;-0.210505
450;450;0.315813;0.421084
450;450;-1.26251;0.315628
450;450;-1.26251;0.315628
450;450;-1.26251;0.315628
450;450;-0.525955;-0.841528
450;450;1.89421;0.841872
450;450;-0.105252;-0.736767
450;450;-2.20966;0.63133
450;450;-1.36836;0.73681
450;450;-1.36836;0.73681
450;450;1.78908;-1.47336
450;450;-0.31561;0.210406
450;450;-0.31561;0.210406
450;450;0.420027;3.15021
450;450;0.420027;3.15021
450;450;1.57611;-2.94208
450;450;2.41614;-2.101
450;450;0.525678;0.525678
450;450;0.210542;-0.631626
450;450;0.315684;1.8941
450;450;0.315684;1.8941
450;450;-0.525371;2.31163
450;450;-0.944951;-5.68434e-14
450;450;-0.630004;-1.89001
450;450;-0.525249;-1.6808
450;450;1.05056;2.10112
450;450;-1.89167;1.15602
450;450;0.210198;-1.78668
450;450;-0.105037;1.15541
450;450;1.04976;-0.209952
450;450;1.04976;-0.209952
450;450;-1.36541;-2.10063
450;450;2.10185;-0.315278
450;450;0.210247;2.20759
450;450;-5.68434e-14;1.47199
450;450;0.73522;-5.68434e-14
450;450;0.73522;-5.68434e-14
450;450;0.735091;0.210026
450;450;0.735091;0.210026
450;450;0.735091;0.210026
450;450;0.63074;-5.68434e-14
450;450;0.63074;-5.68434e-14
450;450;0.525648;0.841036
450;450;0.525648;0.841036
450;450;-0.105191;0.105191
450;450;1.89355;2.10394
450;450;1.89355;2.10394
450;450;1.89355;2.10394
450;450;1.7894;-2.42095
450;450;-1.05277;-1.89499
450;450;0.421503;0.948381
450;450;0.63255;0.948826
450;450;-1.89543;2.63254
450;450;-1.78699;2.10234
450;450;-0.84084;1.47147
450;450;-0.315462;-0.736079
450;450;-0.315296;0.735692
450;450;-0.315296;0.735692
450;450;0.210333;-0.525832
450;450;0.210333;-0.525832
450;450;0.840791;-0.315296
450;450;0.840791;-0.315296
450;450;0.840791;-0.315296
450;450;-5.68434e-14;-1.15514
450;450;0.210161;0.210161
450;450;-1.68119;-0.105074
450;450;-0.3148;0.839467
450;450;2.30948;0.104976
450;450;0.419978;-2.41488
450;450;-5.68434e-14;1.88946
450;450;0.629417;-0.104903
450;450;-0.31458;-0.83888
450;450;0.629197;-0.419465
450;450;0.314727;-1.25891
450;450;-0.315057;2.10038
450;450;0.946;-0.105111
450;450;0.946;-0.105111
450;450;0.946;-0.105111
450;450;-0.210419;-0.841675
450;450;1.78898;1.89421
450;450;-1.36836;-0.947327
450;450;-0.315905;-0.315905
450;450;0.737069;-1.47414
450;450;-0.946995;-1.26266
450;450;-0.946995;-1.26266
450;450;0.420371;-5.68434e-14
450;450;0.420371;-5.68434e-14
450;450;0.525096;0.945172
450;450;0.525096;0.945172
450;450;-0.524851;0.31491
450;450;-1.46967;-1.7846
450;450;-1.46967;-1.7846
450;450;-0.734962;-1.25994
450;450;0.945669;0.525371
450;450;0.210185;0.630556
450;450;-1.47035;-1.99548
450;450;-1.47035;-1.99548
450;450;-1.25927;-5.68434e-14
450;450;0.944786;1.46967
450;450;0.734705;2.20412
450;450;0.734705;2.20412
450;450;-0.419416;-0.733978
450;450;1.36286;-0.209671
450;450;0.524209;-0.209683
450;450;0.524209;-0.209683
450;450;-5.68434e-14;0.419416
450;450;0.419465;1.57299
450;450;-0.628648;-0.314324
450;450;1.04708;-1.25649
450;450;1.04708;-1.25649
450;450;-0.837368;-1.98875
450;450;-0.837368;-1.98875
450;450;-0.419123;-0.838246
450;450;0.838343;1.4671
450;450;1.78179;0.83849
450;450;-1.6762;0.104762
450;450;-0.314196;-1.78044
450;450;1.46505;-2.09293
450;450;1.46539;-1.88408
450;450;-0.837563;1.36104
450;450;2.09659;-1.88693
450;450;0.209757;1.99269
450;450;-0.104903;-1.99315
450;450;1.36413;-1.78387
450;450;-5.68434e-14;0.629784
450;450;0.839418;-1.57391
450;450;1.36302;-1.46787
450;450;1.36302;-1.46787
450;450;-1.36286;1.25803
450;450;-1.36286;1.25803
450;450;-0.733849;1.36286
450;450;-1.78262;-1.46804
450;450;-1.78262;-1.46804
450;450;-1.78262;-1.46804
450;450;-0.944786;-1.7846
450;450;0.630041;-2.31015
450;450;0.735348;2.20604
450;450;0.105148;-0.315444
450;450;-0.631293;-1.78866
450;450;-0.631293;-1.78866
450;450;-0.631293;-1.78866
450;450;-0.420518;2.73337
450;450;0.420395;-0.315296
450;450;0.420395;-0.315296
450;450;0.105123;-0.63074
450;450;0.105123;-0.63074
450;450;0.105123;-0.63074
450;450;-1.68296;-1.15703
450;450;1.89266;1.68237
450;450;2.31163;1.26089
450;450;2.31163;1.26089
450;450;1.36509;-1.4701
450;450;-1.05074;1.05074
450;450;-1.05074;1.05074
450;450;-1.05074;1.05074
450;450;2.20604;-0.840398
450;450;1.78751;-2.4184
450;450;-1.05111;-1.26133
450;450;0.525371;0.105074
450;450;0.525126;0.735177
450;450;-0.944951;-0.734962
450;450;-0.944951;-0.734962
450;450;-0.944951;-0.734962
450;450;-0.52482;-0.52482
450;450;1.15373;-0.314653
450;450;1.15373;-0.314653
450;450;-0.209732;-0.734063
450;450;0.94363;2.6212
450;450;-2.30625;1.0483
450;450;1.46736;1.04811
450;450;1.46736;1.04811
450;450;1.46736;1.04811
450;450;-0.524148;1.67727
450;450;-0.524148;1.67727
450;450;0.209732;-1.46813
450;450;-1.78221;-0.943521
450;450;-1.78221;-0.943521
450;450;-0.838636;2.41108
450;450;1.15407;-1.67864
450;450;1.25957;-1.57446
450;450;1.25957;-1.57446
450;450;0.734577;1.0494
450;450;-1.78293;-0.943905
450;450;1.15346;0.62916
450;450;-1.4677;-1.78221
450;450;1.57244;0.628977
450;450;-1.782;2.09647
450;450;-1.25708;1.78086
450;450;-1.25708;1.78086
450;450;-0.10483;1.99176
450;450;0.524606;0.629527
450;450;0.524606;0.629527
450;450;1.46873;0.734363
450;450;1.46873;0.734363
450;450;1.57189;1.25751
450;450;-0.62894;-0.838587
450;450;1.46702;1.15265
450;450;1.46702;1.15265
450;450;-1.04781;0.419123
450;450;-1.04781;0.419123
450;450;-0.418733;0.942149
450;450;-0.418733;0.942149
450;450;1.67542;-1.67542
450;450;1.67542;-1.67542
450;450;0.314251;-1.36175
450;450;0.314251;-1.36175
450;450;-0.20961;0.104805
450;450;2.20245;-2.20245
450;450;-2.41234;0.419538
450;450;-1.99281;-0.734191
450;450;-0.944896;1.57483
450;450;-1.15501;-0.840006
450;450;2.09952;-1.57464
450;450;2.09952;-1.57464
450;450;0.734577;1.99385
450;450;1.7846;-2.2045
450;450;0.210063;1.26038
450;450;-0.840741;-1.99676
450;450;-0.315407;2.10271
450;450;-0.315407;2.10271
450;450;-0.315407;2.10271
450;450;1.99606;-1.89101
450;450;1.99606;-1.89101
450;450;-0.42015;-0.630225
450;450;-0.210075;-0.315112
450;450;-0.210075;-0.315112
450;450;-1.2603;0.840202
450;450;-1.2603;0.840202
450;450;-1.36509;-1.4701
450;450;-1.36509;-1.4701
450;450;-1.574;-0.524667
450;450;1.25927;-0.839516
450;450;-1.57391;1.1542
450;450;-1.57391;1.1542
450;450;-1.57391;1.1542
450;450;-1.78241;1.88726
450;450;-1.78241;1.88726
450;450;1.67757;-1.57272
450;450;1.57272;-0.104848
450;450;1.57272;-0.104848
450;450;1.57299;2.30706
450;450;1.57299;2.30706
450;450;-5.68434e-14;-2.41333
450;450;-5.68434e-14;-2.41333
450;450;-5.68434e-14;-2.41333
450;450;1.67913;1.57418
450;450;-0.209928;2.09928
450;450;-1.67942;0.419856
450;450;1.78408;-2.5187
450;450;1.88836;-1.78345
450;450;-1.04866;0.629197
450;450;2.20232;-1.46821
450;450;1.78272;-5.68434e-14
450;450;-1.99211;0.209696
450;450;-1.99211;0.209696
450;450;-1.99211;0.209696
450;450;1.25839;1.46813
450;450;-2.09769;0.839076
450;450;-2.09769;0.839076
450;450;-1.25839;-2.09732
450;450;-1.25839;-2.09732
450;450;-2.20193;-5.68434e-14
450;450;-1.67737;-1.57253
450;450;-1.67737;-1.57253
450;450;-1.78241;-0.838783
450;450;-1.78241;-0.838783
450;450;-1.99304;-1.36366
450;450;-1.99304;-1.36366
450;450;0.839614;1.67923
450;450;-5.68434e-14;2.3088
450;450;0.629527;2.30827
450;450;0.629527;2.30827
450;450;0.419831;2.30907
450;450;-2.09818;-5.68434e-14
450;450;0.944346;-5.68434e-14
450;450;-0.734405;-0.20983
450;450;-0.734405;-0.20983
450;450;-1.1546;-1.88935
450;450;-1.1546;-1.88935
450;450;-2.09989;0.734962
450;450;-2.09989;0.734962
450;450;0.105031;1.15534
450;450;-0.525249;-1.8909
450;450;-0.525249;-1.8909
450;450;-1.0516;2.62901
450;450;-1.0516;2.62901
450;450;-1.0516;2.62901
450;450;0.630482;0.840643
450;450;-1.88968;1.99466
450;450;0.840251;-1.05031
450;450;0.21021;-1.05105
450;450;0.21021;-1.05105
450;450;-1.26148;1.26148
450;450;-0.315002;1.26001
450;450;-0.315002;1.26001
450;450;-0.315002;1.26001
450;450;-0.629014;0.943521
450;450;-0.314543;-0.94363
450;450;-0.10486;-2.30692
450;450;-0.419367;1.2581
450;450;1.57308;0.209745
450;450;1.57308;0.209745
450;450;-0.104915;-1.57373
450;450;-0.104921;-0.839369
450;450;0.3148;1.36413
450;450;-0.628904;-0.524086
450;450;-0.2095;1.57125
450;450;0.104671;1.98875
450;450;-1.88441;0.628136
450;450;0.314123;-1.25649
450;450;0.732825;-2.40785
450;450;0.732825;-2.40785
450;450;-1.46522;-0.837271
450;450;-1.46522;-0.837271
450;450;1.46548;-5.68434e-14
450;450;-1.15158;-1.04689
450;450;-1.15158;-1.04689
450;450;0.104762;1.04762
450;450;0.733081;-0.837807
450;450;0.942532;0.837807
450;450;-0.942862;2.82858
450;450;1.46796;-2.09708
450;450;-5.68434e-14;-2.41262
450;450;-0.314672;-2.51737
450;450;-1.67845;2.09806
450;450;-0.94385;2.41206
450;450;-0.94385;2.41206
450;450;-0.94385;2.41206
450;450;-0.628648;0.314324
450;450;-0.628648;0.314324
450;450;-1.04823;1.25788
450;450;-1.04823;1.25788
450;450;0.104866;0.524331
450;450;-0.943795;0.943795
450;450;-0.94407;-1.99304
450;450;-0.94407;-1.99304
450;450;-0.94407;-1.99304
450;450;1.78138;1.88616
450;450;-1.99083;-1.67649
450;450;-1.99083;-1.67649
450;450;2.40813;2.19873
450;450;2.40813;2.19873
450;450;-1.36128;0.418855
450;450;-0.733123;1.46625
450;450;1.46608;1.36136
450;450;-0.209415;-0.942368
450;450;1.57034;-0.837514
450;450;1.57034;-0.837514
450;450;1.57034;-0.837514
450;450;-1.15158;0.523446
450;450;0.418903;-5.68434e-14
450;450;0.418903;-5.68434e-14
450;450;0.418903;-5.68434e-14
450;450;-1.04738;0.104738
450;450;2.09439;-0.10472
450;450;-0.523568;-1.25656
450;450;-0.942752;-5.68434e-14
450;450;1.36247;-0.628831
450;450;1.36247;-0.628831
450;450;-1.57217;0.419245
450;450;-1.36223;0.209574
450;450;-1.36223;0.209574
450;450;0.733379;-0.838148
450;450;1.99014;1.67591
450;450;1.99014;1.67591
450;450;1.99014;1.67591
450;450;1.9891;-0.209379
450;450;1.9891;-0.209379
450;450;1.15111;-0.418587
450;450;1.15111;-0.418587
450;450;1.77806;-0.627552
450;450;1.77806;-0.627552
450;450;-0.941546;1.36001
450;450;-0.941546;1.36001
450;450;1.3612;-1.04708
450;450;1.3612;-1.04708
450;450;1.3612;-1.04708
450;450;1.57318;1.36342
450;450;1.57318;1.36342
450;450;1.04903;0.209806
450;450;1.04903;0.209806
450;450;1.04903;0.209806
450;450;1.25935;1.1544
450;450;1.25935;1.1544
450;450;0.419905;-1.04976
450;450;0.419905;-1.04976
450;450;0.419905;-1.04976
450;450;-1.2592;-2.09867
450;450;-1.2592;-2.09867
450;450;0.524575;0.944235
450;450;0.524575;0.944235
450;450;-0.944015;0.629344
450;450;-1.57244;-0.314489
450;450;-1.57244;-0.314489
450;450;-0.104805;-5.68434e-14
450;450;-0.104805;-5.68434e-14
450;450;0.629197;1.57299
450;450;0.629197;1.57299
450;450;0.629197;1.57299
450;450;1.36326;-2.62165
450;450;1.36326;-2.62165
450;450;-0.104811;-2.20104
450;450;-0.733593;0.733593
450;450;-0.733593;0.733593
450;450;-0.733593;0.733593
450;450;-0.733593;0.733593
450;450;-0.733593;0.733593
450;450;-1.46591;-1.98944
450;450;-1.46591;-1.98944
450;450;-1.46591;-1.98944
450;450;-1.6726;1.6726
450;450;-1.6726;1.6726
450;450;-1.6726;1.6726
450;450;-0.836347;-0.522717
450;450;-0.836347;-0.522717
450;450;-0.836347;-0.522717
450;450;-2.19796;2.40729
450;450;-2.19796;2.40729
450;450;-1.46659;-2.51415
450;450;-1.46659;-2.51415
450;450;-1.46659;-2.51415
450;450;0.314324;2.09549
450;450;0.314324;2.09549
450;450;-0.733422;-2.30504
450;450;-0.733422;-2.30504
450;450;0.628574;-0.733337
450;450;0.418928;0.418928
450;450;0.837368;-0.732697
450;450;0.627588;-0.941382
450;450;-1.2554;1.46463
450;450;-0.314086;0.942258
450;450;0.209427;-2.19899
450;450;0.209427;-2.19899
450;450;-0.418708;-1.88419
450;450;-0.418708;-1.88419
450;450;-1.77848;1.88309
450;450;-1.77848;1.88309
450;450;-0.836493;0.627369
450;450;-0.418343;1.4642
450;450;1.35993;-1.67376
450;450;-1.56906;-1.98748
450;450;-5.68434e-14;1.67347
450;450;-5.68434e-14;1.67347
450;450;1.77775;1.25488
450;450;1.77775;1.25488
450;450;2.19554;0.731846
450;450;2.19554;0.731846
450;450;-0.104647;0.732527
450;450;-0.104647;0.732527
450;450;-1.98956;2.09427
450;450;1.98979;-1.88506
450;450;2.09549;-1.78117
450;450;-2.4101;1.36223
450;450;-0.733422;0.209549
450;450;2.30424;-1.25686
450;450;2.30424;-1.25686
450;450;-0.732655;-1.46531
450;450;-0.732655;-1.46531
450;450;-1.36041;-1.88364
450;450;-1.36041;-1.88364
450;450;-5.68434e-14;0.419025
450;450;-0.733379;-1.04768
450;450;-0.733379;-1.04768
450;450;-0.523873;-1.67639
450;450;-0.209647;2.09647
450;450;1.04787;-2.82924
450;450;-1.04823;2.72541
450;450;-1.04823;2.72541
450;450;-1.04823;2.72541
450;450;0.627953;0.94193
450;450;-0.31405;2.19835
450;450;-0.31405;2.19835
450;450;-0.31405;2.19835
450;450;1.36009;0.418489
450;450;1.36009;0.418489
450;450;0.523507;-0.314104
450;450;0.523507;-0.314104
450;450;-0.209488;1.67591
450;450;-0.209488;1.67591
450;450;-0.41922;2.82974
450;450;0.31436;-1.46702
450;450;0.209391;-0.942258
450;450;-5.68434e-14;-1.99002
450;450;-5.68434e-14;-1.99002
450;450;0.838343;-0.628757
450;450;-0.628831;-1.04805
450;450;-0.419123;-2.61952
450;450;0.104787;-1.5718
450;450;0.104787;-1.5718
450;450;1.36342;-0.314635
450;450;-1.67884;1.88869
450;450;1.4695;1.78439
450;450;1.04884;0.629307
450;450;-1.25876;0.839174
450;450;0.839174;0.31469
450;450;-0.943905;-0.314635
450;450;1.36342;1.99269
450;450;-1.99176;-1.57244
450;450;-2.41038;-2.41038
450;450;-2.41038;-2.41038
450;450;1.25847;2.09745
450;450;-1.99269;-1.67805
450;450;0.314598;-1.88759
450;450;0.314598;-1.88759
450;450;-0.419269;2.4108
450;450;-0.733166;1.15212
450;450;0.942642;-2.93266
450;450;-0.628501;2.514
450;450;1.15232;0.419025
450;450;0.942971;0.838197
450;450;0.314379;2.72462
450;450;1.88704;-1.88704
450;450;1.67708;-0.628904
450;450;-1.78138;1.15265
450;450;-1.78138;1.15265
450;450;-5.68434e-14;-0.209635
450;450;-5.68434e-14;-0.209635
450;450;-1.57272;-0.104848
450;450;0.524178;0.314507
450;450;0.524178;0.314507
450;450;-0.523934;-5.68434e-14
450;450;-0.523934;-5.68434e-14
450;450;-0.628574;-0.209525
450;450;-0.942971;-1.2573
450;450;1.99118;0.419196
450;450;-0.314525;-1.57263
450;450;0.524148;1.15312
450;450;-0.733764;-5.68434e-14
450;450;0.209671;0.314507
450;450;0.62894;-1.57235
450;450;0.10483;-5.68434e-14
450;450;0.10483;-5.68434e-14
450;450;0.839076;1.15373
450;450;-0.104848;-1.25817
450;450;-0.104848;-1.25817
450;450;0.943191;1.78158
450;450;0.943191;1.78158
450;450;-0.523964;1.36231
450;450;-0.209537;2.72398
450;450;-0.209537;2.72398
450;450;1.6761;-2.09513
450;450;-0.838636;-2.41108
450;450;0.524331;-1.78272
450;450;0.524331;-1.78272
450;450;0.524331;-1.78272
450;450;0.20933;2.30263
450;450;-0.418855;1.04714
450;450;-1.15225;1.8855
450;450;0.41905;1.57144
450;450;1.67649;-2.30518
450;450;1.67649;-2.30518
450;450;1.67649;-2.30518
450;450;0.209586;0.838343
450;450;0.733379;1.04768
450;450;-1.67532;0.83766
450;450;1.0472;1.46608
450;450;-0.41883;1.88474
450;450;1.15138;0.628026
450;450;-1.04732;0.314196
450;450;1.04823;-1.15306
450;450;-0.94396;0.839076
450;450;0.943905;-0.839027
450;450;-0.73402;1.0486
450;450;-0.83849;-0.524056
450;450;1.46633;-1.99002
450;450;-1.46633;-0.418952
450;450;-1.46633;-0.418952
450;450;-1.46633;-0.418952
450;450;-1.46633;-0.418952
450;450;1.88649;-1.04805
450;450;2.30638;-0.629014
450;450;2.72588;-2.72588
450;450;2.41164;-2.51649
450;450;2.41164;-2.51649
450;450;-1.25708;0.104756
450;450;-1.25708;0.104756
450;450;-1.25708;0.104756
450;450;0.314342;1.25737
450;450;-1.04775;2.72414
450;450;-0.314196;-0.104732
450;450;-0.209488;-0.837953
450;450;0.94374;-2.30692
450;450;-0.209586;-0.943136
450;450;-0.419025;-1.36183
450;450;-2.30383;-0.314159
450;450;1.67396;0.313867
450;450;1.5687;2.30076
450;450;0.523081;1.2554
450;450;-0.627661;-1.56915
450;450;0.209342;-0.104671
450;450;0.627953;2.30249
450;450;0.627953;2.30249
450;450;0.627953;2.30249
450;450;-0.942258;-0.104695
450;450;-0.523629;-5.68434e-14
450;450;1.57144;-1.78096
450;450;1.57144;-1.78096
450;450;1.25693;1.15219
450;450;1.25693;1.15219
450;450;1.25693;1.15219
450;450;0.628245;1.78003
450;450;-0.314104;-1.36112
450;450;-0.942258;0.209391
450;450;-5.68434e-14;-1.25591
450;450;-1.46505;1.88364
450;450;0.104665;-1.46531
450;450;-1.98898;2.09366
450;450;-0.83766;1.04708
450;450;1.67591;-0.628465
450;450;1.36128;1.46599
450;450;1.36128;1.46599
450;450;1.36128;1.46599
450;450;-1.36239;-0.523995
450;450;-1.88671;-0.314452
450;450;-1.88671;-0.314452
450;450;-0.104854;-5.68434e-14
450;450;-0.104854;-5.68434e-14
450;450;-1.25708;1.88561
450;450;0.942642;-0.104738
450;450;0.942642;-0.104738
450;450;0.104756;1.15232
450;450;0.104756;1.15232
450;450;0.104756;1.15232
450;450;0.418781;1.46574
450;450;1.78231;2.20168
450;450;1.78231;2.20168
450;450;0.209818;-1.99327
450;450;0.209818;-1.99327
450;450;0.209818;-1.99327
450;450;2.41066;2.30585
450;450;-5.68434e-14;1.25671
450;450;1.15219;-0.523721
450;450;-1.15239;-1.36191
450;450;1.46761;-0.838636
450;450;0.209659;-2.41108
450;450;0.209659;-2.41108
450;450;0.73402;-1.78262
450;450;-0.734234;0.209781
450;450;0.419342;1.88704
450;450;1.36239;1.25759
450;450;1.36239;1.25759
450;450;1.67698;-0.524056
450;450;1.67698;-0.524056
450;450;-1.78065;2.09488
450;450;0.523599;-1.0472
450;450;-1.46608;1.25664
450;450;0.104701;0.104701
450;450;-2.09476;-5.68434e-14
450;450;-2.09476;-5.68434e-14
450;450;-0.838978;1.8877
450;450;-0.838978;1.8877
450;450;-0.944401;1.67893
450;450;-0.944401;1.67893
450;450;-2.3084;0.839418
450;450;-0.629747;2.41403
450;450;2.20386;1.88902
450;450;-1.88836;1.154
450;450;0.314855;-0.629711
450;450;-0.6296;-2.09867
450;450;0.314653;-2.20257
450;450;-0.733978;0.52427
450;450;-0.733978;0.52427
450;450;1.25942;2.20399
450;450;2.09916;-0.314874
450;450;-0.104891;1.04891
450;450;-0.104891;1.04891
450;450;-0.104891;1.04891
450;450;0.420003;-0.735005
450;450;0.420003;-0.735005
450;450;0.944235;-0.41966
450;450;0.944235;-0.41966
450;450;-1.05037;-0.315112
450;450;-1.05037;-0.315112
450;450;-5.68434e-14;-1.04897
450;450;-1.67688;-0.41922
450;450;-0.314269;0.523781
450;450;0.943521;0.314507
450;450;0.104842;-0.62905
450;450;0.524361;1.04872
450;450;0.524361;1.04872
450;450;-5.68434e-14;-0.734191
450;450;-5.68434e-14;-0.734191
450;450;-5.68434e-14;-0.734191
450;450;0.62927;-1.15366
450;450;-1.57189;1.25751
450;450;-1.57189;1.25751
450;450;-0.523507;1.77992
450;450;-0.942587;1.98991
450;450;0.314141;1.15185
450;450;-1.46565;0.209379
450;450;-0.104695;-0.732868
450;450;0.104836;-0.209671
450;450;0.104909;1.99327
450;450;1.67874;-1.78366
450;450;-0.104903;0.209806
450;450;-1.88869;1.46898
450;450;-1.88869;1.46898
450;450;-1.88869;1.46898
450;450;-0.839271;-0.104909
450;450;0.629197;-0.419465
450;450;0.943191;0.523995
450;450;-0.628392;-0.418928
450;450;-0.104799;1.25759
450;450;-0.104799;1.25759
450;450;-0.104842;-1.36294
450;450;-0.62938;1.25876
450;450;-0.62938;1.25876
450;450;0.419929;-0.524912
450;450;-5.68434e-14;0.104958
450;450;0.314965;0.839908
450;450;-0.315021;0.840055
450;450;-0.315021;0.840055
450;450;0.944676;-0.629784
450;450;-5.68434e-14;-0.314892
450;450;-1.36405;1.04927
450;450;0.733978;-0.52427
450;450;0.733978;-0.52427
450;450;-1.78252;-0.209708
450;450;-1.78252;-0.209708
450;450;-0.209647;-1.3627
450;450;-1.04823;0.62894
450;450;-1.04823;0.62894
450;450;-5.68434e-14;-0.209855
450;450;-0.105007;-1.05007
450;450;-0.210026;1.78522
450;450;-1.36525;0.630115
450;450;1.15501;-0.525004
450;450;-1.36509;-0.735048
450;450;-0.629931;0.944896
450;450;0.944676;1.57446
450;450;0.944676;1.57446
450;450;0.419807;-2.62379
450;450;0.209867;-0.734534
450;450;0.104842;1.04842
450;450;0.104805;-2.0961
450;450;-0.419342;1.36286
450;450;-0.419342;1.36286
450;450;-0.943301;-1.99141
450;450;1.15366;-2.51708
450;450;1.15366;-2.51708
450;450;1.36342;-1.67805
450;450;1.36342;-1.67805
450;450;1.99095;1.88616
450;450;1.99095;1.88616
450;450;-1.5707;-1.88485
450;450;-0.628026;-0.104671
450;450;2.09586;-0.838343
450;450;0.733678;-1.99141
450;450;0.524086;2.30598
450;450;0.524086;2.30598
450;450;-1.15272;-2.41024
450;450;-0.838343;1.36231
450;450;-1.04817;-0.104817
450;450;-1.46736;-1.57217
450;450;-1.46736;-1.57217
450;450;-1.8855;0.419001
450;450;-1.8855;0.419001
450;450;1.78179;-1.57217
450;450;0.314489;-0.943466
450;450;0.314489;-0.943466
450;450;-1.46736;0.314434
450;450;0.628721;2.4101
450;450;0.628721;2.4101
450;450;-0.838734;-0.314525
450;450;-0.838734;-0.314525
450;450;-0.838734;-0.314525
450;450;0.419172;0.209586
450;450;0.104823;-0.104823
450;450;0.104823;-0.104823
450;450;0.104823;-0.104823
450;450;0.209732;-0.104866
450;450;-0.943521;-1.15319
450;450;1.04884;1.57327
450;450;1.15433;-0.839516
450;450;-0.524545;0.839271
450;450;-1.57418;-0.734619
450;450;-1.57418;-0.734619
450;450;-1.57418;-0.734619
450;450;2.41417;-1.04964
450;450;2.51767;-2.51767
450;450;2.09806;1.25883
450;450;2.09806;1.25883
450;450;1.7846;-1.57464
450;450;1.7846;-1.04976
450;450;0.209904;-0.314855
450;450;0.209904;-0.314855
450;450;0.209904;-0.314855
450;450;-1.25817;-1.46787
450;450;-1.25817;-1.46787
450;450;-1.25817;-1.46787
450;450;-0.734191;1.3635
450;450;1.78252;-0.838831
450;450;1.78252;-0.838831
450;450;-0.733978;0.104854
450;450;-0.733978;0.104854
450;450;-1.36278;1.36278
450;450;0.10486;-1.46804
450;450;-1.57519;-1.89023
450;450;-5.68434e-14;-0.41966
450;450;-5.68434e-14;-0.41966
450;450;0.839369;-1.88858
450;450;-0.104891;-0.314672
450;450;-0.104891;-0.314672
450;450;-0.104891;-0.314672
450;450;0.839614;0.419807
450;450;-0.104903;0.104903
450;450;-0.104903;0.104903
450;450;-5.68434e-14;0.20961
450;450;1.15292;0.419245
450;450;-1.88693;-5.68434e-14
450;450;-2.30531;-0.733508
450;450;-1.99222;-1.78252
450;450;1.88781;1.88781
450;450;0.944786;1.25971
450;450;1.26038;-0.945282
450;450;1.68227;-2.41826
450;450;-2.20592;-2.62609
450;450;1.5751;0.525034
450;450;1.2606;-1.15555
450;450;0.734705;-1.04958
450;450;0.734705;-1.04958
450;450;0.734705;-1.04958
450;450;-0.838636;-0.524148
450;450;0.943136;-2.20065
450;450;0.943136;-2.20065
450;450;-0.943246;1.57208
450;450;-0.943246;1.57208
450;450;1.36366;-5.68434e-14
450;450;1.36366;-5.68434e-14
450;450;0.944015;-1.25869
450;450;1.4683;1.36342
450;450;0.838441;1.15286
450;450;0.838441;1.15286
450;450;0.838441;1.15286
450;450;-1.9906;-1.36199
450;450;1.88616;-0.104787
450;450;1.88616;-0.104787
450;450;1.88616;-0.104787
450;450;-0.838831;0.733978
450;450;-0.838831;0.733978
450;450;-0.838831;0.733978
450;450;-1.57107;-0.837904
450;450;-1.57089;1.46616
450;450;-1.15265;-0.419147
450;450;-1.15265;-0.419147
450;450;-0.523964;-1.36231
450;450;0.943356;-0.838538
450;450;0.83888;-0.31458
450;450;-1.04897;1.46855
450;450;1.04823;1.3627
450;450;1.04823;1.3627
450;450;-0.733251;-1.257
450;450;-0.733251;-1.257
450;450;-1.78272;2.72652
450;450;1.0486;-0.31458
450;450;1.0486;-0.31458
450;450;-5.68434e-14;-0.94396
450;450;0.838538;-1.67708
450;450;0.838538;-1.67708
450;450;-0.104787;0.628721
450;450;-0.104787;0.628721
450;450;-1.46505;0.418587
450;450;-1.46505;0.418587
450;450;-1.67561;1.57089
450;450;-5.68434e-14;-1.25759
450;450;-0.734363;0.839271
450;450;-0.734363;0.839271
450;450;1.57382;0.104921
450;450;-1.67835;0.62938
450;450;-1.67835;0.62938
450;450;-1.67835;0.62938
450;450;2.30692;1.25832
450;450;2.30692;1.25832
450;450;2.30692;1.25832
450;450;2.0983;2.20322
450;450;2.4115;0.524239
450;450;-1.99188;-0.104836
450;450;-0.524881;2.09952
450;450;2.10247;-0.420493
450;450;2.10247;-0.420493
450;450;2.10247;-0.420493
450;450;0.210271;-1.68217
450;450;0.105203;0.841626
450;450;1.68227;-1.89255
450;450;-2.1005;1.6804
450;450;-0.210124;1.47087
450;450;-0.840643;0.315241
450;450;-0.105093;1.57639
450;450;0.945558;-0.315186
450;450;0.945558;-0.315186
450;450;-0.840741;-0.840741
450;450;-0.210087;0.210087
450;450;-0.315002;-0.210001
450;450;0.734919;0.734919
450;450;0.734919;0.734919
450;450;-1.05087;1.05087
450;450;-1.05087;1.05087
450;450;-1.05087;1.05087
450;450;-0.945172;-0.735134
450;450;-5.68434e-14;1.1546
450;450;0.840104;-0.420052
450;450;0.840104;-0.420052
450;450;-0.104903;-0.629417
450;450;-1.25854;0.209757
450;450;0.20972;-0.10486
450;450;1.04775;-5.68434e-14
450;450;1.04775;-5.68434e-14
450;450;1.04775;-5.68434e-14
450;450;0.523873;-0.314324
450;450;-5.68434e-14;-0.209696
450;450;-5.68434e-14;-0.209696
450;450;-5.68434e-14;-0.209696
450;450;-0.840202;-0.105025
450;450;-0.104982;0.314947
450;450;-0.104982;-1.15481
450;450;0.209891;0.524728
450;450;0.209891;0.524728
450;450;-0.209708;-1.25825
450;450;-0.209708;-1.25825
450;450;0.104805;2.41052
450;450;-0.628904;2.20116
450;450;0.62938;-0.209793
450;450;0.62938;-0.209793
450;450;0.62938;-0.209793
450;450;-1.0505;0.10505
450;450;-0.210271;-1.15649
450;450;-0.210271;-1.15649
450;450;1.47242;-1.89311
450;450;1.47242;-1.89311
450;450;-1.89443;-1.05246
450;450;-1.15717;0.420788
450;450;-1.15717;0.420788
450;450;1.05062;-0.52531
450;450;-0.104927;-0.419709
450;450;0.734662;0.944566
450;450;-0.419954;-0.524942
450;450;-1.25994;0.839957
450;450;1.67942;-1.36453
450;450;1.67942;-1.36453
450;450;0.20983;1.15407
450;450;0.20983;1.15407
450;450;0.20983;1.15407
450;450;-0.419783;-1.78408
450;450;-5.68434e-14;-5.68434e-14
450;450;-5.68434e-14;-0.209793
450;450;0.31491;0.734791
450;450;0.31491;0.734791
450;450;0.31491;0.734791
450;450;-1.25883;1.88825
450;450;0.52427;-0.104854
450;450;0.52427;-0.104854
450;450;0.52427;-0.104854
450;450;-1.88627;0.209586
450;450;0.104805;0.524025
450;450;-0.314379;-1.25751
450;450;-0.314379;-1.25751
450;450;-0.104689;-0.942204
450;450;-0.104689;-0.942204
450;450;-0.523477;-0.418781
450;450;-0.419196;2.20078
450;450;-0.419196;2.20078
450;450;0.943795;-1.04866
450;450;-0.94363;0.733935
450;450;0.419489;0.314617
450;450;-0.209732;-2.20219
450;450;-0.209732;-2.20219
450;450;-0.209732;-2.20219
450;450;0.314379;-1.88627
450;450;-0.838099;0.838099
450;450;0.209488;-0.523721
450;450;1.15178;1.25649
450;450;-0.732825;-0.314068
450;450;-0.732825;-0.314068
450;450;-0.104701;0.73291
450;450;-0.104701;0.73291
450;450;-0.104701;0.73291
450;450;-1.57107;-0.418952
450;450;-1.67639;-0.733422
450;450;0.62894;-5.68434e-14
450;450;-1.57318;-0.209757
450;450;-1.4689;1.57382
450;450;-1.4689;1.57382
450;450;-1.4689;1.57382
450;450;0.630299;-0.420199
450;450;-1.36549;-0.105037
450;450;0.315112;3.04609
450;450;-0.525187;-0.630225
450;450;-1.57529;-1.57529
450;450;0.945117;-1.57519
450;450;-1.6806;1.47052
450;450;0.315094;-1.05031
450;450;0.315094;-1.05031
450;450;0.105007;-2.10014
450;450;1.7846;2.83436
450;450;1.7846;2.83436
450;450;-1.36477;-0.629894
450;450;-0.945889;-1.57648
450;450;0.735778;2.31244
450;450;-2.20836;1.68256
450;450;-2.20836;1.68256
450;450;-0.209989;1.46992
450;450;-0.209989;1.46992
450;450;0.944676;-0.52482
450;450;0.944676;-0.52482
450;450;-1.6806;2.10075
450;450;-1.6806;2.10075
450;450;-0.944401;0.209867
450;450;1.8877;1.99257
450;450;-0.94418;1.67854
450;450;0.104976;0.524881
450;450;1.47147;-1.68168
450;450;0.525494;2.73257
450;450;0.525494;2.73257
450;450;0.525494;2.73257
450;450;0.105013;-1.47018
450;450;1.15588;-0.945724
450;450;1.68168;1.68168
450;450;2.3119;0.105087
450;450;2.3119;0.105087
450;450;2.3119;0.105087
450;450;-2.31029;-1.57519
450;450;-0.629747;0.104958
450;450;-1.04933;-0.3148
450;450;-0.838929;-1.67786
450;450;-2.20206;2.30692
450;450;-2.20206;2.30692
450;450;-2.20206;2.30692
450;450;-2.308;1.67854
450;450;-0.209916;-0.839663
450;450;-0.209916;-0.839663
450;450;0.944841;1.7847
450;450;-1.67903;2.09879
450;450;-1.36405;0.944346
450;450;0.314984;-2.09989
450;450;1.78522;-0.525065
450;450;-1.36525;-0.630115
450;450;0.525157;-0.420125
450;450;0.945282;1.05031
450;450;-2.10063;-1.57547
450;450;-1.57547;2.83585
450;450;-1.57547;2.83585
450;450;-1.57547;2.83585
450;450;1.6807;0.525218
450;450;1.6807;0.525218
450;450;-1.46932;-0.944566
450;450;-1.46932;-0.944566
450;450;-0.94385;0.419489
450;450;-0.94385;0.419489
450;450;-0.94385;0.419489
450;450;-0.524759;0.524759
450;450;0.209904;-0.839614
450;450;0.209904;-0.839614
450;450;1.4695;-1.4695
450;450;1.4695;-1.4695
450;450;0.944676;-0.419856
450;450;-1.46881;0.524575
450;450;-1.46881;0.524575
450;450;1.88792;-0.734191
450;450;1.99269;-0.839027
450;450;1.99269;-0.839027
450;450;1.99269;-0.839027
450;450;1.99176;-0.943466
450;450;1.57263;0.62905
450;450;1.57263;0.62905
450;450;1.57263;0.62905
450;450;-0.419489;2.93642
450;450;0.733978;-1.57281
450;450;0.104842;1.88715
450;450;1.04836;1.78221
450;450;-2.51576;-1.25788
450;450;-2.51576;-1.25788
450;450;-2.51576;-1.25788
450;450;0.41966;1.04915
450;450;0.41966;1.04915
450;450;-1.88858;0.839369
450;450;-1.88858;0.839369
450;450;-0.524453;0.839125
450;450;-0.524453;0.839125
450;450;0.73432;0.73432
450;450;-1.25839;-1.04866
450;450;-1.25839;-1.04866
450;450;0.314452;1.04817
450;450;0.314452;1.04817
450;450;0.314452;-0.524086
450;450;0.314452;-0.524086
450;450;0.314452;-0.524086
450;450;0.314543;1.04848
450;450;-1.57263;-0.314525
450;450;-1.57263;-0.314525
450;450;0.838734;-1.57263
450;450;-1.25803;1.4677
450;450;0.31458;-1.5729
450;450;1.57263;-2.41136
450;450;-0.419318;2.51591
450;450;1.15413;0.419685
450;450;1.15413;0.419685
450;450;1.46967;0.209952
450;450;1.46967;0.209952
450;450;-0.2101;-1.4707
450;450;1.99571;0.210075
450;450;1.99571;0.210075
450;450;-0.525096;-1.05019
450;450;-0.525096;-1.05019
450;450;-1.36469;-1.04976
450;450;-1.36469;-1.04976
450;450;-1.36398;-1.04921
450;450;-1.36398;-1.04921
450;450;-1.57437;0.629747
450;450;-0.419685;0.209842
450;450;-0.419685;0.209842
450;450;0.944786;-1.25971
450;450;-0.105037;2.62594
450;450;1.15676;-0.420641
450;450;1.15676;-0.420641
450;450;1.15676;-0.420641
450;450;0.84084;-1.78678
450;450;-0.210014;1.05007
450;450;-0.210014;1.05007
450;450;-0.210014;1.05007
450;450;-0.104897;-0.31469
450;450;-1.46847;-0.629344
450;450;0.52427;-0.943685
450;450;0.52427;-0.943685
450;450;0.52427;-0.943685
450;450;1.36278;-1.15312
450;450;1.36278;-1.15312
450;450;-1.36334;-0.419489
450;450;1.88836;-0.839271
450;450;-0.839223;-1.36374
450;450;1.67757;0.94363
450;450;-0.104836;0.104836
450;450;0.524056;-1.25773
450;450;1.36231;-2.20065
450;450;-5.68434e-14;2.51518
450;450;0.418976;0.523721
450;450;-0.942313;0.837612
450;450;-0.418781;-0.314086
450;450;-0.418781;-0.314086
450;450;-1.46574;-1.25634
450;450;0.418855;0.523568
450;450;0.418855;0.523568
450;450;0.418855;0.523568
450;450;-1.4671;0.314379
450;450;-1.4671;0.314379
450;450;-1.46761;-0.209659
450;450;1.88748;-0.41944
450;450;-1.04884;-0.839076
450;450;-1.36421;0.629637
450;450;1.04933;1.15427
450;450;0.209793;-1.99304
450;450;0.209793;-1.99304
450;450;0.209793;-1.99304
450;450;-1.04811;-1.67698
450;450;0.209598;0.943191
450;450;-0.209635;2.4108
450;450;-0.209635;2.4108
450;450;1.25825;1.78252
450;450;-0.734234;0.314672
450;450;-0.419513;1.36342
450;450;-0.734234;-1.04891
450;450;1.88781;2.20245
450;450;-1.36326;2.51679
450;450;-1.99269;1.57318
450;450;0.209806;1.25883
450;450;-0.419709;-0.944346
450;450;1.04958;1.88924
450;450;-0.839614;2.09904
450;450;-1.25942;-2.41389
450;450;-1.25942;-2.41389
450;450;-1.04976;-5.68434e-14
450;450;0.3148;2.2036
450;450;0.83932;1.67864
450;450;0.83932;1.67864
450;450;0.83932;1.67864
450;450;-1.04921;-1.36398
450;450;2.30746;-2.20257
450;450;-1.25832;0.62916
450;450;2.09696;-0.94363
450;450;1.78231;1.67747
450;450;-1.46761;-1.57244
450;450;-1.46761;-1.57244
450;450;0.943575;1.46778
450;450;0.943575;1.46778
450;450;0.943575;1.46778
450;450;-2.20283;-0.734277
450;450;-2.20283;-0.734277
450;450;-1.99246;2.62165
450;450;-1.99246;2.62165
450;450;-1.99246;2.62165
450;450;1.36239;1.78158
450;450;-0.209635;0.733721
450;450;-0.209635;0.733721
450;450;-0.943081;-1.67659
450;450;-0.733636;1.04805
450;450;1.15299;-0.943356
450;450;-0.944015;1.67825
450;450;1.5751;-5.68434e-14
450;450;-0.83981;0.104976
450;450;-1.99362;1.36405
450;450;2.30853;-2.09867
450;450;-1.0486;0.31458
450;450;-1.0486;0.31458
450;450;-1.0486;0.31458
450;450;-0.104805;0.838441
450;450;1.57162;2.61936
450;450;-0.104744;-2.30437
450;450;-0.104744;-2.30437
450;450;-2.19911;-5.68434e-14
450;450;-1.36207;1.99072
450;450;1.99141;1.46736
450;450;0.209671;1.99188
450;450;0.209671;1.99188
450;450;-2.09598;2.51518
450;450;1.36231;2.51503
450;450;0.942971;2.51459
450;450;-0.104848;-0.104848
450;450;-1.5729;-1.78262
450;450;-1.5729;-1.78262
450;450;-2.20334;2.62303
450;450;-2.20334;2.62303
450;450;-2.20334;2.62303
450;450;-2.20386;-1.25935
450;450;-2.20386;-1.25935
450;450;0.944731;1.57455
450;450;-1.46958;-0.10497
450;450;-1.46958;-0.10497
450;450;-1.15494;1.67991
450;450;-1.15494;1.67991
450;450;-1.15494;1.67991
450;450;1.67942;-2.30921
450;450;1.99525;-0.735091
450;450;1.99525;-0.735091
450;450;-0.420297;1.47104
450;450;0.735477;-0.945613
450;450;0.735477;-0.945613
450;450;-2.31244;-0.525555
450;450;-2.31244;-0.525555
450;450;-2.20824;0.841233
450;450;1.15595;2.62716
450;450;-1.36589;2.20643
450;450;-1.67933;0.524789
450;450;-1.67933;0.524789
450;450;-1.99373;1.2592
450;450;1.67893;-0.6296
450;450;-1.8899;0.314984
450;450;0.839516;0.10494
450;450;0.839516;0.10494
450;450;-1.3639;-0.20983
450;450;-1.3639;-0.20983
450;450;-1.04891;0.734234
450;450;2.30692;-0.10486
450;450;-1.88715;0.104842
450;450;1.15433;-1.36421
450;450;-0.840104;-0.105013
450;450;-0.420224;0.735391
450;450;1.05019;-0.840153
450;450;1.05019;-0.840153
450;450;0.419978;-0.524973
450;450;-0.419905;-0.104976
450;450;-1.0494;0.314819
450;450;1.57354;0.629417
450;450;1.57354;0.629417
450;450;0.629674;-5.68434e-14
450;450;0.629674;-5.68434e-14
450;450;0.629674;-5.68434e-14
450;450;2.31096;1.15548
450;450;2.31096;1.15548
450;450;2.31096;1.15548
450;450;-2.20656;-1.47104
450;450;-2.20656;-1.47104
450;450;-1.68001;-2.20502
450;450;1.67903;0.419758
450;450;1.89001;-1.36501
450;450;1.89001;-1.36501
450;450;1.6808;-1.99595
450;450;-0.734876;-1.36477
450;450;-0.734876;-1.36477
450;450;2.20669;-0.735563
450;450;-1.26119;-5.68434e-14
450;450;1.05093;-0.420371
450;450;-0.735091;-5.68434e-14
450;450;-0.735091;-5.68434e-14
450;450;-0.209989;-5.68434e-14
450;450;-0.209989;-5.68434e-14
450;450;-5.68434e-14;-0.31469
450;450;0.838734;-1.04842
450;450;1.88759;-1.46813
450;450;1.88759;-1.46813
450;450;-1.46847;-1.78314
450;450;1.78376;1.04927
450;450;-0.525187;-1.89067
450;450;-1.78605;-0.735434
450;450;-1.78605;-0.735434
450;450;0.210198;-1.05099
450;450;0.210198;-1.05099
450;450;0.210198;-1.05099
450;450;-0.839761;-0.629821
450;450;0.420346;-1.26104
450;450;0.420346;-1.26104
450;450;1.36668;-0.210259
450;450;-1.15582;1.68119
450;450;-1.15582;1.68119
450;450;1.26001;0.945007
450;450;1.26001;0.945007
450;450;1.26001;0.945007
450;450;1.78439;-0.209928
450;450;-0.839467;1.8888
450;450;-0.839467;1.8888
450;450;2.62349;-0.839516
450;450;2.51825;1.36405
450;450;2.51752;-1.67835
450;450;2.62272;-0.314727
450;450;2.41431;1.46958
450;450;-2.20476;-1.04988
450;450;-2.20476;-1.04988
450;450;0.840006;-0.945007
450;450;0.840006;-0.945007
450;450;0.840006;-0.945007
450;450;-1.57584;0.105056
450;450;2.10124;-5.68434e-14
450;450;2.3115;0.315204
450;450;2.3115;0.315204
450;450;1.78616;-0.420273
450;450;1.99571;0.630225
450;450;-1.04995;-2.09989
450;450;2.51958;1.57474
450;450;-0.105019;-0.525096
450;450;-0.105019;-0.525096
450;450;-0.105007;-5.68434e-14
450;450;-1.99455;-0.314929
450;450;-1.99455;-0.314929
450;450;-1.25986;-1.7848
450;450;-1.25986;-1.7848
450;450;-1.99397;0.734619
450;450;0.314874;-2.41403
450;450;0.314874;-2.41403
450;450;0.839565;-0.839565
450;450;0.839565;-0.839565
450;450;0.525433;1.99664
450;450;-1.04995;1.15494
450;450;-1.04995;1.15494
450;450;0.419807;-1.88913
450;450;-1.8888;-2.5184
450;450;-0.52427;0.314562
450;450;1.78189;2.09635
450;450;1.78189;2.09635
450;450;1.78189;2.09635
450;450;1.25803;1.4677
450;450;1.25803;1.4677
450;450;1.15306;-2.30611
450;450;1.15306;-2.30611
450;450;1.8866;-1.15292
450;450;1.46813;-1.57299
450;450;-1.88792;0.839076
450;450;-5.68434e-14;-0.94396
450;450;-5.68434e-14;-0.94396
450;450;1.46847;1.99292
450;450;2.51943;-1.25971
450;450;2.51943;-1.25971
450;450;1.78428;0.104958
450;450;0.840104;2.31029
450;450;0.840104;2.31029
450;450;0.840104;2.31029
450;450;0.419905;-0.629857
450;450;1.88913;1.36437
450;450;-1.67864;-1.78356
450;450;-1.67864;-1.78356
450;450;-0.839565;-0.419783
450;450;-0.839565;-0.419783
450;450;-0.839565;-0.419783
450;450;0.629454;-0.104909
450;450;-2.09965;-1.36477
450;450;1.57538;0.840202
450;450;-1.68011;-0.630041
450;450;-2.20437;-0.524851
450;450;1.15454;0.734705
450;450;1.15454;0.734705
450;450;1.15454;0.734705
450;450;0.944235;0.41966
450;450;0.944235;0.41966
450;450;1.25927;-0.944456
450;450;0.944346;0.104927
450;450;-1.57446;-0.314892
450;450;1.04952;0.944566
450;450;-1.25839;-0.629197
450;450;-1.25839;-0.629197
450;450;1.4677;-1.15319
450;450;-1.25861;2.51723
450;450;0.524606;-0.839369
450;450;-0.314947;-0.209965
450;450;-0.840153;-1.15521
450;450;0.105037;0.630225
450;450;0.105037;0.630225
450;450;1.05074;-0.525371
450;450;0.210124;0.315186
450;450;0.210124;0.315186
450;450;0.210136;0.840545
450;450;-1.15501;-0.420003
450;450;1.47302;1.47302
450;450;-1.99863;-0.631146
450;450;-1.99863;-0.631146
450;450;-1.99863;-0.631146
450;450;-1.78647;1.78647
450;450;1.78668;-1.68158
450;450;0.104964;0.419856
450;450;-2.51591;1.88693
450;450;0.628648;-1.99072
450;450;0.628648;-1.99072
450;450;-0.524209;-5.68434e-14
450;450;1.15252;1.78117
450;450;2.09769;0.629307
450;450;-2.30652;-0.419367
450;450;1.782;-0.62894
450;450;0.41922;-1.04805
450;450;0.41922;-1.04805
450;450;0.209549;0.419098
450;450;0.209549;0.419098
450;450;-0.732995;2.51313
450;450;-5.68434e-14;1.36159
450;450;-5.68434e-14;1.36159
450;450;-5.68434e-14;1.36159
450;450;0.628501;2.3045
450;450;-0.523446;-0.837514
450;450;-0.523446;-0.837514
450;450;1.15172;-2.09403
450;450;0.418928;1.67571
450;450;-0.418781;-1.57043
450;450;-0.418781;-1.57043
450;450;-0.418781;-1.57043
450;450;-0.523325;0.41866
450;450;-0.104628;-0.627771
450;450;-0.104628;-0.627771
450;450;-0.104628;-0.627771
450;450;-0.73291;-0.209403
450;450;-0.73291;-0.209403
450;450;-0.73291;-0.209403
450;450;1.04781;0.419123
450;450;-1.98979;-0.942532
450;450;0.942587;-1.36151
450;450;0.942587;-1.36151
450;450;-1.04677;-1.77951
450;450;-1.04677;-1.77951
450;450;-1.04677;-1.77951
450;450;0.733892;-0.209683
450;450;-1.46898;-1.46898
450;450;-1.46898;-1.46898
450;450;0.314708;-2.93728
450;450;0.314708;-2.93728
450;450;1.04854;-0.314562
450;450;1.04854;-0.314562
450;450;-1.3635;-1.04884
450;450;-0.210038;3.25559
450;450;-0.105105;0.525525
450;450;-0.105105;0.525525
450;450;-0.629014;-0.104836
450;450;-0.629014;-0.104836
450;450;-0.314324;-0.628648
450;450;0.524117;-2.62059
450;450;0.524117;-2.62059
450;450;1.67835;-0.734277
450;450;-0.944401;0.419734
450;450;-1.15393;1.78335
450;450;-0.42015;-0.735262
450;450;1.15541;-1.78564
450;450;-1.67874;-2.93779
450;450;-1.67874;-2.93779
450;450;-1.67874;-2.93779
450;450;-0.104848;0.629087
450;450;1.57308;1.15359
450;450;0.419807;-0.314855
450;450;-0.105179;-2.31393
450;450;-0.105179;-2.31393
450;450;-2.10161;-0.210161
450;450;-2.10161;-0.210161
450;450;-1.68109;-1.89123
450;450;-1.68109;-1.89123
450;450;-1.68109;-1.89123
450;450;-1.04811;0.104811
450;450;-1.04811;0.104811
450;450;0.523934;-2.09574
450;450;0.523934;-2.09574
450;450;0.523934;-2.09574
450;450;0.210284;-1.05142
450;450;-0.8403;2.41586
450;450;0.944456;-1.25927
450;450;-0.524606;-0.209842
450;450;1.78439;-1.4695
450;450;-1.78418;1.88913
450;450;-2.83353;0.209891
450;450;1.15407;0.104915
450;450;1.36104;-0.418781
450;450;0.209306;-1.15118
450;450;0.209306;-1.15118
450;450;0.523386;-0.942094
450;450;-5.68434e-14;1.57025
450;450;-5.68434e-14;1.57025
450;450;0.837953;1.36167
450;450;0.837904;1.15212
450;450;-1.15138;0.209342
450;450;-1.9884;-0.209306
450;450;1.46548;-0.837417
450;450;-1.67513;0.314086
450;450;-1.67513;0.314086
450;450;1.04775;0.314324
450;450;-0.943191;-0.104799
450;450;-0.943191;-0.104799
450;450;-0.733508;0.628721
450;450;-0.733508;0.628721
450;450;-5.68434e-14;-5.68434e-14
450;450;1.25891;-2.308
450;450;0.209818;1.46873
450;450;0.209818;1.46873
450;450;-0.419636;-1.154
450;450;-0.734363;1.78345
450;450;0.104891;1.88803
450;450;0.104891;1.88803
450;450;0.104891;1.88803
450;450;0.525279;-0.525279
450;450;0.210173;-0.630519
450;450;0.73552;0.840594
450;450;0.73552;0.840594
450;450;-0.210026;0.840104
450;450;-0.210026;0.840104
450;450;-1.04976;0.734834
450;450;-1.04976;0.734834
450;450;0.419734;1.46907
450;450;0.419734;1.46907
450;450;0.419734;1.46907
450;450;0.10494;1.57409
450;450;0.210087;-0.735305
450;450;0.210087;-0.735305
450;450;0.210087;-0.735305
450;450;-0.420125;1.89056
450;450;-0.420125;1.89056
450;450;0.105062;0.945558
450;450;-0.839859;-1.36477
450;450;-0.20994;0.20994
450;450;1.26001;0.630004
450;450;0.105062;-1.68099
450;450;1.89001;1.47001
450;450;1.36405;-1.25913
450;450;0.524575;1.25898
450;450;0.734149;0.104878
450;450;2.30585;1.57217
450;450;2.30585;1.57217
450;450;0.104768;1.88583
450;450;-0.523903;1.46693
450;450;-0.523903;1.46693
450;450;-0.10486;-1.88748
450;450;-0.10486;-1.88748
450;450;-0.10486;-1.88748
450;450;-2.51679;0.629197
450;450;-0.62916;-2.41178
450;450;-0.62916;-2.41178
450;450;-0.62916;-2.41178
450;450;-0.733892;-2.62104
450;450;-0.104811;-0.209622
450;450;-0.104811;-0.209622
450;450;-1.8855;2.3045
450;450;-1.8855;2.3045
450;450;-1.36215;-0.523903
450;450;-1.36215;-0.523903
450;450;-0.629234;-1.8877
450;450;-0.629234;-1.8877
450;450;-2.09977;1.25986
450;450;0.209806;-1.99315
450;450;0.209806;-1.99315
450;450;-0.733294;0.104756
450;450;-0.209513;0.314269
450;450;1.99083;-1.67649
450;450;0.524086;1.36262
450;450;-1.99176;-2.41108
450;450;1.88693;1.46761
450;450;0.209708;1.15339
450;450;1.0483;-0.628977
450;450;1.0483;-0.628977
450;450;1.57134;-0.419025
450;450;1.57134;-0.419025
450;450;-1.78065;-0.733209
450;450;-1.25817;-0.209696
450;450;-1.25817;-0.209696
450;450;-0.628904;1.57226
450;450;0.628721;0.209574
450;450;0.628721;0.209574
450;450;-1.36255;-2.41066
450;450;-1.36255;-2.41066
450;450;1.25795;-1.67727
450;450;-1.3627;1.67717
450;450;0.943356;0.104817
450;450;1.46753;1.57235
450;450;-0.733978;-1.88737
450;450;-0.733978;-1.88737
450;450;1.36278;-2.20142
450;450;1.36278;-2.20142
450;450;2.30638;-1.4677
450;450;2.30638;-1.4677
450;450;-1.36342;0.209757
450;450;-1.36342;0.209757
450;450;-0.629527;0.94429
450;450;-0.104854;-0.52427
450;450;0.838978;-2.51693
450;450;-2.09757;1.25854
450;450;-0.62938;2.41262
450;450;-0.62938;2.41262
450;450;-0.62916;-2.30692
450;450;-1.78241;2.2018
450;450;1.04884;1.46838
450;450;-0.734106;-1.67796
450;450;-0.734106;-1.67796
450;450;1.78283;-0.629234
450;450;1.78283;-0.629234
450;450;0.838099;0.104762
450;450;0.838099;0.104762
450;450;0.838099;0.104762
450;450;-1.36183;0.83805
450;450;1.46744;-5.68434e-14
450;450;1.46744;-5.68434e-14
450;450;-0.419465;-0.419465
450;450;-0.31458;0.73402
450;450;-1.9935;-0.314763
450;450;1.57391;-1.78376
450;450;0.524575;0.734405
450;450;0.524575;0.734405
450;450;1.04909;-1.04909
450;450;1.04909;-1.04909
450;450;1.04878;1.36342
450;450;1.04878;1.36342
450;450;1.04878;1.36342
450;450;-1.88913;2.09904
450;450;0.209904;0.314855
450;450;0.209904;0.314855
450;450;0.838783;-1.25817
450;450;-2.09635;2.09635
450;450;-0.104921;-0.314763
450;450;1.78345;-1.78345
450;450;1.78345;-1.78345
450;450;1.78345;-1.78345
450;450;-0.209952;1.04976
450;450;0.524606;-1.4689
450;450;0.524606;-1.4689
450;450;0.524606;-1.4689
450;450;0.524606;-1.25905
450;450;-2.09732;1.46813
450;450;0.10486;-1.15346
450;450;0.10486;-1.15346
450;450;0.839418;1.88869
450;450;0.839418;1.88869
450;450;0.943685;1.99222
450;450;-0.733849;1.88704
450;450;0.524361;0.734106
450;450;-0.41966;1.25898
450;450;1.88836;-0.629454
450;450;0.41966;1.15407
450;450;1.78345;0.314727
450;450;0.104878;1.67805
450;450;1.88836;-0.209818
450;450;1.88836;-0.209818
450;450;-1.04854;1.57281
450;450;0.838783;-1.78241
450;450;-0.52427;-0.314562
450;450;-0.104817;-1.04817
450;450;-0.419098;0.209549
450;450;-0.419098;0.209549
450;450;0.628904;-0.419269
450;450;-0.209586;-1.99106
450;450;0.209683;-1.36294
450;450;-1.5729;-1.99234
450;450;-1.5729;-1.99234
450;450;-1.5729;-1.99234
450;450;-1.5729;-1.99234
450;450;-1.67864;1.3639
450;450;-1.67864;1.3639
450;450;-1.67864;1.3639
450;450;1.67435;-2.19758
450;450;-0.943191;2.09598
450;450;-0.943191;2.09598
450;450;-0.943191;2.09598
450;450;-1.67805;2.30732
450;450;-1.67805;2.30732
450;450;-1.67805;2.30732
450;450;1.36191;-1.78096
450;450;2.51415;-0.104756
450;450;1.25781;-0.104817
450;450;0.733721;-2.4108
450;450;-2.09488;-1.46642
450;450;-2.09488;-1.46642
450;450;1.56997;-2.30263
450;450;1.56997;-2.30263
450;450;0.837466;2.30303
450;450;-0.104708;-0.628245
450;450;-0.104708;-0.628245
450;450;-0.628355;-1.04726
450;450;0.104701;-1.88463
450;450;0.104701;-1.88463
450;450;0.73291;-2.61754
450;450;0.73291;-2.61754
450;450;0.73291;-2.61754
450;450;-1.57263;-2.09683
450;450;1.78158;3.14397
450;450;1.15279;-0.838392
450;450;1.46761;-0.209659
450;450;2.30706;-1.25839
450;450;1.36342;-0.839027
450;450;-1.67815;2.30746
450;450;-1.67815;2.30746
450;450;-0.734577;1.88891
450;450;-0.734577;1.88891
450;450;-2.41347;1.574
450;450;-2.41347;1.574
450;450;2.09952;1.99455
450;450;-2.30961;-0.944841
450;450;-0.314763;1.15413
450;450;-0.943795;0.104866
450;450;-1.88638;0.419196
450;450;-5.68434e-14;0.838246
450;450;-5.68434e-14;0.838246
450;450;-0.523812;-2.30477
450;450;-0.523812;-2.30477
450;450;-1.676;2.19975
450;450;-0.41905;0.314287
450;450;2.30558;-1.57198
450;450;-1.46753;1.57235
450;450;-1.46753;1.57235
450;450;-2.09732;1.88759
450;450;-2.09732;1.88759
450;450;1.78304;-1.78304
450;450;2.09904;-1.78418
450;450;0.209855;-1.57391
450;450;-1.99339;1.15407
450;450;2.30813;-0.41966
450;450;-0.629674;2.3088
450;450;-0.629674;2.3088
450;450;-5.68434e-14;1.46907
450;450;-0.104891;-2.2027
450;450;-0.524056;2.72509
450;450;-0.733465;1.99083
450;450;-0.733465;1.99083
450;450;-1.78751;-1.78751
450;450;0.420887;-0.526108
450;450;0.420887;-0.526108
450;450;-1.15798;-0.842167
450;450;0.84202;-1.36828
450;450;0.84202;-1.36828
450;450;-0.631699;1.8951
450;450;-0.631699;1.8951
450;450;-0.631699;1.8951
450;450;1.47734;-0.105524
450;450;-0.421799;-1.37085
450;450;0.105173;-5.68434e-14
450;450;0.105173;-5.68434e-14
450;450;-0.840791;2.31217
450;450;1.36525;2.31042
450;450;1.99292;2.2027
450;450;2.09598;0.838392
450;450;2.09598;0.838392
450;450;2.09598;0.838392
450;450;1.05056;1.68089
450;450;1.89101;-0.630335
450;450;1.89101;-0.630335
450;450;-0.83932;-2.51796
450;450;1.78252;-1.99222
450;450;1.78117;-2.30504
450;450;1.78158;0.209598
450;450;1.78148;0.419172
450;450;-2.41038;0.523995
450;450;-2.51532;3.03935
450;450;-2.51532;3.03935
450;450;1.99188;-1.36286
450;450;0.419342;-1.99188
450;450;-1.04878;-1.67805
450;450;-1.04878;-1.67805
450;450;-1.04878;-1.67805
450;450;-0.839369;2.20334
450;450;-0.839369;2.20334
450;450;-0.839369;2.20334
450;450;2.41488;-1.78491
450;450;0.630482;-1.78637
450;450;0.946387;0.841233
450;450;-1.68306;-2.3142
450;450;1.15676;1.89288
450;450;1.15676;1.89288
450;450;1.26251;-0.526047
450;450;-2.31298;-0.841085
450;450;-1.04897;-0.31469
450;450;-5.68434e-14;-0.943685
450;450;-0.209708;-0.943685
450;450;-0.209708;-0.943685
450;450;-0.733038;1.25664
450;450;1.46548;1.67483
450;450;-1.67503;1.25627
450;450;1.77951;-0.314031
450;450;-0.941984;-0.41866
450;450;-0.523264;0.837222
450;450;1.46565;-2.30316
450;450;0.104708;1.25649
450;450;-0.10475;-1.676
450;450;0.314507;-5.68434e-14
450;450;0.209867;1.67893
450;450;0.84138;-0.84138
450;450;0.84138;-0.84138
450;450;-5.68434e-14;-0.420567
450;450;-5.68434e-14;-0.420567
450;450;0.630519;1.05087
450;450;0.73595;0.315407
450;450;-1.36652;-0.840938
450;450;-1.36652;-0.840938
450;450;-0.945503;0.525279
450;450;1.25971;0.314929
450;450;-1.68031;-0.105019
450;450;-1.68031;-0.105019
450;450;-1.68031;-0.105019
450;450;1.25905;0.314763
450;450;-1.67884;0.839418
450;450;-1.67884;0.839418
450;450;-1.67884;0.839418
450;450;1.47027;0.630115
450;450;-1.15534;-1.57547
450;450;-1.15534;-1.57547
450;450;-2.10014;0.630041
450;450;-1.36453;-0.209928
450;450;-1.36453;-0.209928
450;450;-5.68434e-14;-0.52482
450;450;-5.68434e-14;-0.52482
450;450;-1.9949;1.67991
450;450;-1.26016;-1.68021
450;450;-1.26016;-1.68021
450;450;0.210014;0.105007
450;450;1.67991;3.04484
450;450;-0.420027;-0.315021
450;450;1.36461;0.839761
450;450;-0.104958;1.25949
450;450;-1.36366;1.25876
450;450;-1.36366;1.25876
450;450;-2.20322;0.83932
450;450;-2.20322;0.83932
450;450;-1.4689;1.57382
450;450;1.78397;-1.78397
450;450;2.20412;-1.88924
450;450;-1.36477;0.104982
450;450;-1.36477;0.104982
450;450;-0.525004;1.89001
450;450;1.89189;0.315315
450;450;1.05166;-1.05166
450;450;-0.105185;2.41925
450;450;1.47259;-1.89333
450;450;1.47259;-1.89333
450;450;1.47259;-1.89333
450;450;-1.05056;-0.105056
450;450;-1.05056;-0.105056
450;450;-0.314855;0.524759
450;450;1.67893;0.209867
450;450;1.67893;0.209867
450;450;1.67893;0.209867
450;450;2.09769;-0.629307
450;450;-1.25854;1.67805
450;450;-1.25722;-1.6763
450;450;-1.25722;-1.6763
450;450;1.15239;-2.09525
450;450;1.15239;-2.09525
450;450;1.99234;-0.62916
450;450;1.99234;-0.62916
450;450;1.78387;-1.15427
450;450;0.419709;-1.78376
450;450;0.419709;-1.78376
450;450;0.419709;-1.78376
450;450;-0.418903;-1.88506
450;450;-0.418903;-1.88506
450;450;1.782;-1.15306
450;450;-1.46804;0.73402
450;450;-1.46804;0.73402
450;450;0.104744;-1.46642
450;450;0.104744;-1.46642
450;450;0.104744;-1.46642
450;450;-1.04732;1.57098
450;450;0.209537;2.09537
450;450;0.209537;2.09537
450;450;-1.15326;-1.36294
450;450;-1.15326;-1.36294
450;450;0.104884;-1.04884
450;450;1.67766;1.67766
450;450;-1.15333;0.209696
450;450;0.419196;0.209598
450;450;0.733678;-0.524056
450;450;0.419001;1.4665
450;450;0.419001;1.4665
450;450;0.419001;1.4665
450;450;-0.104726;-1.57089
450;450;-0.209488;-5.68434e-14
450;450;-0.209488;-5.68434e-14
450;450;-0.734063;1.04866
450;450;1.78387;2.30853
450;450;-1.25927;0.209879
450;450;0.419905;1.88957
450;450;0.419905;1.88957
450;450;-5.68434e-14;-0.52482
450;450;-5.68434e-14;-0.52482
450;450;0.733209;0.209488
450;450;-1.04744;-0.733209
450;450;1.04708;-1.15178
450;450;1.36056;-1.36056
450;450;-0.313812;-1.77827
450;450;-0.313812;-1.77827
450;450;1.15152;-0.209366
450;450;1.15152;-0.209366
450;450;1.15152;-0.209366
450;450;-0.628721;1.46702
450;450;2.09598;-0.314397
450;450;2.09598;-0.314397
450;450;-1.57198;-0.628794
450;450;0.419025;-0.419025
450;450;1.36191;0.733337
450;450;1.15272;-1.99106
450;450;1.15272;-1.99106
450;450;1.15272;-1.99106
450;450;2.30867;2.62349
450;450;-2.31015;-1.15508
450;450;-2.31015;-1.15508
450;450;-2.31015;-1.15508
450;450;-1.68237;2.10296
450;450;1.36812;0.21048
450;450;1.26266;0.736552
450;450;1.26266;0.736552
450;450;-0.315315;-0.105105
450;450;-2.31056;-1.05025
450;450;-0.315076;1.36533
450;450;-1.6805;0.525157
450;450;1.04976;0.83981
450;450;1.04976;0.83981
450;450;1.46924;-0.104946
450;450;1.46924;-0.104946
450;450;-1.04915;0.314745
450;450;-1.04915;0.314745
450;450;2.09818;-0.209818
450;450;-0.314727;-1.46873
450;450;-0.314727;-1.46873
450;450;-2.72779;-0.944235
450;450;-2.72779;-0.944235
450;450;-2.72779;-0.944235
450;450;1.15427;0.104933
450;450;0.314653;1.88792
450;450;-0.733849;0.314507
450;450;-0.314562;-1.04854
450;450;-0.733978;-1.57281
450;450;2.4115;-0.629087
450;450;0.838929;0.104866
450;450;0.838929;0.104866
450;450;-0.944346;0.839418
450;450;-0.944346;0.839418
450;450;-1.46864;0.104903
450;450;-1.46864;0.104903
450;450;-1.46864;0.104903
450;450;-1.36223;-1.5718
450;450;0.733379;1.57153
450;450;-1.15272;0.419172
450;450;1.67708;2.09635
450;450;-0.628831;-5.68434e-14
450;450;2.09696;0.629087
450;450;1.46838;0.839076
450;450;-1.36342;-1.36342
450;450;-1.36342;-1.36342
450;450;1.46847;1.1538
450;450;0.734234;-0.944015
450;450;0.734234;-0.944015
450;450;1.46778;-2.30652
450;450;1.46778;-2.30652
450;450;-1.04866;2.09732
450;450;-1.04866;2.09732
450;450;-1.04866;2.09732
450;450;-1.57428;2.30894
450;450;-0.629564;2.3084
450;450;-0.629564;2.3084
450;450;1.25839;-0.838929
450;450;-0.734277;1.67835
450;450;-1.88869;-0.419709
450;450;0.3148;-0.839467
450;450;1.78397;0.419758
450;450;-1.36429;-1.57418
450;450;-1.04946;1.46924
450;450;-1.04946;1.46924
450;450;-1.04946;1.46924
450;450;-2.31015;1.5751
450;450;-0.315021;1.68011
450;450;1.78491;0.734962
450;450;-0.945062;-0.840055
450;450;-0.945062;-0.840055
450;450;-1.36573;-0.420224
450;450;1.57713;0.315425
450;450;1.57713;0.315425
450;450;1.78825;-1.05191
450;450;-0.420224;1.99606
450;450;-0.420224;1.99606
450;450;-2.31082;-0.525187
450;450;-1.05105;-1.47147
450;450;-5.68434e-14;1.47164
450;450;1.0513;1.15642
450;450;0.105179;-1.26214
450;450;0.105179;-1.26214
450;450;0.105179;-1.26214
450;450;0.738148;-1.6872
450;450;-1.26584;-5.68434e-14
450;450;-0.211011;0.844043
450;450;0.527125;0.737975
450;450;1.36804;2.52562
450;450;1.36804;2.52562
450;450;1.36804;2.52562
450;450;0.630151;0.735177
450;450;1.04982;1.88968
450;450;-0.314929;-2.51943
450;450;1.46967;-1.67962
450;450;-2.3088;2.20386
450;450;0.52482;1.88935
450;450;-1.15501;0.630004
450;450;1.36525;-1.68031
450;450;-0.735134;0.105019
450;450;-1.8899;-0.314984
450;450;-1.8899;-0.314984
450;450;-1.89101;-0.315168
450;450;-1.89101;-0.315168
450;450;0.840545;-2.83684
450;450;2.20592;-0.630262
450;450;-1.57529;1.05019
450;450;1.6805;-1.9956
450;450;1.6805;-1.9956
450;450;-0.315112;1.57556
450;450;1.78605;-5.68434e-14
450;450;1.78605;-5.68434e-14
450;450;-0.105062;-1.68099
450;450;-0.105062;-1.68099
450;450;-0.314965;2.30975
450;450;0.525034;-2.31015
450;450;0.210161;2.10161
450;450;0.210161;2.10161
450;450;0.210161;2.10161
450;450;-1.68207;-1.15642
450;450;0.945558;2.62655
450;450;2.10014;2.10014
450;450;-1.99571;-2.20579
450;450;-1.26082;-1.05068
450;450;-1.26082;-1.05068
450;450;-5.68434e-14;0.945448
450;450;0.630151;1.05025
450;450;0.630151;1.05025
450;450;-2.41516;0.315021
450;450;-0.734577;-5.68434e-14
450;450;-0.419636;-1.04909
450;450;-0.419636;-1.04909
450;450;-0.734363;0.314727
450;450;-0.734363;0.314727
450;450;-0.734577;0.419758
450;450;-0.52482;-0.629784
450;450;1.15339;2.41164
450;450;-0.209769;2.30746
450;450;0.104884;-1.67815
450;450;-0.944841;1.36477
450;450;-0.944401;-2.41347
450;450;-0.944401;-2.41347
450;450;-0.944401;-2.41347
450;450;0.210087;0.840349
450;450;-1.57538;-2.20553
450;450;-1.57538;-2.20553
450;450;-0.525494;-1.78668
450;450;-0.525494;-1.78668
450;450;1.367;-2.31339
450;450;1.47216;-2.20824
450;450;1.47216;-2.20824
450;450;0.947272;-1.57879
450;450;-2.52635;2.1053
450;450;-2.52635;2.1053
450;450;-1.47457;1.15859
450;450;-1.47457;1.15859
450;450;-1.47457;1.15859
450;450;2.31664;-1.26362
450;450;1.57833;-1.4731
450;450;-1.05252;-1.78929
450;450;-1.05252;-1.78929
450;450;-1.47336;1.99956
450;450;-5.68434e-14;-1.57869
450;450;-5.68434e-14;-1.57869
450;450;-5.68434e-14;-1.57869
450;450;1.47216;2.31339
450;450;1.47216;2.31339
450;450;0.841823;2.31501
450;450;-0.105283;-2.21095
450;450;-0.105283;-2.21095
450;450;-0.105283;-2.21095
450;450;-0.315444;0.630888
450;450;-0.315444;0.630888
450;450;-0.315444;0.630888
450;450;1.78637;0.735563
450;450;1.78637;0.735563
450;450;1.78637;0.735563
450;450;-1.88902;1.36429
