target.x;target.y;delta.x;delta.y
450;450;5.56471;2.72986
450;450;6.50891;3.14947
450;450;6.50891;3.14947
450;450;16.2789;-3.25578
450;450;16.2789;-3.25578
450;450;23.0368;0.105191
450;450;25.6771;7.47161
450;450;22.0798;13.353
450;450;10.9124;17.9426
450;450;5.45272;19.2942
450;450;2.93249;10.4732
450;450;8.16861;-0.837807
450;450;3.8708;6.48621
450;450;3.24216;13.8053
450;450;3.24216;13.8053
450;450;3.24216;13.8053
450;450;3.24216;13.8053
450;450;9.94201;8.26757
450;450;9.94201;8.26757
450;450;14.3383;6.48885
450;450;14.3383;6.48885
450;450;14.3383;6.48885
450;450;11.1068;12.4689
450;450;11.1068;12.4689
450;450;7.65255;12.6844
450;450;7.65255;12.6844
450;450;6.8163;8.80876
450;450;6.8163;8.80876
450;450;6.8163;8.80876
450;450;13.2201;3.56732
450;450;13.2201;3.56732
450;450;13.2201;3.56732
450;450;6.82863;-0.315168
450;450;6.82863;-0.315168
450;450;5.14504;-5.25004
450;450;5.14504;-5.25004
450;450;5.98784;-7.77368
450;450;5.98784;-7.77368
450;450;5.98784;-7.77368
450;450;8.18147;-11.7477
450;450;8.18147;-11.7477
450;450;8.18147;-11.7477
450;450;4.92498;-0.628721
450;450;4.92498;-0.628721
450;450;4.92498;-0.628721
450;450;4.92498;-0.628721
450;450;4.92498;-0.628721
450;450;-0.314489;10.0636
450;450;-0.314489;10.0636
450;450;-0.314489;10.0636
450;450;-0.419147;5.34413
450;450;-0.419147;5.34413
450;450;3.87576;1.99025
450;450;3.87576;1.99025
450;450;3.87576;1.99025
450;450;3.87576;1.99025
450;450;7.43856;1.78106
450;450;7.43856;1.78106
450;450;7.22692;4.71321
450;450;7.22692;4.71321
450;450;7.22692;4.71321
450;450;3.14123;13.1932
450;450;3.14123;13.1932
450;450;2.51181;9.62861
450;450;2.51181;9.62861
450;450;9.7361;-2.40785
450;450;12.573;-4.61008
450;450;12.573;-4.61008
450;450;12.573;-4.61008
450;450;18.0317;-5.87079
450;450;18.0317;-5.87079
450;450;12.5788;5.97493
450;450;12.5788;6.2894
450;450;12.5788;6.2894
450;450;12.0414;15.7061
450;450;12.0414;15.7061
450;450;12.0414;15.7061
450;450;11.7272;7.32953
450;450;11.7272;7.32953
450;450;11.7272;7.32953
450;450;11.1042;-4.39976
450;450;11.1042;-4.39976
450;450;11.1106;-5.97459
450;450;11.1106;-5.97459
450;450;9.95764;-10.901
450;450;9.95764;-10.901
450;450;10.7993;-5.87148
450;450;11.0045;-2.51532
450;450;10.2835;-1.46907
450;450;10.3824;-4.61438
450;450;10.3824;-4.61438
450;450;10.3824;-4.61438
450;450;7.86084;-2.41066
450;450;7.86084;-2.41066
450;450;8.38246;-2.61952
450;450;9.3244;-2.93352
450;450;9.3244;-2.93352
450;450;9.3244;-2.93352
450;450;12.1609;-2.20155
450;450;12.1609;-2.20155
450;450;12.1609;-2.20155
450;450;12.3785;-0.629417
450;450;12.3785;-0.629417
450;450;8.2825;-1.46778
450;450;8.2825;-1.46778
450;450;8.2825;-1.46778
450;450;8.60103;-3.46139
450;450;8.60103;-3.46139
450;450;9.54671;-3.88163
450;450;9.54671;-3.88163
450;450;12.8011;-3.67245
450;450;12.8011;-3.67245
450;450;14.0676;0.629894
450;450;14.0676;0.629894
450;450;12.2765;6.40056
450;450;9.23683;8.18719
450;450;6.82385;9.02848
450;450;3.77804;9.23522
450;450;1.99373;9.02427
450;450;-0.524209;7.65345
450;450;-1.46659;5.97111
450;450;-1.46608;5.34071
450;450;-1.77941;4.29151
450;450;-2.19758;3.03475
450;450;-1.77837;1.67376
450;450;-1.77837;1.67376
450;450;-1.98863;0.837319
450;450;-3.13922;0.627844
450;450;-3.13977;0.313977
450;450;-3.24518;0.104683
450;450;-3.24518;0.104683
450;450;-3.0374;-0.314214
450;450;-3.0374;-0.314214
450;450;-1.67581;-0.837904
450;450;-1.46659;-1.57134
450;450;-1.676;-2.40925
450;450;-0.838246;-3.35298
450;450;0.942971;-5.02918
450;450;0.942971;-5.02918
450;450;5.86567;-6.80837
450;450;7.54421;-6.60118
450;450;9.44125;-5.87456
450;450;9.23522;-6.19179
450;450;9.23522;-6.19179
450;450;10.0783;-17.3221
450;450;9.2487;-14.2934
450;450;9.2487;-14.2934
450;450;5.35192;-7.76552
450;450;5.35192;-7.76552
450;450;1.04836;-6.29014
450;450;-1.88539;-4.504
450;450;-3.1405;-3.45455
450;450;-3.03546;-3.2448
450;450;-0.209366;-4.29201
450;450;0.104756;-3.14269
450;450;0.104756;-3.14269
450;450;-2.0961;-1.04805
450;450;-3.87598;-0.419025
450;450;-4.08597;-0.733379
450;450;-3.45837;-1.25759
450;450;-2.61952;-1.25737
450;450;-1.88616;-0.943081
450;450;-1.88616;-0.943081
450;450;-1.88616;-0.943081
450;450;-1.78252;-0.52427
450;450;-0.209745;-5.68434e-14
450;450;-0.209745;-5.68434e-14
450;450;-0.314434;-0.104811
450;450;-0.943191;-0.419196
450;450;-1.4677;-0.733849
450;450;-2.20104;-0.943301
450;450;-2.30571;-0.943246
450;450;-2.30571;-0.943246
450;450;-1.78158;-1.15279
450;450;-1.78158;-1.15279
450;450;-0.943521;-2.51605
450;450;-0.943521;-2.51605
450;450;-0.419367;-4.82272
450;450;1.25825;-8.70288
450;450;1.78387;-9.12921
450;450;1.67835;-8.91622
450;450;1.57318;-8.91466
450;450;0.944015;-9.02059
450;450;0.419636;-8.91726
450;450;0.314782;-8.18433
450;450;0.524636;-7.76462
450;450;0.209818;-6.92399
450;450;-0.314635;-6.92197
450;450;-0.943246;-9.53726
450;450;0.209793;-11.0142
450;450;0.209793;-11.0142
450;450;1.67688;-0.314415
450;450;-0.314214;3.66583
450;450;0.209379;3.14068
450;450;0.209379;3.14068
450;450;0.209379;3.14068
450;450;-2.82776;7.2265
450;450;2.61921;-2.51444
450;450;4.50662;-8.59402
450;450;2.62456;-6.71887
450;450;2.62456;-6.71887
450;450;2.62456;-6.71887
450;450;-4.09312;2.09904
450;450;-4.09312;2.09904
450;450;-5.66343;2.4122
450;450;-5.66244;2.30692
450;450;-5.87114;1.36294
450;450;-5.87114;1.36294
450;450;-5.87114;1.36294
450;450;-1.15353;0.524331
450;450;-1.15353;0.524331
450;450;0.104909;1.88836
450;450;0.104909;1.88836
450;450;-1.04952;1.46932
450;450;-1.04952;1.46932
450;450;-2.83254;3.46199
450;450;-2.72779;4.09169
450;450;-2.72716;3.67117
450;450;-3.45917;2.41094
450;450;-3.66839;2.20104
450;450;-4.19269;1.78189
450;450;-4.29651;-0.314379
450;450;-4.29651;-0.314379
450;450;-3.9812;-4.19074
450;450;-5.5537;-2.82924
450;450;-5.5537;-2.82924
450;450;-7.85307;-5.68434e-14
450;450;-6.07057;-2.61662
450;450;-3.76728;-4.91839
450;450;-2.72176;-4.92011
450;450;-1.25715;-3.66668
450;450;-1.25715;-3.66668
450;450;-0.733379;-1.88583
450;450;-0.523477;0.418781
450;450;-0.523477;0.418781
450;450;-1.88517;0.209464
450;450;-3.97842;-3.97842
450;450;-3.97842;-3.97842
450;450;-2.93249;-11.2063
450;450;-2.30558;-7.75513
450;450;-2.93488;-1.99153
450;450;-2.72604;-2.09696
450;450;-2.30719;-3.46078
450;450;-2.30719;-3.46078
450;450;-2.30719;-3.46078
450;450;-3.35611;-2.72684
450;450;-3.35611;-2.72684
450;450;-0.943685;-0.838831
450;450;-1.25839;-1.25839
450;450;-1.25839;-1.25839
450;450;-3.77276;-1.04799
450;450;-6.18098;0.733337
450;450;-4.81319;2.30196
450;450;-4.29076;1.56979
450;450;-4.70883;0.418562
450;450;-4.81207;-2.40603
450;450;-2.61708;-5.96694
450;450;-1.36151;-8.06436
450;450;0.209525;-10.4762
450;450;1.78055;-10.2643
450;450;1.78055;-10.2643
450;450;3.03705;-5.86465
450;450;3.03705;-5.86465
450;450;1.04726;-3.2465
450;450;1.04726;-3.2465
450;450;-4.18928;-3.97981
450;450;-4.18928;-3.97981
450;450;-7.22398;-2.1986
450;450;-6.48885;-0.94193
450;450;-4.60472;-1.36049
450;450;-5.44163;-5.65092
450;450;-6.697;-7.84804
450;450;-7.01214;-6.27953
450;450;-7.01214;-6.27953
450;450;-7.01214;-6.27953
450;450;-5.44353;-1.46556
450;450;-4.81515;-0.523386
450;450;-3.97611;1.98806
450;450;-3.45234;2.61541
450;450;-2.5124;1.46556
450;450;-2.30504;-3.45756
450;450;-2.82974;-6.60272
450;450;-3.87508;-7.64543
450;450;-0.104665;-6.2799
450;450;3.45274;-6.59159
450;450;6.69388;-7.11225
450;450;6.69388;-7.11225
450;450;7.42905;-8.05686
450;450;6.59351;-8.26805
450;450;6.59351;-8.26805
450;450;6.59351;-8.26805
450;450;10.5687;-4.91811
450;450;11.8271;-4.29126
450;450;11.5158;-2.30316
450;450;11.4151;0.837807
450;450;12.3627;1.9906
450;450;13.7215;2.51386
450;450;12.362;1.36191
450;450;12.362;1.36191
450;450;9.85455;-2.9354
450;450;9.85455;-2.9354
450;450;9.85455;-2.9354
450;450;8.80055;-5.86704
450;450;6.17954;-3.35162
450;450;6.17954;-3.35162
450;450;4.60767;-1.0472
450;450;2.72414;0.523873
450;450;2.51503;0.523964
450;450;2.51503;0.523964
450;450;2.62089;0.314507
450;450;1.67678;-0.104799
450;450;1.67678;-0.104799
450;450;-0.838392;-0.419196
450;450;-0.943026;-1.04781
450;450;0.628611;-2.40968
450;450;1.46676;-3.14305
450;450;3.24858;-5.97319
450;450;4.81879;-7.85672
450;450;4.81879;-7.85672
450;450;5.23629;-8.06389
450;450;5.23629;-8.06389
450;450;9.74574;-7.54509
450;450;9.74574;-7.54509
450;450;11.8402;-5.76294
450;450;9.53837;-3.77342
450;450;6.81273;-2.41066
450;450;3.66604;-1.88539
450;450;2.3041;-1.98991
450;450;0.418952;-2.51371
450;450;-1.36112;-2.93164
450;450;-1.36112;-2.93164
450;450;-2.19809;-3.03546
450;450;-2.19809;-3.03546
450;450;-3.45173;-2.30116
450;450;-4.91582;-1.46429
450;450;-4.91582;-1.46429
450;450;-4.4985;-1.36001
450;450;-4.4985;-1.36001
450;450;-4.4985;-1.36001
450;450;-4.4985;-1.36001
450;450;-4.08051;-1.04628
450;450;-4.08051;-1.04628
450;450;1.46488;-2.82513
450;450;5.02333;-1.9884
450;450;5.02333;-1.9884
450;450;5.02333;-1.9884
450;450;7.01622;3.56047
450;450;7.01622;3.56047
450;450;7.01622;3.56047
450;450;0.313958;1.9884
450;450;-1.88408;0.523355
450;450;-1.88408;0.523355
450;450;-1.15125;-2.82579
450;450;1.56997;-9.52451
450;450;6.59849;-14.9775
450;450;9.32548;-15.1932
450;450;8.90221;-13.7199
450;450;6.07622;-8.69528
450;450;5.34257;-5.34257
450;450;6.28392;-5.86499
450;450;11.7252;-11.3064
450;450;18.5322;-12.0407
450;450;21.146;-9.21212
450;450;21.146;-9.21212
450;450;20.437;-4.61142
450;450;12.3641;-5.55338
450;450;12.3641;-5.55338
450;450;12.3641;-5.55338
450;450;6.60503;-6.2905
450;450;3.45897;-5.24086
450;450;2.09561;-5.23903
450;450;2.09561;-5.23903
450;450;3.66626;-6.91351
450;450;5.65882;-7.12592
450;450;5.65882;-7.12592
450;450;4.08407;-4.50295
450;450;3.03634;-4.81627
450;450;3.87148;-3.76684
450;450;3.76728;-2.61617
450;450;3.9768;-2.40701
450;450;8.37563;-4.71129
450;450;10.7843;-5.02567
450;450;12.9898;-5.13306
450;450;12.3663;-8.90791
450;450;12.3663;-8.90791
450;450;10.5841;-10.3745
450;450;10.5841;-10.3745
450;450;8.90325;-10.7886
450;450;8.90325;-10.7886
450;450;7.32442;-9.20784
450;450;7.32442;-9.20784
450;450;7.32442;-9.20784
450;450;6.48847;-6.27917
450;450;6.17595;-5.65256
450;450;5.23446;-3.97819
450;450;5.23446;-3.97819
450;450;3.13995;-1.7793
450;450;-0.209379;-0.418757
450;450;-2.72145;0.523355
450;450;-4.08122;0.837173
450;450;-4.08122;0.837173
450;450;-5.02187;1.15085
450;450;-5.02187;1.15085
450;450;-5.12828;1.04659
450;450;-3.87238;1.25591
450;450;-3.34889;1.36049
450;450;-2.19835;1.36088
450;450;-0.314104;0.628209
450;450;-0.209403;0.628209
450;450;0.733209;-0.104744
450;450;0.733209;-0.104744
450;450;-1.78127;-5.68434e-14
450;450;-2.61921;0.104768
450;450;-3.14269;-5.68434e-14
450;450;-2.93437;0.104799
450;450;-2.51547;-5.68434e-14
450;450;-2.51547;-5.68434e-14
450;450;-1.88682;-0.419294
450;450;-1.36231;-0.523964
450;450;-1.36231;-0.523964
450;450;-1.36231;-0.523964
450;450;-1.2573;-0.209549
450;450;-1.25737;-0.209561
450;450;-1.78003;-5.68434e-14
450;450;-2.0933;-5.68434e-14
450;450;-2.0933;-5.68434e-14
450;450;-2.0933;-5.68434e-14
450;450;-1.36009;-0.418489
450;450;-0.94193;-0.627953
450;450;-0.94193;-0.627953
450;450;-0.94193;-0.627953
450;450;-1.36175;-2.3045
450;450;-0.838197;-5.02918
450;450;-0.209525;-8.27623
450;450;0.31436;-9.5356
450;450;2.8304;-11.8457
450;450;5.56212;-13.433
450;450;5.56212;-13.433
450;450;1.36358;-7.23745
450;450;0.943466;-5.13665
450;450;0.419294;-5.66046
450;450;-1.25869;-6.92278
450;450;-1.25869;-6.92278
450;450;-1.78293;-7.02685
450;450;-1.67874;-5.66574
450;450;-0.524606;-5.03622
450;450;0.419709;-4.6168
450;450;1.36398;-3.25256
450;450;1.36398;-3.25256
450;450;1.78356;-1.67864
450;450;1.78252;-1.04854
450;450;1.78252;-1.04854
450;450;1.46702;-1.36223
450;450;1.46702;-1.36223
450;450;0.314251;-2.93301
450;450;0.314251;-2.93301
450;450;0.314251;-2.93301
450;450;-5.68434e-14;-2.72303
450;450;0.314141;-2.93198
450;450;0.837709;-3.56026
450;450;1.57125;-4.92326
450;450;0.83805;-5.34257
450;450;0.83805;-5.34257
450;450;0.83805;-5.34257
450;450;2.82595;-5.9659
450;450;8.7893;-10.4635
450;450;8.7893;-10.4635
450;450;13.935;-13.8302
450;450;17.7203;-15.4135
450;450;18.5895;-16.3839
450;450;18.5895;-16.3839
450;450;18.5895;-16.3839
450;450;12.2958;-13.2417
450;450;8.10018;-11.2561
450;450;5.47089;-10.5209
450;450;4.52242;-10.3069
450;450;4.52242;-10.3069
450;450;4.52242;-10.3069
450;450;5.03328;-5.97702
450;450;5.02918;-4.08621
450;450;4.29426;-3.77057
450;450;4.29426;-3.77057
450;450;2.61876;-5.65651
450;450;2.61876;-5.65651
450;450;2.1986;-7.95685
450;450;2.1986;-7.95685
450;450;2.1986;-7.95685
450;450;11.5138;-10.5718
450;450;12.6792;-10.5835
450;450;11.2187;-8.49267
450;450;10.0654;-7.54904
450;450;6.60234;-4.82075
450;450;4.40053;-2.09549
450;450;3.98375;-1.04836
450;450;3.98399;-0.524209
450;450;3.98399;-0.524209
450;450;3.2482;3.14342
450;450;4.19025;1.99037
450;450;4.6082;0.628392
450;450;4.6082;0.628392
450;450;4.19172;0.419172
450;450;5.23873;-5.68434e-14
450;450;5.44891;-0.209574
450;450;3.87734;-0.314379
450;450;3.03617;-0.628172
450;450;3.03617;-0.628172
450;450;3.45555;-2.19899
450;450;2.82661;-3.76881
450;450;2.82661;-3.76881
450;450;2.51181;-4.18635
450;450;1.25576;-3.34869
450;450;-0.418465;-2.09233
450;450;-0.732144;-1.67347
450;450;-0.836687;-1.56879
450;450;-0.836833;-1.88287
450;450;-0.837027;-2.1972
450;450;-0.628355;-2.8276
450;450;0.314379;-3.87734
450;450;0.314379;-3.87734
450;450;-0.524178;-6.1853
450;450;-0.524178;-6.1853
450;450;-0.524178;-6.1853
450;450;-9.43685;-12.897
450;450;-11.1093;-11.2141
450;450;-9.95706;-7.44159
450;450;-9.95706;-7.44159
450;450;-7.85718;-2.82858
450;450;-4.92154;-0.314141
450;450;0.313958;-3.45354
450;450;0.313958;-3.45354
450;450;1.99211;-6.29087
450;450;1.99211;-6.29087
450;450;1.99211;-6.29087
450;450;0.83849;-0.83849
450;450;-1.04787;-1.15265
450;450;-2.72588;-2.09683
450;450;-2.72588;-2.09683
450;450;-2.82891;-7.439
450;450;-2.30544;-7.3355
450;450;0.314305;-6.28611
450;450;1.36247;-6.0787
450;450;1.46736;-5.86943
450;450;0.838392;-1.67678
450;450;0.733379;0.104768
450;450;-0.733166;0.418952
450;450;-0.837807;-0.942532
450;450;0.838148;-3.45736
450;450;0.838148;-3.45736
450;450;2.41122;-5.66112
450;450;2.41122;-5.66112
450;450;6.18386;-9.11857
450;450;7.75603;-11.3196
450;450;7.75603;-11.3196
450;450;7.12136;-9.63478
450;450;5.13067;-12.879
450;450;3.8699;-12.7602
450;450;3.8699;-12.7602
450;450;3.8699;-12.7602
450;450;5.12769;-7.32527
450;450;5.0283;-5.65684
450;450;3.77035;-4.18928
450;450;3.77035;-4.18928
450;450;3.77035;-4.18928
450;450;6.28209;-3.45515
450;450;8.16956;-0.733166
450;450;8.16956;-0.733166
450;450;8.48329;-0.52366
450;450;11.7232;-1.04671
450;450;15.2775;-2.19745
450;450;15.9063;-1.77899
450;450;15.2722;-1.15065
450;450;14.7449;-1.25488
450;450;14.7449;-1.25488
450;450;14.8521;0.313776
450;450;15.6934;0.418489
450;450;15.6934;0.418489
450;450;17.7141;-1.36262
450;450;17.6309;-1.57418
450;450;17.6309;-1.57418
450;450;13.5483;-1.99548
450;450;11.2351;-2.20502
450;450;7.76869;-2.51958
450;450;6.92641;-2.20386
450;450;6.08188;-0.83888
450;450;6.08188;-0.83888
450;450;5.02801;0.838002
450;450;2.82628;2.61693
450;450;2.82628;2.61693
450;450;2.82628;2.61693
450;450;0.627807;2.19732
450;450;0.627807;2.19732
450;450;0.627807;-5.7549
450;450;-2.19771;-7.22104
450;450;-2.19771;-7.22104
450;450;-3.97542;-2.40617
450;450;-3.97542;-2.40617
450;450;-2.72192;-5.75791
450;450;-2.72192;-5.75791
450;450;0.523781;-9.21855
450;450;1.04848;-4.71815
450;450;1.04848;-4.71815
450;450;2.09525;-0.314287
450;450;4.08645;-1.04781
450;450;8.38685;-4.82244
450;450;8.38685;-4.82244
450;450;8.38685;-4.82244
450;450;8.39125;-0.839125
450;450;4.71705;0.104823
450;450;3.56171;0.83805
450;450;4.70965;1.04659
450;450;10.0467;-0.418611
450;450;10.0467;-0.418611
450;450;13.0763;-1.67376
450;450;13.9261;-1.57061
450;450;13.9261;-1.57061
450;450;11.5265;0.104787
450;450;11.5265;0.104787
450;450;11.5265;0.104787
450;450;9.63085;2.5124
450;450;7.85444;2.93232
450;450;7.85444;2.93232
450;450;5.13037;2.09403
450;450;3.87418;1.25649
450;450;2.92994;-0.209281
450;450;2.92994;-0.209281
450;450;5.54531;-0.627771
450;450;5.54531;-0.627771
450;450;6.70089;-0.418806
450;450;5.97146;-0.942862
450;450;5.44955;-0.943191
450;450;4.50557;-0.943026
450;450;3.66647;-0.942807
450;450;1.78003;-0.942368
450;450;0.314031;-1.04677
450;450;0.314031;-1.04677
450;450;-0.627807;-1.36025
450;450;-0.418611;-1.46514
450;450;-0.418611;-1.46514
450;450;0.732825;-3.66412
450;450;2.93028;-7.535
450;450;2.92977;-8.58003
450;450;3.03387;-10.0432
450;450;4.28952;-12.3454
450;450;6.1781;-15.0788
450;450;5.76126;-13.0938
450;450;5.97076;-13.0938
450;450;4.82103;-9.85168
450;450;4.08954;-6.60618
450;450;3.24953;-5.24117
450;450;2.19963;-4.08502
450;450;2.93369;-3.66711
450;450;3.56358;-3.56358
450;450;3.56358;-3.56358
450;450;2.30397;-2.72287
450;450;1.25649;-2.8271
450;450;-0.628245;-2.8271
450;450;-0.628245;-2.8271
450;450;-0.628245;-2.8271
450;450;-0.733337;-3.87621
450;450;1.36175;-2.93301
450;450;1.676;-2.61876
450;450;1.15158;-3.03599
450;450;1.15158;-3.03599
450;450;2.40673;-4.08098
450;450;2.8248;-5.85885
450;450;2.8248;-5.85885
450;450;3.34558;-5.95932
450;450;3.34558;-5.95932
450;450;1.88287;-3.03352
450;450;1.56879;-2.51006
450;450;1.56879;-2.51006
450;450;1.56879;-2.51006
450;450;2.50962;-2.40506
450;450;2.61328;-3.03141
450;450;2.61328;-3.03141
450;450;5.0175;-3.13594
450;450;5.0175;-3.13594
450;450;5.74788;-1.98563
450;450;7.10565;0.313484
450;450;8.99125;1.25459
450;450;9.8305;1.25496
450;450;10.1472;0.10461
450;450;10.1472;0.10461
450;450;8.89187;-3.66136
450;450;8.15817;-5.96174
450;450;8.15817;-5.96174
450;450;7.85033;-9.7344
450;450;9.31735;-10.0502
450;450;10.9956;-9.0059
450;450;11.3163;-6.4964
450;450;11.4238;-5.34506
450;450;11.4231;-3.98236
450;450;10.066;-2.62135
450;450;10.066;-2.62135
450;450;8.59302;-2.51503
450;450;9.42478;-3.35103
450;450;9.42478;-3.35103
450;450;12.9905;-3.24763
450;450;12.7855;-0.733593
450;450;12.5773;-1.04811
450;450;11.9554;-1.78283
450;450;11.9554;-1.78283
450;450;11.2187;-2.09696
450;450;10.5828;-3.56254
450;450;10.5828;-3.56254
450;450;10.4768;-5.23842
450;450;10.2679;-7.12467
450;450;10.4817;-7.44203
450;450;10.4817;-7.44203
450;450;9.85512;-4.71788
450;450;9.85512;-4.71788
450;450;9.02269;-3.14745
450;450;9.02269;-3.14745
450;450;7.23366;-0.629014
450;450;7.23366;-0.629014
450;450;7.23366;-0.629014
450;450;9.74177;-8.38002
450;450;11.1029;-12.3598
450;450;11.1029;-12.3598
450;450;6.49754;-5.76394
450;450;3.35279;-4.08621
450;450;3.35279;-4.08621
450;450;7.12218;-3.87531
450;450;8.79083;-1.46514
450;450;8.79083;-1.46514
450;450;8.05358;1.77806
450;450;7.21349;2.19541
450;450;8.35861;0.940344
450;450;12.8641;-0.104586
450;450;14.6505;0.104647
450;450;16.3372;-5.68434e-14
450;450;15.4931;-5.68434e-14
450;450;13.7159;0.314104
450;450;9.74517;-0.31436
450;450;7.32569;-1.15118
450;450;7.32569;-1.15118
450;450;8.16197;-3.97634
450;450;8.69984;-0.104817
450;450;8.69984;-0.104817
450;450;6.38753;6.07339
450;450;9.21105;6.07092
450;450;11.8313;6.9103
450;450;12.0393;7.32825
450;450;10.9969;7.85489
450;450;12.562;8.06061
450;450;11.2037;8.79543
450;450;11.2037;8.79543
450;450;2.93096;7.22272
450;450;2.93096;7.22272
450;450;1.2554;4.60312
450;450;1.36009;3.55716
450;450;2.19732;1.15098
450;450;3.14013;-1.25605
450;450;3.14269;-2.30464
450;450;1.25708;0.942807
450;450;1.25708;0.942807
450;450;1.57007;3.03546
450;450;0.20933;4.08193
450;450;0.20933;4.08193
450;450;0.732953;3.45535
450;450;1.88528;2.30424
450;450;3.24782;0.628611
450;450;3.77167;-5.68434e-14
450;450;4.29701;-1.25766
450;450;4.29751;-2.30598
450;450;4.61142;-2.41052
450;450;4.61142;-2.41052
450;450;4.60928;-1.78086
450;450;4.18928;-1.15205
450;450;3.8744;0.209427
450;450;3.8744;0.209427
450;450;3.8744;0.209427
450;450;5.13097;0.314141
450;450;5.55015;0.10472
450;450;6.0748;-0.418952
450;450;5.65618;-0.733209
450;450;5.65618;-0.733209
450;450;4.81767;-0.837855
450;450;4.81767;-0.837855
450;450;4.81767;-0.837855
450;450;2.72303;-0.733123
450;450;2.40799;-0.732868
450;450;1.7792;-0.627953
450;450;1.25576;-0.523233
450;450;1.25569;-0.418562
450;450;1.7791;-0.313958
450;450;1.98829;-0.31394
450;450;1.46522;-0.313977
450;450;0.628172;-0.209391
450;450;0.523507;-0.523507
450;450;0.41883;-0.41883
450;450;-0.418903;-0.104726
450;450;-0.837904;-0.314214
450;450;-0.104781;-2.93386
450;450;-5.68434e-14;-5.97111
450;450;-0.524025;-7.33636
450;450;-0.524025;-7.33636
450;450;-0.20983;-5.66541
450;450;-0.314763;-4.51161
450;450;-0.314763;-4.51161
450;450;-0.734491;-3.98724
450;450;0.104952;-3.46341
450;450;0.734748;-3.04396
450;450;0.314874;-2.62395
450;450;0.3148;-1.574
450;450;0.3148;-1.574
450;450;0.104897;-0.419587
450;450;-0.31447;0.31447
450;450;-0.314141;0.523568
450;450;0.104738;0.104738
450;450;0.2095;-0.10475
450;450;0.628611;-0.628611
450;450;2.72446;-1.46702
450;450;4.0874;-1.25766
450;450;4.82019;1.04787
450;450;4.82019;1.04787
450;450;3.24782;2.93352
450;450;3.24782;2.93352
450;450;3.14141;2.40841
450;450;3.45656;1.57116
450;450;3.98306;0.314452
450;450;4.40361;-0.314543
450;450;3.98352;-1.0483
450;450;1.78221;-0.838685
450;450;0.94363;-0.524239
450;450;0.20972;-0.41944
450;450;-0.209635;-0.524086
450;450;-0.733721;-0.419269
450;450;-0.733721;-0.419269
450;450;-0.733465;-0.628684
450;450;-0.733465;-0.628684
450;450;-1.15232;-0.733294
450;450;-0.838099;-0.733337
450;450;-0.419001;-0.523751
450;450;-0.419001;-0.523751
450;450;-0.419001;-0.523751
450;450;1.8855;-2.72351
450;450;3.98028;-3.87553
450;450;7.75377;-4.40079
450;450;9.5356;-2.72446
450;450;9.53393;-1.78106
450;450;7.85764;-0.419074
450;450;6.28721;-0.104787
450;450;5.34568;-0.104817
450;450;3.24953;-0.31447
450;450;1.36239;-0.628794
450;450;1.36239;-0.628794
450;450;0.733465;-0.733465
450;450;0.209476;-0.418952
450;450;0.209476;-0.418952
450;450;-0.209561;-0.314342
450;450;1.04781;-3.56254
450;450;1.04781;-3.56254
450;450;7.65211;-11.6354
450;450;9.64881;-9.96345
450;450;9.44456;-5.0371
450;450;8.3981;-1.15474
450;450;7.66192;-1.15454
450;450;5.98295;-2.09928
450;450;4.51319;-1.78428
450;450;2.8332;-1.36413
450;450;2.8332;-1.36413
450;450;1.99385;-1.46915
450;450;1.25927;-1.36421
450;450;0.839027;-1.25854
450;450;0.314507;-1.25803
450;450;0.419269;-0.838538
450;450;0.628977;-0.733807
450;450;0.62905;-0.62905
450;450;0.943685;-0.419416
450;450;0.943685;-0.419416
450;450;0.943685;-0.419416
450;450;0.839027;-0.524392
450;450;1.04872;-0.734106
450;450;2.51649;-1.46796
450;450;3.35454;-2.72557
450;450;3.45958;-3.56441
450;450;4.19367;-6.39534
450;450;4.19367;-6.39534
450;450;5.2427;-8.80773
450;450;5.66541;-7.02931
450;450;7.03177;-5.56244
450;450;7.65924;-4.61653
450;450;7.66014;-3.88254
450;450;7.66014;-3.88254
450;450;7.66014;-3.88254
450;450;12.9023;-3.1469
450;450;13.5301;-3.25142
450;450;12.6947;-2.72779
450;450;12.6947;-2.72779
450;450;7.65924;-1.4689
450;450;7.65924;-1.4689
450;450;3.88118;-1.67835
450;450;2.51708;-2.62196
450;450;2.30813;-3.77694
450;450;2.09806;-4.30102
450;450;2.09806;-4.30102
450;450;2.09806;-4.30102
450;450;1.57299;-4.82384
450;450;1.15366;-5.03416
450;450;0.524484;-5.13994
450;450;0.734405;-4.72118
450;450;1.25913;-3.98724
450;450;2.51752;-2.41262
450;450;3.1458;-1.36318
450;450;3.564;-1.57235
450;450;5.55499;-4.08764
450;450;7.75377;-5.34382
450;450;7.75377;-5.34382
450;450;7.02972;-0.104921
450;450;6.39684;2.30706
450;450;6.18602;2.09696
450;450;5.55888;-0.94396
450;450;7.02972;-2.51811
450;450;7.02972;-2.51811
450;450;7.02972;-2.51811
450;450;8.28684;-2.20283
450;450;7.13214;-2.83188
450;450;5.77134;-2.2036
450;450;5.77134;-2.2036
450;450;3.77716;-1.15413
450;450;2.20399;-0.104952
450;450;2.20386;0.104946
450;450;2.72811;0.419709
450;450;2.93677;0.629307
450;450;2.72525;1.15299
450;450;3.03952;1.36255
450;450;3.35415;1.36262
450;450;3.35357;0.523995
450;450;4.0855;-1.88561
450;450;5.34226;-3.14251
450;450;8.80619;-4.61277
450;450;11.4397;-2.51884
450;450;11.4397;-2.51884
450;450;10.817;-2.83552
450;450;11.5528;-6.72161
450;450;13.1259;-9.97565
450;450;14.2743;-10.7057
450;450;14.1701;-10.3914
450;450;13.7495;-9.23629
450;450;13.1174;-7.76552
450;450;13.1174;-7.76552
450;450;10.1809;-4.93302
450;450;10.1809;-4.93302
450;450;7.12841;-2.51591
450;450;4.92469;-1.15259
450;450;3.66626;-0.838002
450;450;1.88583;-0.523842
450;450;1.88583;-0.523842
450;450;-0.943136;-5.68434e-14
450;450;-0.628794;-0.209598
450;450;0.419172;-0.104793
450;450;0.419172;-0.104793
450;450;-0.41922;0.20961
450;450;-0.104787;0.628721
450;450;-0.104787;0.628721
450;450;0.209574;0.838294
450;450;-5.68434e-14;0.838197
450;450;-5.68434e-14;0.838197
450;450;0.209586;0.943136
450;450;0.10475;0.733251
450;450;0.10475;0.733251
450;450;0.10475;0.733251
450;450;-0.941984;0.837319
450;450;-0.941984;0.837319
450;450;-0.418514;0.627771
450;450;-0.418514;0.627771
450;450;-0.418514;0.627771
450;450;-5.68434e-14;0.104677
450;450;-0.209366;0.104683
450;450;-0.209366;0.104683
450;450;-0.209427;-5.68434e-14
450;450;-0.104732;-0.209464
450;450;-0.104762;-0.209525
450;450;-0.314214;-0.209476
450;450;-0.314214;-0.209476
450;450;-0.314214;-0.209476
450;450;0.837612;-0.209403
450;450;0.837612;-0.209403
450;450;0.314031;-0.209354
450;450;0.314031;-0.209354
450;450;0.314086;-5.68434e-14
450;450;0.314013;-0.104671
450;450;0.523507;-0.104701
450;450;1.15185;-5.68434e-14
450;450;1.15185;-5.68434e-14
450;450;1.57034;-0.209379
450;450;1.15138;-5.68434e-14
450;450;1.15138;-5.68434e-14
450;450;1.04647;-0.418587
450;450;1.04647;-0.418587
450;450;2.09196;-1.56897
450;450;2.09196;-1.56897
450;450;5.65158;-4.50033
450;450;6.07092;-3.2448
450;450;7.53544;-5.23294
450;450;7.53544;-5.23294
450;450;6.48772;-10.1501
450;450;6.48772;-10.1501
450;450;4.81571;-13.2955
450;450;5.55176;-14.8745
450;450;5.55176;-14.8745
450;450;5.34102;-9.7395
450;450;5.34102;-9.7395
450;450;7.22776;-7.22776
450;450;7.01663;-5.23629
450;450;5.96972;-3.87508
450;450;5.34257;-2.30464
450;450;5.44891;-1.88616
450;450;5.65882;-1.57189
450;450;5.55499;-1.04811
450;450;5.55726;-0.629124
450;450;5.34911;-0.314653
450;450;5.13844;-0.419465
450;450;5.24209;-0.524209
450;450;6.18458;-0.524117
450;450;7.75964;-0.5243
450;450;7.75964;-0.5243
450;450;8.07187;-1.25795
450;450;8.17861;-2.83106
450;450;8.17861;-2.83106
450;450;9.4385;-9.85799
450;450;8.07705;-9.96519
450;450;8.07705;-9.96519
450;450;6.2949;-4.72118
450;450;6.2949;-4.61626
450;450;6.2949;-4.61626
450;450;5.76596;-1.67737
450;450;4.50714;-1.25781
450;450;4.29676;-0.943191
450;450;4.29676;-0.943191
450;450;2.62181;1.04872
450;450;2.62181;1.04872
450;450;-0.209659;1.46761
450;450;0.31436;1.25744
450;450;1.99025;1.4665
450;450;3.6654;2.30397
450;450;4.39925;2.72335
450;450;5.13067;3.45535
450;450;4.29226;3.66412
450;450;4.29226;3.66412
450;450;1.57043;2.61738
450;450;1.57043;2.61738
450;450;0.31394;1.36041
450;450;0.523112;0.627734
450;450;0.209269;0.104635
450;450;-0.732442;-0.104635
450;450;-0.732442;-0.104635
450;450;-0.732442;-0.104635
450;450;-0.732399;-1.15091
450;450;-0.732399;-1.15091
450;450;-0.314104;-2.93164
450;450;2.61815;-5.75992
450;450;2.61815;-5.75992
450;450;2.61815;-5.75992
450;450;5.24148;-4.92699
450;450;6.49829;-2.41066
450;450;6.49829;-2.41066
450;450;5.6575;-2.09537
450;450;5.6575;-2.09537
450;450;7.43553;-0.837807
450;450;7.43553;-0.837807
450;450;7.54026;-0.628355
450;450;7.33337;-1.25715
450;450;7.33337;-1.25715
450;450;7.86267;-3.45958
450;450;7.86267;-3.45958
450;450;7.86267;-3.45958
450;450;7.75874;-1.57272
450;450;8.18194;-2.93711
450;450;8.9157;-4.19562
450;450;10.0695;-5.45431
450;450;9.85799;-5.76797
450;450;8.07281;-6.08082
450;450;7.12675;-5.34506
450;450;7.12675;-5.34506
450;450;6.49565;-4.81935
450;450;6.49565;-4.81935
450;450;7.64454;-8.90118
450;450;7.64454;-8.90118
450;450;10.2613;-13.612
450;450;13.6183;-11.2089
450;450;13.6183;-11.2089
450;450;9.53671;-7.23113
450;450;9.53671;-7.23113
450;450;9.53671;-7.23113
450;450;6.59849;-3.77057
450;450;7.96148;-4.39976
450;450;8.58952;-4.39951
450;450;6.9119;-2.30397
450;450;6.9119;-2.30397
450;450;5.44321;-0.523386
450;450;3.7664;0.523112
450;450;1.67444;-0.732569
450;450;1.67444;-0.732569
450;450;-0.836395;-4.28653
450;450;0.313703;-6.16949
450;450;0.104592;-7.94899
450;450;0.104592;-7.94899
450;450;0.209245;-8.16054
450;450;0.418465;-8.3693
450;450;0.418465;-8.3693
450;450;2.61723;-10.6783
450;450;3.98051;-11.2083
450;450;3.98051;-11.2083
450;450;3.98051;-11.2083
450;450;3.35103;-5.65487
450;450;6.49527;-4.29526
450;450;9.11062;-3.97935
450;450;9.11062;-3.97935
450;450;11.7443;-3.6701
450;450;11.954;-4.1944
450;450;11.954;-4.1944
450;450;10.2835;-3.67267
450;450;8.18337;-2.20322
450;450;7.23829;-2.20296
450;450;7.86359;-5.45209
450;450;8.59452;-7.54641
450;450;11.1139;-10.9042
450;450;11.1139;-10.9042
450;450;11.854;-10.9099
450;450;11.854;-10.805
450;450;9.76165;-9.44676
450;450;9.45282;-7.66729
450;450;9.45282;-7.66729
450;450;10.7213;-7.25267
450;450;11.132;-6.93126
450;450;11.222;-5.76831
450;450;11.634;-5.76462
450;450;12.1553;-5.65849
450;450;12.2522;-3.97935
450;450;11.7177;-1.8832
450;450;10.9796;-1.25481
450;450;9.08946;-1.88058
450;450;10.3492;-8.88567
450;450;10.3492;-8.88567
450;450;16.7405;-11.1952
450;450;14.9793;-10.7893
450;450;15.4162;-13.2139
450;450;13.6358;-11.6429
450;450;10.9067;-9.85799
450;450;6.60426;-6.70909
450;450;5.76428;-3.14415
450;450;4.92383;-1.88572
450;450;2.51298;-0.83766
450;450;2.51298;-0.83766
450;450;2.7216;-1.67483
450;450;5.54692;-5.12828
450;450;6.69039;-7.73576
450;450;4.70636;-4.39261
450;450;4.39976;-5.44733
450;450;4.39976;-5.44733
450;450;4.39976;-5.44733
450;450;2.09293;-1.04647
450;450;2.09293;-1.04647
450;450;-0.627442;0.418295
450;450;-0.522808;-1.04562
450;450;-2.40687;-1.88364
450;450;-1.46556;-3.03581
450;450;-0.941875;-2.82562
450;450;-1.7793;-2.72129
450;450;0.83805;-5.86635
450;450;4.71376;-11.6273
450;450;5.87011;-9.95822
450;450;8.38783;-9.12176
450;450;8.38783;-9.12176
450;450;11.6361;-8.28153
450;450;9.64656;-7.44463
450;450;3.7743;-5.45177
450;450;0.83805;-3.03793
450;450;2.40996;-1.67649
450;450;3.45897;-2.30598
450;450;4.71705;-5.03152
450;450;4.09002;-9.75312
450;450;3.66967;-9.96054
450;450;4.1944;-7.13048
450;450;4.81991;-6.18206
450;450;4.81991;-6.18206
450;450;3.77035;-1.88517
450;450;3.14086;-1.15165
450;450;3.76772;-1.98852
450;450;2.61678;-1.88408
450;450;1.36009;-0.732356
450;450;1.36009;-0.732356
450;450;0.83625;-0.83625
450;450;0.83625;-0.83625
450;450;-2.19452;-0.104501
450;450;-2.19452;-0.104501
450;450;-1.3593;-0.731931
450;450;-1.77775;-7.63388
450;450;-1.88266;-9.0995
450;450;-3.13812;-9.51897
450;450;-3.86878;-7.52843
450;450;-3.2431;-6.27698
450;450;-3.87013;-4.07932
450;450;-3.87013;-4.07932
450;450;-6.48244;-0.313666
450;450;-6.48244;-0.313666
450;450;-6.79492;0.940836
450;450;-5.4372;-0.104562
450;450;-5.02041;-1.15051
450;450;-5.3345;-3.24254
450;450;-5.43878;-4.28827
450;450;-5.02041;-5.96174
450;450;-5.22869;-4.49667
450;450;-4.80927;-4.07743
450;450;-4.80927;-4.07743
450;450;-2.4038;-2.82185
450;450;-1.35906;-1.77724
450;450;-1.35906;-1.77724
450;450;-2.40394;-0.731634
450;450;-3.13466;-0.104489
450;450;-3.34286;-0.104464
450;450;-3.03;0.208965
450;450;-2.92636;0.313539
450;450;-2.19541;-0.522717
450;450;-0.313666;-2.19567
450;450;0.732059;-2.92823
450;450;0.732059;-2.92823
450;450;2.30236;-4.08146
450;450;2.3033;-5.54885
450;450;1.67454;-6.17487
450;450;2.19707;-5.96347
450;450;3.55716;-5.44036
450;450;3.8717;-5.12739
450;450;3.76619;-6.27698
450;450;3.66178;-8.47441
450;450;1.98794;-7.11473
450;450;-0.209306;-3.45354
450;450;-0.209306;-3.45354
450;450;0.731974;-4.49641
450;450;0.731974;-4.49641
450;450;0.627661;-3.55675
450;450;-0.10458;-3.24197
450;450;-1.98748;-3.24273
450;450;-2.19541;-3.24084
450;450;-1.46361;-4.18173
450;450;1.56842;-3.55509
450;450;1.56842;-3.55509
450;450;2.40589;-4.81179
450;450;1.04604;-4.18416
450;450;1.04604;-4.18416
450;450;1.04604;-4.18416
450;450;1.88419;-2.93096
450;450;1.67552;-2.09439
450;450;1.67552;-2.09439
450;450;-2.30209;0.104641
450;450;-3.45274;0.104628
450;450;-3.24348;-0.104628
450;450;-2.82513;0.104635
450;450;-2.82513;0.104635
450;450;-2.19605;-0.522869
450;450;-1.56833;-0.940999
450;450;1.15044;-2.30089
450;450;0.313922;-2.8253
450;450;-0.837758;-2.93215
450;450;0.31436;-4.61062
450;450;1.78189;-6.18422
450;450;3.87824;-10.0625
450;450;4.08668;-14.3558
450;450;4.08668;-14.3558
450;450;2.30477;-14.7715
450;450;2.30477;-14.7715
450;450;-0.104762;-9.53338
450;450;-0.104762;-9.53338
450;450;-0.628611;-5.9718
450;450;-0.628611;-5.9718
450;450;-0.523781;-5.7616
450;450;-0.733209;-6.49413
450;450;-4.29401;-9.21641
450;450;-6.70089;-9.10903
450;450;-7.43294;-8.37514
450;450;-6.17415;-7.53456
450;450;-6.17415;-7.53456
450;450;-3.1405;-7.43251
450;450;-0.942204;-7.53763
450;450;3.24556;-8.16624
450;450;3.24556;-8.16624
450;450;4.71157;-8.37612
450;450;6.59773;-8.79697
450;450;7.01663;-9.11115
450;450;7.01663;-9.11115
450;450;10.2673;-14.9819
450;450;13.318;-21.4976
450;450;9.96983;-18.9952
450;450;8.60203;-15.106
450;450;5.97876;-10.6988
450;450;3.8814;-8.07752
450;450;-1.36255;-3.7732
450;450;-2.20039;-2.61952
450;450;0.314324;-0.628648
450;450;8.90325;-1.88539
450;450;8.90325;-1.88539
450;450;14.0341;-5.65552
450;450;14.0341;-5.65552
450;450;9.73271;-2.19771
450;450;9.73271;-2.19771
450;450;10.0508;0.628172
450;450;10.0508;0.628172
450;450;14.1363;1.5707
450;450;13.09;5.02655
450;450;11.3275;9.75426
450;450;12.2915;11.5561
450;450;13.1351;11.5588
450;450;13.132;8.61458
450;450;13.7671;2.20695
450;450;14.2843;0.210063
450;450;15.4549;1.4719
450;450;17.2503;4.20739
450;450;17.2503;4.20739
450;450;21.0764;6.42829
450;450;21.0764;6.42829
450;450;26.4524;7.69333
450;450;26.9714;7.375
450;450;23.0516;6.84181
450;450;23.0516;6.84181
450;450;17.3271;1.15514
450;450;16.5988;-0.630335
450;450;10.2883;-1.46975
450;450;6.71535;-0.104927
450;450;3.45958;4.4031
450;450;2.09757;8.7049
450;450;2.09757;8.7049
450;450;2.4122;11.6415
450;450;2.4122;11.6415
450;450;8.90688;5.23934
450;450;12.4718;-8.38441
450;450;12.4718;-8.38441
450;450;12.4718;-8.38441
450;450;18.9896;-19.4093
450;450;12.9173;-5.14594
450;450;10.8113;1.36453
450;450;15.6241;5.13814
450;450;23.6956;4.29876
450;450;23.6956;4.29876
450;450;23.6956;4.29876
450;450;19.6351;6.93005
450;450;14.1685;9.44566
450;450;14.1685;9.44566
450;450;7.96843;4.08907
450;450;5.97598;-1.78231
450;450;5.97598;-1.78231
450;450;3.35337;-3.66775
450;450;8.49663;-0.209793
450;450;9.86144;4.19636
450;450;10.1756;5.45495
450;450;10.1756;5.45495
450;450;10.5872;7.44246
450;450;7.01745;8.79799
450;450;7.01745;8.79799
450;450;0.943081;6.81114
450;450;-0.419098;6.07693
450;450;-0.419098;6.07693
450;450;-0.943356;2.72525
450;450;-0.943685;0.943685
450;450;-2.09659;0.524148
450;450;-4.29551;0.628611
450;450;-5.02742;0.628428
450;450;-4.60794;0.837807
450;450;-2.82908;1.15259
450;450;-1.88682;1.3627
450;450;-0.419172;1.88627
450;450;0.419074;2.30491
450;450;0.419074;2.30491
450;450;0.41905;2.40954
450;450;0.41905;2.40954
450;450;0.41905;2.40954
450;450;1.36231;0.943136
450;450;3.76903;-1.77982
450;450;3.76903;-1.77982
450;450;4.28952;0.418489
450;450;1.67396;1.98782
450;450;1.67396;1.98782
450;450;-0.104659;2.51181
450;450;-0.523203;2.30209
450;450;-0.523294;1.36056
450;450;-0.418708;0.628063
450;450;-0.837514;-0.523446
450;450;-1.04726;-0.942532
450;450;-1.15239;-1.57144
450;450;-1.04799;-1.99118
450;450;-0.942807;-2.82842
450;450;-0.942807;-2.82842
450;450;-1.0475;-3.98051
450;450;-0.942642;-6.70323
450;450;-0.733209;-9.42697
450;450;-0.733209;-9.42697
450;450;-1.5718;-15.6132
450;450;-0.524117;-20.3357
450;450;4.09026;-23.1781
450;450;6.29784;-22.8821
450;450;5.87593;-13.7455
450;450;5.87593;-13.7455
450;450;5.34724;-3.35513
450;450;7.96333;-4.71513
450;450;7.96333;-4.71513
450;450;12.989;-7.75151
450;450;18.9576;-7.96009
450;450;18.2244;-5.13216
450;450;15.5996;-3.76903
450;450;15.5996;-3.76903
450;450;9.20409;1.3597
450;450;7.11556;5.65059
450;450;5.64829;9.10003
450;450;4.49667;7.9476
450;450;6.79966;5.23051
450;450;15.8906;1.25452
450;450;16.3287;4.18684
450;450;16.3287;4.18684
450;450;7.12426;7.96241
450;450;-0.629124;8.17861
450;450;-0.629711;8.08128
450;450;1.3639;7.76371
450;450;1.3639;7.76371
450;450;2.30773;6.60849
450;450;1.25803;5.24178
450;450;0.523842;4.60981
450;450;0.523842;4.60981
450;450;0.104671;4.91954
450;450;-0.209379;4.71102
450;450;-0.209379;4.71102
450;450;-1.25649;4.08359
450;450;-1.25649;4.08359
450;450;-1.36167;2.72335
450;450;-0.628355;1.57089
450;450;-0.628355;1.57089
450;450;0.837807;-0.628355
450;450;1.25678;-1.67571
450;450;1.4665;-2.3045
450;450;1.4665;-2.3045
450;450;0.838685;-2.41122
450;450;-5.68434e-14;-2.51708
450;450;-5.68434e-14;-2.51708
450;450;0.104872;-2.93642
450;450;0.209708;-3.35533
450;450;0.314562;-3.66989
450;450;1.57299;-3.98491
450;450;5.34849;-6.39721
450;450;16.6766;-13.635
450;450;24.0157;-15.8357
450;450;29.6604;-14.6198
450;450;26.3147;-10.2101
450;450;21.0591;-5.47537
450;450;21.0591;-5.47537
450;450;19.0462;-1.15751
450;450;19.0462;-1.15751
450;450;16.0895;2.73417
450;450;11.8755;1.99676
450;450;7.24378;0.104982
450;450;7.24378;0.104982
450;450;3.14672;-1.36358
450;450;3.14672;-1.36358
450;450;1.57043;-2.40799
450;450;5.12888;-3.66349
450;450;5.12888;-3.66349
450;450;5.12888;-3.66349
450;450;11.3104;-3.97958
450;450;13.6286;-2.72573
450;450;13.6286;-2.72573
450;450;10.2697;-0.838343
450;450;6.28428;-0.628428
450;450;6.28428;-0.628428
450;450;3.76903;-2.1986
450;450;4.81431;-2.19784
450;450;6.69778;-1.15118
450;450;6.90789;-0.313995
450;450;6.17523;-0.20933
450;450;3.87283;-1.15138
450;450;1.98886;-3.34967
450;450;1.57052;-5.44448
450;450;2.93113;-8.47934
450;450;2.93113;-8.47934
450;450;2.93113;-8.47934
450;450;8.49267;-8.70237
450;450;9.12655;-9.02164
450;450;11.1184;-9.75483
450;450;12.5854;-10.8025
450;450;18.3612;-16.0529
450;450;29.8446;-26.3767
450;450;37.6716;-31.2527
450;450;41.8782;-25.8845
450;450;41.8782;-25.8845
450;450;41.8782;-25.8845
450;450;33.1526;-4.63084
450;450;26.6811;2.83618
450;450;22.2394;11.1197
450;450;22.2394;11.1197
450;450;22.2394;11.1197
450;450;13.8294;21.1632
450;450;13.8294;21.1632
450;450;7.95963;16.7571
450;450;7.95963;16.7571
450;450;7.95963;16.7571
450;450;12.9521;8.46064
450;450;24.1425;0.522565
450;450;24.1425;0.522565
450;450;30.1891;-5.66046
450;450;30.1891;-5.66046
450;450;21.8236;-8.49861
450;450;12.6689;-7.5385
450;450;10.8864;-6.59466
450;450;7.32399;-4.08051
450;450;5.96139;-3.13758
450;450;4.39235;-2.61449
450;450;3.66136;-3.0337
450;450;3.66136;-3.0337
450;450;1.36017;-5.64994
450;450;1.36017;-5.64994
450;450;1.36017;-5.64994
450;450;0.209099;-7.73666
450;450;0.313685;-8.05124
450;450;1.3597;-8.36736
450;450;2.40687;-8.05779
450;450;2.40687;-8.05779
450;450;2.51225;-7.43207
450;450;2.51225;-7.43207
450;450;2.72097;-6.90708
450;450;2.30142;-6.90427
450;450;2.30142;-6.90427
450;450;2.92909;-8.05498
450;450;4.60205;-9.41328
450;450;11.6131;-14.8564
450;450;23.3539;-19.7932
450;450;23.897;-17.7131
450;450;22.5265;-14.1446
450;450;21.7995;-13.2054
450;450;21.7995;-13.2054
450;450;19.6759;-11.8264
450;450;14.1183;-9.72592
450;450;14.1183;-9.72592
450;450;14.2162;-6.06281
450;450;13.4853;-3.76334
450;450;10.6789;0.628172
450;450;10.6789;0.628172
450;450;9.53282;1.25708
450;450;6.70635;5.65849
450;450;6.70635;5.65849
450;450;-5.68434e-14;9.21748
450;450;-3.24782;9.11486
450;450;-7.9587;4.39823
450;450;-7.95916;3.03705
450;450;-5.97319;1.67669
450;450;-4.71431;1.36191
450;450;-1.77951;-0.314031
450;450;-1.77951;-0.314031
450;450;4.19269;-9.1191
450;450;10.5896;-17.7193
450;450;18.9896;-20.2486
450;450;24.7542;-14.37
450;450;26.2226;-11.2233
450;450;26.2226;-11.2233
450;450;26.2226;-11.2233
450;450;28.3552;-1.68031
450;450;27.6313;-0.315186
450;450;27.7412;0.420322
450;450;27.8609;1.68217
450;450;28.4215;2.00003
450;450;28.4215;2.00003
450;450;31.6532;3.36513
450;450;28.9123;5.8876
450;450;28.9123;5.8876
450;450;21.2139;5.77605
450;450;15.9694;3.88729
450;450;11.262;3.99959
450;450;10.1137;5.79431
450;450;10.0078;6.53138
450;450;8.73749;8.10586
450;450;7.15048;8.41233
450;450;6.7279;7.98938
450;450;5.56471;7.24463
450;450;3.35806;6.08649
450;450;3.35806;6.08649
450;450;3.67331;-4.40797
450;450;3.67331;-4.40797
450;450;3.67331;-4.40797
450;450;5.45685;-15.1113
450;450;5.45685;-15.1113
450;450;5.45685;-15.1113
450;450;5.45685;-15.1113
450;450;17.0022;-4.61788
450;450;17.0022;-4.61788
450;450;19.079;-0.733807
450;450;21.4951;-2.51649
450;450;21.4951;-2.51649
450;450;21.4951;-2.51649
450;450;26.3183;-5.2427
450;450;25.6112;-6.92762
450;450;23.8282;-5.56342
450;450;23.8282;-5.56342
450;450;16.1588;1.57391
450;450;16.4697;2.83238
450;450;16.7747;4.50819
450;450;12.8955;1.36294
450;450;11.002;-1.99083
450;450;11.4178;-8.27527
450;450;11.4178;-8.27527
450;450;15.6241;-8.49366
450;450;15.6241;-8.49366
450;450;15.6241;-8.49366
450;450;15.0291;0.735692
450;450;11.4451;3.46502
450;450;9.13506;4.09503
450;450;9.13506;4.09503
450;450;2.93608;5.87216
450;450;2.72398;5.9718
450;450;3.8735;5.44384
450;450;5.65256;5.0245
450;450;6.38345;5.02304
450;450;5.3376;4.70965
450;450;4.50085;4.29151
450;450;2.93232;2.93232
450;450;3.14305;0.838148
450;450;3.77145;-0.209525
450;450;4.82075;-1.57198
450;450;5.3488;-2.62196
450;450;5.3488;-2.62196
450;450;6.29674;-3.6731
450;450;6.29711;-4.51293
450;450;12.0737;-7.97912
450;450;12.0737;-7.97912
450;450;12.0737;-7.97912
450;450;22.8078;-19.3393
450;450;21.2685;-23.5848
450;450;16.3227;-15.1643
450;450;16.4232;-15.0546
450;450;16.4232;-15.0546
450;450;9.55395;-8.92402
450;450;9.55395;-8.92402
450;450;9.55395;-8.92402
450;450;2.82727;-9.00537
450;450;9.01481;-9.53893
450;450;22.6055;-13.7736
450;450;23.5628;-11.571
450;450;21.8554;-6.19938
450;450;20.6162;-4.31258
450;450;18.6199;-2.41953
450;450;17.4291;-1.78491
450;450;17.4291;-1.78491
450;450;17.4291;-1.78491
450;450;14.7775;1.67688
450;450;13.2193;-0.104915
450;450;11.5407;0.41966
450;450;10.8006;4.92842
450;450;9.54449;6.18818
450;450;7.54948;8.28346
450;450;7.54948;8.28346
450;450;1.6762;10.3715
450;450;-0.209598;-3.98236
450;450;-0.209598;-3.98236
450;450;-0.209598;-3.98236
450;450;6.60272;-5.13545
450;450;6.60272;-5.13545
450;450;0.209427;10.0525
450;450;0.209427;10.0525
450;450;8.69224;-9.84423
450;450;28.6185;-26.3122
450;450;28.6185;-26.3122
450;450;28.6185;-26.3122
450;450;23.2667;-31.3367
450;450;23.2667;-31.3367
450;450;23.2667;-31.3367
450;450;12.74;-10.2131
450;450;8.11155;-9.90242
450;450;6.32662;-10.5444
450;450;0.315499;-11.2528
450;450;-2.20695;-8.93288
450;450;2.83601;-0.210075
450;450;7.76779;1.46958
450;450;9.75426;9.02007
450;450;12.5781;7.65166
450;450;14.5908;13.0163
450;450;16.4784;11.0206
450;450;16.4784;11.0206
450;450;13.97;1.47052
450;450;16.4793;0.944676
450;450;17.7224;7.55036
450;450;19.913;5.55467
450;450;19.2707;-0.942587
450;450;19.2707;-0.942587
450;450;16.0305;-4.08621
450;450;16.7195;3.04947
450;450;16.7195;3.04947
450;450;18.6199;6.83781
450;450;18.2691;9.6595
450;450;15.0937;9.22392
450;450;15.401;8.38148
450;450;15.4976;6.49225
450;450;15.5003;6.59811
450;450;20.1062;5.75959
450;450;19.9875;4.39516
450;450;21.1423;0.104665
450;450;16.8736;0.838441
450;450;16.8736;0.838441
450;450;5.24148;7.54772
450;450;2.51327;12.5664
450;450;7.22987;15.0884
450;450;5.87422;15.3149
450;450;5.87422;15.3149
450;450;4.30377;17.7399
450;450;4.30377;17.7399
450;450;7.12882;11.5319
450;450;13.1129;4.61572
450;450;7.75874;11.4284
450;450;7.75874;11.4284
450;450;3.45756;15.6114
450;450;5.34475;15.9294
450;450;8.06999;16.8736
450;450;8.81646;21.6213
450;450;9.76051;21.83
450;450;11.9589;19.407
450;450;11.9589;19.407
450;450;14.0284;14.1331
450;450;14.0284;14.1331
450;450;20.4132;10.3636
450;450;19.5997;12.0533
450;450;18.888;12.6969
450;450;18.888;12.6969
450;450;21.5088;11.8561
450;450;25.3022;4.40952
450;450;24.3772;3.6776
450;450;21.8964;5.47409
450;450;22.3122;2.63116
450;450;23.661;4.52189
450;450;21.5654;10.7301
450;450;21.5654;10.7301
450;450;21.136;12.0927
450;450;9.87871;16.7097
450;450;9.87871;16.7097
450;450;8.92194;13.4354
450;450;7.34534;10.7032
450;450;2.83287;8.49861
450;450;-1.15346;9.9617
450;450;4.09383;8.18767
450;450;7.55917;7.45418
450;450;8.18576;6.29674
450;450;9.86374;5.24667
450;450;13.0133;3.98793
450;450;11.8589;7.1363
450;450;11.758;7.87368
450;450;11.758;7.1388
450;450;10.3926;7.87322
450;450;7.65969;8.70896
450;450;7.3402;8.59852
450;450;7.3402;8.59852
450;450;4.60874;6.80837
450;450;5.55435;1.04799
450;450;9.1207;3.45958
450;450;9.1207;3.45958
450;450;11.6266;2.40911
450;450;10.4799;0.523995
450;450;10.4799;0.523995
450;450;11.7266;-2.51283
450;450;16.2325;-5.75992
450;450;16.2325;-5.75992
450;450;18.3548;-3.04165
450;450;18.3548;-3.04165
450;450;21.1051;-4.41003
450;450;29.5397;-9.98672
450;450;32.7469;-9.89778
450;450;30.4144;-8.10349
450;450;30.4144;-8.10349
450;450;27.426;-7.88103
450;450;27.3209;-7.98611
450;450;27.3209;-7.98611
450;450;25.3673;-10.5259
450;450;25.7132;-7.69288
450;450;25.7132;-7.69288
450;450;24.1127;-6.73892
450;450;22.0739;-7.81564
450;450;22.0674;-6.12398
450;450;22.7572;-0.316072
450;450;22.7398;2.84248
450;450;20.1067;6.84261
450;450;16.7322;7.05068
450;450;16.7322;7.05068
450;450;10.5068;9.98147
450;450;9.87352;14.075
450;450;9.87352;14.075
450;450;7.13214;16.5717
450;450;5.34817;15.2056
450;450;5.97598;15.202
450;450;5.97598;15.202
450;450;6.39386;15.0937
450;450;6.81352;12.7885
450;450;8.28829;10.0718
450;450;8.28829;10.0718
450;450;14.2768;2.51943
450;450;21.0867;-7.86817
450;450;27.1202;-18.2904
450;450;28.2931;-22.5082
450;450;30.181;-25.8694
450;450;35.2019;-28.5819
450;450;35.5421;-24.9215
450;450;35.9312;-20.4871
450;450;35.6753;-20.0411
450;450;33.3961;-18.2733
450;450;25.9655;-12.4046
450;450;24.7372;-12.2107
450;450;24.7372;-12.2107
450;450;20.3019;-5.57512
450;450;16.2913;2.2072
450;450;11.7738;8.40987
450;450;14.5104;7.78095
450;450;13.8722;7.56667
450;450;13.8722;7.56667
450;450;13.8722;7.56667
450;450;1.57354;15.106
450;450;1.8888;23.0853
450;450;3.56919;26.1391
450;450;3.56919;26.1391
450;450;2.41291;19.9327
450;450;-1.88858;13.2201
450;450;-1.88858;13.2201
450;450;-0.524851;5.56342
450;450;1.05271;0.736896
450;450;2.4218;-3.15887
450;450;3.2655;-3.68685
450;450;3.2655;-3.68685
450;450;-2.94139;5.35754
450;450;-4.19831;7.87184
450;450;-6.18854;7.02767
450;450;-6.18854;7.02767
450;450;-5.87045;7.23324
450;450;-5.87045;7.23324
450;450;0.419416;3.77474
450;450;5.5592;0.629344
450;450;5.5592;0.629344
450;450;6.61505;1.15501
450;450;6.61505;1.15501
450;450;2.20476;1.36485
450;450;2.20476;1.36485
450;450;2.20476;1.36485
450;450;3.7743;0.314525
450;450;10.8132;-7.55873
450;450;11.8616;-9.76222
450;450;10.5031;-7.66729
450;450;8.08647;6.6162
450;450;6.1954;7.45549
450;450;-0.419636;7.76326
450;450;-5.34911;10.8031
450;450;-7.97076;13.7391
450;450;-6.71065;11.0097
450;450;-2.41108;5.76562
450;450;-5.68434e-14;2.83007
450;450;0.838441;1.78169
450;450;2.19924;0.209452
450;450;2.20039;-1.57171
450;450;1.67698;-2.72509
450;450;0.41966;-4.61626
450;450;-2.62349;-4.19758
450;450;-2.62349;-4.19758
450;450;-2.62349;-4.19758
450;450;-9.86431;-0.839516
450;450;-9.86431;-0.839516
450;450;-6.29968;-0.209989
450;450;-5.8797;0.734962
450;450;-5.66971;1.57492
450;450;-4.09551;3.57044
450;450;-4.20027;6.40542
450;450;-7.97633;10.2853
450;450;-7.97633;10.2853
450;450;-9.64937;13.3203
450;450;-6.08295;11.5366
450;450;-2.30786;7.86771
450;450;-0.419734;5.6664
450;450;-0.419734;5.6664
450;450;0.840496;-0.735434
450;450;-0.525371;-1.89134
450;450;-1.6806;-2.94105
450;450;-0.840447;-3.78201
450;450;-5.68434e-14;-3.88707
450;450;2.2054;-3.57065
450;450;5.35535;-3.36022
450;450;5.35535;-3.36022
450;450;8.08458;-3.04484
450;450;9.13506;-3.46502
450;450;9.13506;-3.46502
450;450;11.5595;-5.04415
450;450;12.398;-5.25341
450;450;12.5053;-5.56959
450;450;12.9173;-5.77605
450;450;12.9128;-5.45908
450;450;12.9128;-5.45908
450;450;12.9128;-5.45908
450;450;12.8101;-4.20003
450;450;11.6578;-2.94071
450;450;11.6578;-2.94071
450;450;8.61207;-1.2603
450;450;6.19396;-0.524912
450;450;3.14965;-0.209977
450;450;3.14965;-0.209977
450;450;-0.944456;-0.10494
450;450;-1.2592;-0.104933
450;450;-2.5187;0.104946
450;450;-3.98677;0.314745
450;450;-3.98677;0.314745
450;450;-4.71705;1.15306
450;450;-4.71705;1.15306
450;450;-5.13485;1.25751
450;450;-4.61062;0.419147
450;450;-2.40982;-3.35279
450;450;0.209513;-10.2661
450;450;0.209513;-10.2661
450;450;5.75892;-18.6379
450;450;5.75892;-18.6379
450;450;5.75892;-18.6379
450;450;14.8607;-24.2794
450;450;16.6427;-21.6669
450;450;16.6427;-21.6669
450;450;17.5909;-17.0673
450;450;20.5179;-11.3058
450;450;21.8712;-10.2554
450;450;22.9043;-9.72649
450;450;22.9043;-9.72649
450;450;20.4144;-9.94548
450;450;18.2478;-10.1726
450;450;17.6185;-10.4872
450;450;16.9814;-10.2727
450;450;16.4544;-10.2709
450;450;14.8849;-9.95822
450;450;14.8849;-9.95822
450;450;13.0026;-9.12282
450;450;13.0026;-9.12282
450;450;10.4817;-7.75648
450;450;10.4817;-7.75648
450;450;10.4817;-7.75648
450;450;8.70947;-6.08614
450;450;9.44676;-5.56309
450;450;9.97274;-5.35379
450;450;10.4976;-5.14384
450;450;9.96983;-4.51266
450;450;8.71201;-3.46381
450;450;8.71201;-3.46381
450;450;7.24632;-1.68031
450;450;7.24632;-1.68031
450;450;5.04003;0.210001
450;450;4.7231;0.944621
450;450;5.35067;1.25898
450;450;6.0794;0.209635
450;450;7.12716;-0.943301
450;450;7.12716;-0.943301
450;450;20.5334;-13.2001
450;450;20.5334;-13.2001
450;450;20.5334;-13.2001
450;450;17.0912;-9.01744
450;450;17.0912;-9.01744
450;450;13.6302;-4.6133
450;450;10.9004;-0.628867
450;450;10.4781;-5.68434e-14
450;450;10.3715;-0.733337
450;450;10.1637;-1.78127
450;450;9.53782;-3.14434
450;450;8.59552;-2.83023
450;450;8.59552;-2.83023
450;450;7.12965;-2.30665
450;450;5.87387;-2.2027
450;450;5.87387;-2.2027
450;450;3.77364;-2.62059
450;450;2.93591;-2.7262
450;450;2.09708;-2.7262
450;450;0.733807;-2.72557
450;450;0.104787;-2.82924
450;450;-0.52369;-3.77057
450;450;-0.52369;-3.77057
450;450;-0.418806;-5.23507
450;450;-0.418806;-5.23507
450;450;0.209403;-7.64321
450;450;2.30303;-9.63085
450;450;2.30303;-9.63085
450;450;6.17667;-9.00328
450;450;6.17667;-9.00328
450;450;6.17667;-9.00328
450;450;6.70518;-6.07657
450;450;6.70518;-6.07657
450;450;1.88693;-3.45937
450;450;0.314324;-3.14324
450;450;0.314324;-3.14324
450;450;-1.25627;-2.9313
450;450;-1.25627;-2.9313
450;450;-1.25554;-2.72034
450;450;-0.313831;-1.98759
450;450;-0.313831;-1.98759
450;450;1.15078;-0.523081
450;450;2.40631;0.523112
450;450;2.82464;0.941546
450;450;2.82464;0.941546
450;450;2.30236;0.104653
450;450;1.46659;-2.93318
450;450;1.99176;-7.12841
450;450;3.67053;-9.4385
450;450;5.771;-11.3321
450;450;8.91622;-16.1541
450;450;8.91622;-16.1541
450;450;9.34452;-16.0642
450;450;9.33962;-15.0064
450;450;10.5983;-15.0055
450;450;11.6469;-14.1652
450;450;11.2357;-12.3908
450;450;10.0765;-10.0765
450;450;7.97169;-6.29344
450;450;7.13381;-4.82581
450;450;6.0872;-3.0436
450;450;5.24789;-2.41403
450;450;5.24789;-2.41403
450;450;3.98631;-1.88825
450;450;3.98631;-1.88825
450;450;2.51518;-1.67678
450;450;2.51518;-1.67678
450;450;2.51518;-1.67678
450;450;3.03917;-2.82957
450;450;4.82412;-3.35591
450;450;7.45114;-3.6731
450;450;7.45114;-3.6731
450;450;11.9736;-3.6761
450;450;11.9736;-3.6761
450;450;11.8658;-1.5751
450;450;11.8658;-1.5751
450;450;11.8658;-1.5751
450;450;9.86662;-0.52482
450;450;10.7138;-0.42015
450;450;10.7138;-0.42015
450;450;9.76279;1.36469
450;450;9.76279;1.36469
450;450;5.65948;4.1922
450;450;1.78148;4.08692
450;450;-0.733422;3.03846
450;450;-1.99014;1.25693
450;450;-1.99037;-1.46659
450;450;-1.99037;-1.46659
450;450;-1.99037;-1.46659
450;450;-1.78138;-5.23934
450;450;-1.67747;-6.91955
450;450;-1.67747;-6.91955
450;450;-1.15333;-7.4442
450;450;-0.734149;-7.23661
450;450;-0.524484;-6.92318
450;450;-0.524484;-6.92318
450;450;0.20994;-5.9833
450;450;0.52482;-4.72338
450;450;0.52482;-4.72338
450;450;-1.0497;-2.62425
450;450;-1.8888;-1.67893
450;450;-2.62303;-0.839369
450;450;-2.8337;-0.629711
450;450;-2.72906;-0.629784
450;450;-2.41347;-1.574
450;450;-0.104933;-5.77134
450;450;8.3981;-11.6524
450;450;14.2934;-11.666
450;450;15.3471;-11.668
450;450;15.9769;-12.5082
450;450;13.9839;-11.7759
450;450;14.0956;-10.5191
450;450;13.4637;-8.83552
450;450;9.03797;-4.41389
450;450;4.30327;-1.46941
450;450;2.72716;-0.839125
450;450;-1.25744;-0.104787
450;450;-3.56006;-0.104708
450;450;-3.56006;-0.104708
450;450;-3.3483;0.209269
450;450;-3.3483;0.209269
450;450;2.3041;1.15205
450;450;5.02772;1.57116
450;450;6.17882;1.88506
450;450;6.17882;1.88506
450;450;4.29776;2.93506
450;450;2.72588;2.83073
450;450;2.72588;2.83073
450;450;2.72588;2.83073
450;450;-0.838734;0.419367
450;450;-0.733764;-1.46753
450;450;1.04787;-2.4101
450;450;1.88704;-2.30638
450;450;2.7289;-2.30907
450;450;3.46462;-3.77959
450;450;5.56147;-7.5552
450;450;4.72228;-5.35192
450;450;2.93625;-2.93625
450;450;3.03935;-4.71623
450;450;3.35669;-6.18891
450;450;3.35669;-6.18891
450;450;1.57327;-2.62211
450;450;0.83849;-2.62028
450;450;1.88638;-1.88638
450;450;3.77145;-1.04762
450;450;4.29451;-0.837953
450;450;4.50557;-5.68434e-14
450;450;4.50557;-5.68434e-14
450;450;4.40233;0.733721
450;450;2.93848;2.20386
450;450;2.93848;2.20386
450;450;-5.68434e-14;3.9877
450;450;-0.524728;3.56815
450;450;0.314653;3.04165
450;450;1.15306;2.51576
450;450;1.67708;2.4108
450;450;2.82941;1.67669
450;450;3.98283;0.943301
450;450;4.71595;0.733593
450;450;7.02194;1.04805
450;450;6.29124;2.41164
450;450;6.29124;2.41164
450;450;3.25256;4.61653
450;450;3.25256;4.61653
450;450;3.042;2.30773
450;450;5.97807;-0.314635
450;450;9.12548;-2.62226
450;450;9.12548;-2.62226
450;450;11.975;-2.73113
450;450;12.293;-1.89123
450;450;12.0835;0.105074
450;450;12.0835;0.105074
450;450;9.97274;2.41445
450;450;8.70896;2.3084
450;450;8.70896;2.3084
450;450;7.97308;1.25891
450;450;7.13797;0.10497
450;450;6.82943;-1.36589
450;450;6.40617;-3.46563
450;450;6.40617;-3.46563
450;450;6.71965;-7.7696
450;450;6.08898;-7.1388
450;450;5.66806;-6.82266
450;450;5.56179;-7.24083
450;450;5.8773;-7.97633
450;450;5.8773;-7.97633
450;450;5.7774;-9.03375
450;450;5.25218;-9.03375
450;450;4.62192;-8.82366
450;450;4.62192;-8.82366
450;450;2.5209;-7.45766
450;450;1.36565;-6.19794
450;450;0.315241;-4.93878
450;450;-0.210173;-4.30855
450;450;-1.05044;-3.3614
450;450;-2.31069;-2.94088
450;450;-3.56878;-2.6241
450;450;-3.56878;-2.6241
450;450;-3.25275;-2.51825
450;450;-3.14635;-2.51708
450;450;-3.14635;-2.51708
450;450;-3.66946;-2.30652
450;450;-3.66967;-2.4115
450;450;-3.66967;-2.4115
450;450;-3.66967;-2.4115
450;450;-3.56503;-2.20193
450;450;-3.14617;-2.20232
450;450;-3.14617;-2.20232
450;450;-3.35748;-2.09842
450;450;-3.35748;-2.09842
450;450;-3.56836;-2.09904
450;450;-3.4622;-2.0983
450;450;-3.4622;-2.0983
450;450;-3.56586;-2.09757
450;450;-3.46038;-2.20206
450;450;-3.46038;-2.20206
450;450;-3.56586;-2.20245
450;450;-3.67181;-2.20309
450;450;-3.35826;-2.41375
450;450;-3.2535;-2.30894
450;450;-3.25369;-2.30907
450;450;-2.83519;-2.52016
450;450;-2.83519;-2.52016
450;450;-2.83452;-2.51958
450;450;-2.83452;-2.51958
450;450;-3.25483;-2.72986
450;450;-2.83552;-2.62548
450;450;-2.83552;-2.62548
450;450;-2.20579;-2.5209
450;450;-2.31069;-2.31069
450;450;-2.62548;-2.31042
450;450;-2.62548;-2.41544
450;450;-2.62548;-2.41544
450;450;-0.525157;-3.46603
450;450;1.36581;-4.72779
450;450;1.36581;-4.72779
450;450;3.46846;-6.51651
450;450;4.62219;-7.56358
450;450;5.56471;-8.60956
450;450;6.50891;-9.55339
450;450;9.23899;-12.3886
450;450;10.0742;-14.3767
450;450;9.86546;-14.9031
450;450;9.33907;-15.0055
450;450;8.70693;-13.2178
450;450;8.70693;-13.2178
450;450;8.70693;-13.2178
450;450;5.97737;-8.28443
450;450;5.97737;-8.28443
450;450;4.19416;-4.82328
450;450;4.40412;-4.92842
450;450;4.40515;-5.34911
450;450;4.09145;-5.56017
450;450;4.09145;-5.56017
450;450;4.09145;-5.56017
450;450;4.93331;-6.08791
450;450;4.93331;-6.08791
450;450;2.83485;-4.93475
450;450;2.30975;-4.30453
450;450;1.36461;-3.04413
450;450;1.36461;-3.04413
450;450;1.36461;-3.04413
450;450;-0.209977;-1.88979
450;450;-0.104964;-1.67942
450;450;-0.104964;-1.67942
450;450;-0.314763;-1.04921
450;450;-0.314763;-1.04921
450;450;0.209818;-1.46873
450;450;0.944125;-1.88825
450;450;2.41262;-3.1469
450;450;3.46341;-5.35254
450;450;3.35944;-6.82385
450;450;2.20553;-8.40202
450;450;1.99513;-8.19053
450;450;2.31002;-7.77005
450;450;3.361;-6.19685
450;450;2.83717;-4.41338
450;450;2.83717;-4.41338
450;450;0.420003;-2.41502
450;450;-0.209916;-1.25949
450;450;-0.209916;-1.25949
450;450;-0.839663;-0.104958
450;450;-0.839712;0.104964
450;450;-1.15433;-0.629637
450;450;-1.88913;-1.57428
450;450;-3.99003;-5.77504
450;450;-3.25445;-8.18862
450;450;-2.41741;-7.35735
450;450;-2.41897;-5.78449
450;450;-4.10101;-5.15255
450;450;-6.93976;-5.36254
450;450;-6.93976;-5.36254
450;450;-4.51714;-6.40803
450;450;-2.10136;-7.66997
450;450;-0.525463;-8.93288
450;450;1.367;-12.303
450;450;1.89311;-12.3052
450;450;3.88934;-15.3471
450;450;5.7828;-14.6147
450;450;6.72868;-10.3033
450;450;6.72868;-10.3033
450;450;3.04911;-3.2594
450;450;1.57565;-2.52105
450;450;1.57565;-2.52105
450;450;-3.14874;-2.51899
450;450;-2.41276;-1.04903
450;450;0.629307;-0.104884
450;450;4.71678;2.30598
450;450;5.87079;3.77408
450;450;5.87079;3.77408
450;450;7.56049;4.09527
450;450;7.56093;0.735091
450;450;8.29312;-0.629857
450;450;8.39565;1.88902
450;450;7.65969;2.83304
450;450;7.65969;2.83304
450;450;5.56569;4.62057
450;450;5.56569;4.62057
450;450;7.04368;1.15642
450;450;7.56667;0.315278
450;450;7.56667;0.315278
450;450;6.93045;-0.840055
450;450;6.93045;-0.840055
450;450;5.35223;-2.3088
450;450;4.30302;-1.88913
450;450;3.77782;-1.25927
450;450;3.35709;0.419636
450;450;3.35572;1.67786
450;450;4.19489;2.62181
450;450;4.19489;2.62181
450;450;5.45781;5.24789
450;450;5.14474;6.08969
450;450;4.19905;8.29312
450;450;4.0936;8.92194
450;450;5.14294;8.18671
450;450;7.23998;6.08578
450;450;8.60404;4.09216
450;450;9.23737;3.04413
450;450;10.8113;2.09928
450;450;10.8113;2.09928
450;450;10.8113;2.09928
450;450;11.1333;2.73082
450;450;11.6667;2.31231
450;450;11.6667;2.31231
450;450;10.623;1.78804
450;450;10.623;1.78804
450;450;9.04748;1.68325
450;450;8.62818;1.05222
450;450;8.62818;1.05222
450;450;6.09716;-0.63074
450;450;3.88934;-1.68188
450;450;2.41784;-2.31271
450;450;1.4719;-2.52326
450;450;0.841085;-2.62839
450;450;0.525709;-3.2594
450;450;0.736079;-3.68039
450;450;0.525648;-4.10005
450;450;0.525648;-4.10005
450;450;-0.210222;-4.62489
450;450;1.05099;-4.72945
450;450;1.05099;-4.72945
450;450;1.05099;-4.72945
450;450;2.94191;-4.72807
450;450;6.09894;-5.2577
450;450;7.57286;-5.78483
450;450;7.57286;-5.78483
450;450;6.9422;-6.31109
450;450;6.41477;-6.62509
450;450;4.31434;-6.31367
450;450;2.84215;-5.57903
450;450;2.84215;-5.57903
450;450;1.78992;-4.84331
450;450;-0.526601;-4.00217
450;450;-0.526601;-4.00217
450;450;-2.20888;-3.15554
450;450;-3.36375;-2.62793
450;450;-3.36277;-1.99664
450;450;-3.3614;-2.94122
450;450;-3.46644;-4.20174
450;450;-1.26038;-7.3522
450;450;-1.26038;-7.3522
450;450;6.19577;-10.0812
450;450;6.19577;-10.0812
450;450;19.3438;-9.9873
450;450;19.3438;-9.9873
450;450;19.3438;-9.9873
450;450;27.6474;-9.8816
450;450;29.4621;-10.3117
450;450;29.4621;-10.3117
450;450;29.0344;-9.88853
450;450;25.7507;-9.77476
450;450;25.7507;-9.77476
450;450;25.4875;-11.0586
450;450;25.8755;-11.5703
450;450;27.227;-10.7226
450;450;27.6523;-9.77819
450;450;27.6523;-9.77819
450;450;29.0954;-8.50804
450;450;26.9836;-4.72476
450;450;24.7758;-2.93951
450;450;19.5381;-1.47061
450;450;15.8681;-1.89156
450;450;15.8681;-1.89156
450;450;10.602;-1.78449
450;450;9.64712;-1.36318
450;450;9.64712;-1.36318
450;450;10.4897;-2.09793
450;450;11.651;-3.7787
450;450;10.2919;-5.77605
450;450;8.82727;-6.09502
450;450;8.82727;-6.09502
450;450;5.99238;-6.4129
450;450;4.09885;-6.62123
450;450;4.09885;-6.62123
450;450;1.67962;-5.35379
450;450;1.67962;-5.35379
450;450;2.62272;-3.14727
450;450;3.56566;-2.09745
450;450;4.19245;0.104811
450;450;3.87734;0.943136
450;450;2.20052;0.209574
450;450;0.733209;-3.24707
450;450;0.733209;-3.24707
450;450;2.61845;-3.66583
450;450;4.7091;-6.17415
450;450;4.7091;-6.17415
450;450;3.24593;-6.9107
450;450;3.24593;-6.9107
450;450;4.91754;-2.61571
450;450;5.33481;-5.68434e-14
450;450;3.13503;-0.209002
450;450;-0.313484;0.104495
450;450;-1.25372;0.104477
450;450;-1.04477;1.14924
450;450;-5.68434e-14;2.40366
450;450;-5.68434e-14;3.13484
450;450;-0.209002;2.09002
450;450;-0.313594;0.418125
450;450;-0.627479;-0.836638
450;450;-0.732186;-1.56897
450;450;-0.418441;-2.19681
450;450;-5.68434e-14;-2.30209
450;450;0.523173;-2.82513
450;450;0.10461;-3.13831
450;450;0.10461;-3.13831
450;450;1.25525;-2.92891
450;450;3.03299;-3.13758
450;450;3.03299;-3.13758
450;450;5.96105;-4.81067
450;450;9.31301;-5.96451
450;450;12.1489;-6.28392
450;450;12.1489;-6.28392
450;450;10.0543;-4.6082
450;450;5.34071;-3.14159
450;450;2.19924;-2.30397
450;450;1.36104;-1.57043
450;450;1.57043;-1.57043
450;450;2.40841;-1.67542
450;450;3.66626;-0.733251
450;450;3.66626;-0.733251
450;450;3.66626;-0.733251
450;450;3.25009;-3.87914
450;450;3.25009;-3.87914
450;450;2.09781;-6.60811
450;450;0.104836;-7.12882
450;450;-1.99106;-6.18278
450;450;-2.30424;-5.44638
450;450;-1.7791;-4.08146
450;450;-0.523112;-3.24329
450;450;0.941328;-4.18368
450;450;1.77796;-5.75222
450;450;3.24141;-8.26036
450;450;5.12411;-9.51621
450;450;4.60205;-7.21684
450;450;3.86676;-3.23972
450;450;4.07624;-1.98586
450;450;4.80816;2.0905
450;450;5.85409;4.28603
450;450;6.16985;4.49667
450;450;6.90668;3.76728
450;450;6.90668;3.76728
450;450;6.90668;3.76728
450;450;6.90668;3.76728
450;450;8.38294;1.36223
450;450;7.85901;-0.523934
450;450;7.85901;-0.523934
450;450;10.1696;-2.72588
450;450;12.0624;-3.56628
450;450;11.2292;-5.77201
450;450;9.97682;-8.8216
450;450;9.45448;-9.45448
450;450;7.87965;-8.61509
450;450;6.61813;-7.35348
450;450;3.98933;-4.51424
450;450;3.46381;-4.0936
450;450;3.46381;-4.0936
450;450;5.9819;-6.19179
450;450;9.4407;-7.23787
450;450;11.8533;-6.5036
450;450;11.8533;-6.5036
450;450;12.0603;-6.39721
450;450;12.0568;-7.65345
450;450;12.3684;-7.44203
450;450;12.6881;-5.03328
450;450;12.7974;-3.56649
450;450;12.8041;-1.15447
450;450;11.4424;0.209952
450;450;11.4424;0.209952
450;450;11.4424;0.209952
450;450;6.71026;1.46787
450;450;6.71026;1.46787
450;450;6.71026;1.46787
450;450;7.01949;-0.314305
450;450;7.01949;-0.314305
450;450;6.80282;-8.37271
450;450;6.80282;-8.37271
450;450;6.80282;-8.37271
450;450;9.83736;-8.37222
450;450;9.83736;-8.37222
450;450;9.83736;-8.37222
450;450;15.3929;-6.59696
450;450;15.2926;-6.59888
450;450;15.3024;-7.65122
450;450;15.5075;-7.75377
450;450;15.5075;-7.75377
450;450;15.5075;-7.75377
450;450;15.6205;-4.92727
450;450;14.8832;-1.57217
450;450;14.1372;1.78024
450;450;14.1372;1.78024
450;450;13.5104;4.08454
450;450;13.5104;4.08454
450;450;10.8012;3.77518
450;450;8.28394;2.51664
450;450;5.13695;0.419342
450;450;3.87801;-0.524056
450;450;2.30477;-1.88572
450;450;1.67639;-3.35279
450;450;1.67639;-3.35279
450;450;3.24688;-5.76059
450;450;5.86601;-7.54201
450;450;6.70674;-7.54509
450;450;6.7087;-5.97493
450;450;6.91754;-4.7165
450;450;6.80916;-3.56171
450;450;6.9103;-2.19873
450;450;7.01418;-1.67503
450;450;7.53544;-1.88386
450;450;8.2719;-2.7224
450;450;8.2719;-2.7224
450;450;10.4714;-7.01581
450;450;10.4714;-7.01581
450;450;10.4714;-7.01581
450;450;12.1588;-4.50714
450;450;11.5319;-2.41122
450;450;10.1637;0.628684
450;450;8.3766;0.942368
450;450;7.22188;-5.68434e-14
450;450;5.1256;-3.55654
450;450;4.08051;-7.84713
450;450;4.70746;-10.9841
450;450;9.62693;-16.6379
450;450;9.62693;-16.6379
450;450;7.33892;-9.5406
450;450;5.76629;-6.39534
450;450;3.66818;-3.14415
450;450;2.82891;-1.36207
450;450;3.35259;-0.942916
450;450;3.35259;-0.942916
450;450;3.35259;-0.942916
450;450;5.75992;-0.418903
450;450;7.64454;-0.733038
450;450;7.64454;-0.733038
450;450;13.6136;0.10472
450;450;15.1941;3.56275
450;450;14.9767;4.29401
450;450;13.6033;4.91811
450;450;12.6549;5.96139
450;450;10.1495;7.84759
450;450;8.89704;8.37368
450;450;8.16529;10.3636
450;450;7.84896;11.8258
450;450;7.74385;14.4412
450;450;7.74385;14.4412
450;450;8.68972;16.6466
450;450;7.74385;14.6505
450;450;7.74385;14.6505
450;450;8.2642;10.2518
450;450;10.156;7.85261
450;450;9.22124;4.08668
450;450;5.45336;-0.94385
450;450;3.25104;-2.51693
450;450;0.314708;-3.35689
450;450;-1.15265;-2.51488
450;450;-1.15265;-2.51488
450;450;-0.209306;-0.209306
450;450;4.39618;-0.104671
450;450;4.39618;-0.104671
450;450;4.39618;-0.104671
450;450;7.64143;-0.418708
450;450;6.70284;-0.104732
450;450;7.54377;0.104775
450;450;7.54377;0.104775
450;450;8.28926;-0.314782
450;450;8.28926;-0.314782
450;450;8.28926;-0.314782
450;450;6.18638;-0.104854
450;450;5.13665;-0.314489
450;450;5.03035;-0.523995
450;450;5.34226;-0.314251
450;450;5.97111;-5.68434e-14
450;450;7.9587;0.523599
450;450;11.3124;-0.942697
450;450;14.2502;-4.08645
450;450;14.2502;-4.08645
450;450;17.6073;-8.69882
450;450;17.6073;-8.69882
450;450;17.185;-14.9845
450;450;17.185;-14.9845
450;450;16.241;-15.4028
450;450;17.0922;-10.1714
450;450;18.6618;-4.29851
450;450;19.7079;-2.72557
450;450;20.4632;0.419758
450;450;13.8367;0.419294
450;450;11.1068;0.523903
450;450;11.1068;0.523903
450;450;9.75085;0.94363
450;450;9.75085;0.94363
450;450;9.75085;0.94363
450;450;5.97702;-3.56524
450;450;6.39051;-2.5143
450;450;7.54114;-2.61845
450;450;9.95417;-4.61035
450;450;10.4768;-5.23842
450;450;10.1643;-5.02977
450;450;8.6968;-4.08645
450;450;8.6968;-4.08645
450;450;8.0714;-2.62059
450;450;7.64944;-1.78138
450;450;6.28574;-1.6762
450;450;4.71294;-1.57098
450;450;3.77013;-1.25671
450;450;2.3033;-0.314086
450;450;1.57043;0.732868
450;450;1.46574;1.36104
450;450;1.25649;1.98944
450;450;1.15172;1.36112
450;450;1.04701;0.942313
450;450;1.15192;0.837758
450;450;1.25649;1.46591
450;450;1.25649;1.46591
450;450;1.46531;1.67464
450;450;1.46531;1.67464
450;450;1.46531;1.67464
450;450;2.61754;0.73291
450;450;3.45635;-1.15212
450;450;5.44923;-3.14379
450;450;7.6481;-5.13366
450;450;8.6973;-6.39199
450;450;8.6973;-6.39199
450;450;11.945;-10.7924
450;450;12.4696;-11.9457
450;450;13.7263;-13.9358
450;450;13.627;-14.3608
450;450;12.9008;-13.7399
450;450;11.7573;-12.2822
450;450;13.1251;-12.0751
450;450;13.1251;-12.0751
450;450;14.4926;-10.0818
450;450;13.0224;-7.24632
450;450;13.0224;-7.24632
450;450;13.5372;-5.0371
450;450;14.4808;-6.08614
450;450;13.2131;-6.29197
450;450;13.2131;-6.29197
450;450;11.4264;-5.66079
450;450;10.908;-5.66376
450;450;11.2226;-5.66376
450;450;11.8526;-5.5592
450;450;12.3706;-4.4031
450;450;11.5292;-2.51547
450;450;11.5292;-2.51547
450;450;9.84938;0.314342
450;450;8.90895;1.46736
450;450;9.1207;1.78221
450;450;9.64825;2.09745
450;450;9.75255;2.30706
450;450;9.33254;2.72636
450;450;8.4902;3.56379
450;450;8.17575;3.87824
450;450;8.59502;4.19269
450;450;10.5835;4.40105
450;450;10.5835;4.40105
450;450;12.1539;4.19098
450;450;12.1539;4.19098
450;450;11.2168;3.35454
450;450;10.5915;2.51679
450;450;8.38929;1.99246
450;450;6.60541;1.46787
450;450;6.39572;0.94363
450;450;6.28904;0.628904
450;450;5.34475;0.419196
450;450;4.81879;0.523781
450;450;4.81851;0.523751
450;450;4.81851;0.523751
450;450;4.19147;0.943081
450;450;3.66818;0.838441
450;450;3.35396;0.733678
450;450;2.51488;0.523934
450;450;1.8855;0.314251
450;450;1.04738;0.314214
450;450;0.837953;0.104744
450;450;0.942807;-5.68434e-14
450;450;0.83805;-5.68434e-14
450;450;0.628501;-5.68434e-14
450;450;0.628501;-5.68434e-14
450;450;0.942532;-0.209452
450;450;0.942368;-0.209415
450;450;0.942368;-0.209415
450;450;1.46548;-1.98886
450;450;4.50216;-3.35045
450;450;4.29476;-3.66626
450;450;3.24915;-4.08764
450;450;3.24953;-4.50741
450;450;3.04112;-4.71898
450;450;1.78283;-4.19489
450;450;1.36278;-7.23324
450;450;1.257;-13.827
450;450;0.314397;-10.4799
450;450;0.314397;-10.4799
450;450;-3.35396;-3.14434
450;450;-3.87756;-0.419196
450;450;-2.62089;0.314507
450;450;-2.62089;0.314507
450;450;-3.56296;-0.314379
450;450;-3.56296;-0.314379
450;450;-3.56296;-0.314379
450;450;-5.24025;-1.04805
450;450;-4.19318;-0.628977
450;450;-2.30638;0.419342
450;450;-0.733508;1.46702
450;450;-5.68434e-14;2.19924
450;450;0.104708;2.61769
450;450;0.837368;3.14013
450;450;0.837368;3.14013
450;450;3.76859;3.03581
450;450;3.97912;2.82727
450;450;3.87305;2.19822
450;450;3.87305;2.19822
450;450;6.17379;0.523203
450;450;12.989;-4.39951
450;450;12.989;-4.39951
450;450;15.0919;-4.1922
450;450;15.0919;-4.1922
450;450;12.4711;-3.77276
450;450;12.4711;-3.77276
450;450;4.18708;-8.58352
450;450;4.18708;-8.58352
450;450;-0.523264;-7.95361
450;450;-0.523264;-7.95361
450;450;-0.523264;-7.95361
450;450;4.28802;-1.4642
450;450;8.78777;1.98771
450;450;8.89911;5.02538
450;450;3.5613;3.24707
450;450;1.25693;2.19963
450;450;-0.733379;2.61921
450;450;-0.733379;3.24782
450;450;-0.314141;2.3037
450;450;2.30303;0.732782
450;450;2.30303;0.732782
450;450;6.48885;0.837271
450;450;5.23446;0.418757
450;450;5.23446;0.418757
450;450;4.39644;-0.523386
450;450;4.39644;-0.523386
450;450;6.38605;-0.942204
450;450;7.96009;-2.93266
450;450;9.22124;-5.34413
450;450;11.7409;-5.66079
450;450;11.7409;-5.66079
450;450;12.9966;-5.24056
450;450;13.2031;-4.61062
450;450;13.2031;-4.61062
450;450;9.5356;-4.08668
450;450;9.94606;-1.67513
450;450;9.94606;-1.67513
450;450;12.0239;-0.418222
450;450;11.9166;-0.522656
450;450;11.9166;-0.522656
450;450;12.7617;-0.836833
450;450;12.7617;-0.836833
450;450;12.7617;-0.836833
450;450;7.74656;-0.523416
450;450;5.65223;-0.628026
450;450;3.76728;-0.31394
450;450;3.76728;-0.31394
450;450;3.03405;0.104622
450;450;1.46386;1.46386
450;450;1.46386;1.46386
450;450;0.418368;2.6148
450;450;0.418368;2.6148
450;450;0.627224;2.82251
450;450;0.627224;2.82251
450;450;-5.68434e-14;1.88167
450;450;0.104519;1.77682
450;450;0.731931;1.3593
450;450;0.731931;1.3593
450;450;0.731931;1.3593
450;450;0.52299;0.732186
450;450;0.52299;0.732186
450;450;1.36096;-0.628136
450;450;1.36136;-0.733038
450;450;1.67522;-1.04701
450;450;2.51254;-1.36096
450;450;2.82645;-1.57025
450;450;2.82645;-1.57025
450;450;3.03405;-1.67396
450;450;3.3485;-1.56961
450;450;3.66306;-1.36056
450;450;3.8735;-1.15158
450;450;4.5019;-0.837563
450;450;4.5019;-0.837563
450;450;4.81683;-0.209427
450;450;4.81683;-0.209427
450;450;4.81935;0.419074
450;450;4.81935;0.419074
450;450;3.77408;1.04836
450;450;2.93523;1.0483
450;450;1.88682;0.943411
450;450;-0.104799;0.733593
450;450;-0.943136;0.628757
450;450;-1.36159;0.314214
450;450;-1.0472;0.10472
450;450;-1.0472;0.10472
450;450;-1.78055;-0.104738
450;450;-1.78055;-0.104738
450;450;-1.78055;-0.104738
450;450;-1.04701;-1.46582
450;450;-0.942204;-2.09379
450;450;-0.418757;-2.30316
450;450;-0.418757;-2.30316
450;450;1.67513;-3.24556
450;450;1.77992;-4.18806
450;450;2.3033;-6.38642
450;450;2.82645;-7.53719
450;450;2.82645;-7.53719
450;450;3.03705;-7.54026
450;450;3.03705;-7.54026
450;450;5.02889;-7.22903
450;450;7.64499;-7.74971
450;450;7.64499;-7.74971
450;450;7.64499;-7.74971
450;450;10.7799;-7.53544
450;450;10.7799;-7.53544
450;450;10.7673;-6.06316
450;450;10.5577;-4.91297
450;450;10.2435;-3.86743
450;450;9.9224;-3.13339
450;450;9.60683;-2.8194
450;450;8.24504;-1.87862
450;450;7.30531;-1.46106
450;450;6.05507;-0.835183
450;450;5.74321;-0.104422
450;450;5.74321;-0.104422
450;450;5.84764;0.939799
450;450;7.72723;2.08844
450;450;10.0303;1.77621
450;450;10.8712;1.04531
450;450;10.8712;1.04531
450;450;10.8712;1.04531
450;450;10.4574;-0.313721
450;450;10.4574;-0.313721
450;450;9.20623;-1.88309
450;450;8.16292;-3.9768
450;450;8.16292;-3.9768
450;450;8.58103;-6.80203
450;450;8.58103;-6.80203
450;450;7.64187;-7.32782
450;450;7.64187;-7.32782
450;450;5.85953;-7.11515
450;450;5.85953;-7.11515
450;450;4.18441;-6.48583
450;450;4.18441;-6.48583
450;450;4.18441;-6.48583
450;450;3.65732;-5.32923
450;450;3.86608;-5.32893
450;450;3.65796;-5.33016
450;450;3.13539;-5.01662
450;450;3.13539;-5.01662
450;450;2.29982;-4.4951
450;450;2.09147;-4.28752
450;450;2.09147;-4.28752
450;450;0.941875;-3.87215
450;450;0.627807;-3.87148
450;450;-0.104622;-3.45254
450;450;-1.04568;-3.03246
450;450;-1.25437;-2.92687
450;450;-1.25379;-3.13448
450;450;-1.56706;-3.44753
450;450;-1.56706;-3.44753
450;450;-1.8808;-4.28404
450;450;-1.8808;-4.28404
450;450;-1.8808;-4.28404
450;450;-2.61343;-5.01779
450;450;-2.61404;-5.01896
450;450;-2.09075;-4.91325
450;450;0.104525;-4.70363
450;450;3.03158;-4.59964
450;450;3.03158;-4.59964
450;450;3.03158;-4.59964
450;450;8.79697;-4.08431
450;450;9.01009;-4.08597
450;450;9.01009;-4.08597
450;450;9.43136;-3.77254
450;450;9.32928;-3.35435
450;450;10.1643;-4.50583
450;450;10.1643;-4.50583
450;450;10.9924;-5.54853
450;450;8.16054;-4.39414
450;450;8.16054;-4.39414
450;450;5.43531;-3.3448
450;450;5.12262;-3.44993
450;450;5.12262;-3.44993
450;450;5.12262;-3.44993
450;450;3.44853;-2.92602
450;450;3.65753;-0.836007
450;450;2.61374;3.13648
450;450;2.29942;4.9124
450;450;2.29942;4.9124
450;450;2.29942;4.9124
450;450;2.92823;4.07861
450;450;2.92823;4.07861
450;450;2.51079;2.40617
450;450;2.72208;2.82677
450;450;2.72208;2.82677
450;450;1.46633;3.35162
450;450;0.523903;2.93386
450;450;-1.4671;1.57189
450;450;-2.61997;0.628794
450;450;-4.19074;-1.25722
450;450;-4.18708;-1.98886
450;450;-3.13831;-1.56915
450;450;-3.13831;-1.56915
450;450;-3.13831;-1.56915
450;450;-3.13831;-1.56915
450;450;1.36009;-0.313867
450;450;1.36009;-0.313867
450;450;3.03723;-0.418928
450;450;3.66775;-1.04793
450;450;3.24631;-1.36136
450;450;2.71971;-1.46446
450;450;2.40464;-1.35914
450;450;1.14931;-1.35827
450;450;1.14931;-1.35827
450;450;1.14931;-1.35827
450;450;1.14931;-1.35827
450;450;0.731549;-2.09014
450;450;2.92721;-3.24084
450;450;2.92721;-3.24084
450;450;4.91354;-4.70445
450;450;4.91354;-4.70445
450;450;4.91354;-4.70445
450;450;0.209184;-5.33419
450;450;0.209184;-5.33419
450;450;-0.523173;-5.96417
450;450;-0.627552;-8.36736
450;450;-0.52296;-9.20409
450;450;-0.313885;-8.78879
450;450;-0.313885;-8.78879
450;450;-5.68434e-14;-7.42732
450;450;-5.68434e-14;-6.2788
450;450;-5.68434e-14;-6.2788
450;450;-5.68434e-14;-6.2788
450;450;0.104641;-5.54595
450;450;-0.104616;-5.33543
450;450;-0.523051;-5.1259
450;450;-0.31394;-4.91839
450;450;0.418879;-4.92183
450;450;1.4671;-5.34444
450;450;2.20065;-5.44923
450;450;2.20065;-5.44923
450;450;2.20065;-5.44923
450;450;3.87621;-5.86669
450;450;3.87621;-5.86669
450;450;4.08597;-5.55273
450;450;4.08597;-5.55273
450;450;4.08597;-5.55273
450;450;4.81935;-4.92412
450;450;4.71513;-4.71513
450;450;4.29651;-4.4013
450;450;3.98143;-3.87666
450;450;3.98143;-3.87666
450;450;3.66711;-3.66711
450;450;3.45716;-3.45716
450;450;3.03758;-4.29451
450;450;3.03758;-4.29451
450;450;5.65618;-11.4171
450;450;7.75558;-12.4718
450;450;5.13425;-10.5828
450;450;2.82941;-8.48822
450;450;2.61952;-8.27767
450;450;2.41052;-8.80363
450;450;1.15252;-8.06764
450;450;1.78024;-8.4823
450;450;5.86669;-10.162
450;450;7.03341;-9.23791
450;450;7.03341;-9.23791
450;450;7.03341;-9.23791
450;450;8.39516;-5.35192
450;450;8.59752;-4.29876
450;450;7.75106;-2.30437
450;450;5.96937;-5.68434e-14
450;450;4.81767;1.25678
450;450;4.81767;1.25678
450;450;4.81767;1.25678
450;450;1.57153;4.19074
450;450;1.67649;3.66732
450;450;1.67649;3.66732
450;450;2.41122;0.733849
450;450;2.4115;-0.629087
450;450;2.4115;-0.629087
450;450;0.314543;0.209696
450;450;0.31458;-0.10486
450;450;1.46787;-3.25028
450;450;3.14653;-3.67096
450;450;4.09073;-3.46139
450;450;6.71378;-5.87456
450;450;6.61119;-5.14204
450;450;5.76663;-3.04059
450;450;5.76663;-3.04059
450;450;10.3618;-4.50059
450;450;10.9962;-3.35123
450;450;9.11857;-2.30585
450;450;7.75829;-2.20168
450;450;4.6133;-2.2018
450;450;2.20232;-1.57308
450;450;1.78283;-0.524361
450;450;2.30638;0.209671
450;450;4.19001;1.78075
450;450;4.19001;1.78075
450;450;5.65388;4.50216
450;450;5.86601;4.60901
450;450;5.86601;4.60901
450;450;4.4013;3.03899
450;450;4.6133;0.94363
450;450;5.03387;-0.209745
450;450;4.29851;-0.524209
450;450;3.98329;-1.04823
450;450;3.98143;-2.30504
450;450;3.98074;-2.72366
450;450;4.19074;-3.35259
450;450;5.55273;-4.29551
450;450;7.96287;-5.97215
450;450;7.96287;-5.97215
450;450;15.0981;-10.0654
450;450;19.9432;-9.86662
450;450;18.7962;-7.45549
450;450;16.6951;-5.04003
450;450;13.4393;-3.25483
450;450;13.7551;-4.20003
450;450;14.4893;-2.30988
450;450;14.4884;-2.30975
450;450;13.2247;0.839663
450;450;10.4866;3.56545
450;450;7.96843;4.71815
450;450;8.59902;4.71898
450;450;9.65218;4.09169
450;450;9.33146;1.46787
450;450;9.33146;1.46787
450;450;8.69984;0.209635
450;450;8.69984;0.209635
450;450;11.9568;-5.66376
450;450;10.4909;-6.81908
450;450;8.60956;-6.82465
450;450;8.60956;-6.82465
450;450;9.88217;-6.20264
450;450;12.5097;-7.14839
450;450;12.5097;-7.14839
450;450;15.8579;-7.45636
450;450;15.8579;-7.45636
450;450;18.1715;-5.46195
450;450;18.7065;-4.3088
450;450;18.8193;-2.73353
450;450;17.9971;-1.47345
450;450;17.6938;-0.21064
450;450;16.8522;0.526632
450;450;13.0566;1.68473
450;450;12.0044;1.79013
450;450;9.05913;2.21211
450;450;6.63634;2.31745
450;450;5.47569;2.21134
450;450;3.99726;1.68306
450;450;3.99726;1.68306
450;450;2.73113;1.36557
450;450;2.51972;0.734919
450;450;2.51972;0.734919
450;450;2.73066;-5.68434e-14
450;450;2.73066;-5.68434e-14
450;450;2.20489;-0.419978
450;450;2.20476;-0.419954
450;450;2.20476;-0.419954
450;450;1.8899;-0.734962
450;450;2.20476;-0.419954
450;450;1.88891;-0.10494
450;450;1.88891;-0.10494
450;450;1.04866;-0.524331
450;450;1.46796;-2.09708
450;450;1.46796;-2.09708
450;450;4.08978;-5.34817
450;450;4.08978;-5.34817
450;450;5.87456;-4.40592
450;450;5.56342;-1.78449
450;450;5.4559;-1.04921
450;450;5.03475;-0.419562
450;450;4.61438;-0.314617
450;450;4.30152;-0.104915
450;450;4.82722;0.209879
450;450;4.82722;0.209879
450;450;6.40243;-0.944621
450;450;9.23629;-2.83386
450;450;13.0178;-4.09431
450;450;14.8129;-3.5719
450;450;14.8129;-3.5719
450;450;14.8129;-3.5719
450;450;15.7621;-4.3083
450;450;13.1312;-4.62219
450;450;13.1312;-4.62219
450;450;13.1312;-4.62219
450;450;12.0779;-3.67588
450;450;12.0779;-3.67588
450;450;13.662;-4.83426
450;450;15.2482;-5.25801
450;450;15.2482;-5.25801
450;450;15.6835;-3.99983
450;450;15.3705;-2.63193
450;450;15.3705;-2.63193
450;450;15.3705;-2.63193
450;450;11.2469;-0.105111
450;450;8.60855;0.524912
450;450;6.50284;0.839076
450;450;6.50284;0.839076
450;450;6.18927;-0.209806
450;450;5.56082;-0.629527
450;450;5.56082;-0.629527
450;450;4.40669;-2.93779
450;450;4.71898;-4.08978
450;450;3.98538;-4.61465
450;450;3.98538;-4.61465
450;450;3.98607;-4.51056
450;450;4.30152;-4.1966
450;450;3.88254;-3.67267
450;450;3.25502;-2.62502
450;450;2.83618;-2.31096
450;450;2.83684;-1.89123
450;450;2.62716;-1.5763
450;450;2.62716;-1.5763
450;450;2.3119;-1.5763
450;450;3.04715;-1.57611
450;450;3.04715;-1.57611
450;450;2.62655;-1.47087
450;450;2.62655;-1.47087
450;450;2.94156;-1.68089
450;450;3.15223;-1.78626
450;450;3.04733;-1.89145
450;450;2.10075;-1.78564
450;450;1.99478;-1.88979
450;450;2.2045;-1.99455
450;450;1.99432;-1.88935
450;450;1.25971;-1.7846
450;450;1.25971;-1.7846
450;450;0.839712;-1.4695
450;450;0.314874;-1.57437
450;450;-5.68434e-14;-1.57428
450;450;-5.68434e-14;-1.67952
450;450;-5.68434e-14;-1.67952
450;450;0.209977;-1.67982
450;450;-0.31491;-1.46958
450;450;-0.629747;-1.36445
450;450;-0.944401;-1.04933
450;450;-1.15407;-0.62949
450;450;-1.15407;-0.62949
450;450;-1.15407;-0.62949
450;450;-1.67893;0.3148
450;450;-1.67874;0.314763
450;450;-1.99339;0.524575
450;450;-2.20309;0.629454
450;450;-2.09781;0.629344
450;450;-1.99269;0.524392
450;450;-1.88792;0.734191
450;450;-1.88792;0.734191
450;450;-2.09806;0.839223
450;450;-2.2027;0.839125
450;450;-2.2027;0.839125
450;450;-2.09793;0.94407
450;450;-2.09757;1.15366
450;450;-2.09757;1.15366
450;450;-1.36247;1.25766
450;450;-1.46693;1.15259
450;450;-1.57171;0.733465
450;450;-0.838099;-0.104762
450;450;-0.314305;-0.628611
450;450;3.56317;-6.60234
450;450;3.56317;-6.60234
450;450;11.4417;-8.39761
450;450;11.4417;-8.39761
450;450;11.4417;-8.39761
450;450;6.72083;-3.99049
450;450;11.7553;-11.4404
450;450;12.5935;-11.9638
450;450;12.5935;-11.9638
450;450;11.8547;-7.0289
450;450;11.0135;-1.04891
450;450;11.0135;-1.04891
450;450;10.5878;-0.628977
450;450;11.5481;-1.46975
450;450;12.6969;-1.04933
450;450;12.3807;0.314763
450;450;11.9589;1.15393
450;450;12.2794;4.40797
450;450;12.385;6.61235
450;450;11.0257;10.1857
450;450;10.497;11.2318
450;450;10.497;11.2318
450;450;12.3836;10.0748
450;450;14.8155;7.3552
450;450;18.9277;3.68039
450;450;18.9277;3.68039
450;450;18.9277;3.68039
450;450;22.6094;3.99609
450;450;22.6094;3.99609
450;450;23.6818;7.15717
450;450;23.4892;7.37328
450;450;22.3462;7.69468
450;450;22.3462;7.69468
450;450;17.8054;8.42857
450;450;16.3113;7.78732
450;450;15.5601;7.88517
450;450;15.5601;7.88517
450;450;17.4393;9.87525
450;450;15.2402;9.77476
450;450;15.2402;9.77476
450;450;10.2985;8.72218
450;450;7.98378;7.03833
450;450;6.40355;5.56374
450;450;5.76932;3.1469
450;450;7.3402;-1.5729
450;450;7.3402;-1.5729
450;450;11.6429;-5.87387
450;450;13.7543;-4.51477
450;450;13.7543;-4.51477
450;450;13.8674;-0.315168
450;450;12.9196;0.8403
450;450;11.3421;2.2054
450;450;9.97682;2.7305
450;450;7.03628;3.15057
450;450;4.93907;2.94242
450;450;4.20493;2.52296
450;450;2.41614;1.6808
450;450;0.735134;1.26023
450;450;0.735134;1.26023
450;450;0.104982;0.839859
450;450;0.10497;1.0497
450;450;0.10497;1.0497
450;450;0.10497;1.0497
450;450;0.104982;1.15481
450;450;-0.104946;1.1544
450;450;-0.209904;1.15447
450;450;-0.314874;1.36445
450;450;0.5243;1.0486
450;450;0.943521;0.524178
450;450;0.943521;0.524178
450;450;3.98143;-2.61936
450;450;6.28794;-4.50636
450;450;7.44073;-6.18314
450;450;7.75467;-7.54509
450;450;7.75467;-7.54509
450;450;8.27912;-10.0607
450;450;8.27912;-10.0607
450;450;5.66277;-11.2207
450;450;3.24953;-11.1113
450;450;2.51503;-10.2697
450;450;4.1905;-9.63814
450;450;5.97146;-9.53338
450;450;9.74177;-8.48477
450;450;11.952;-5.66145
450;450;11.952;-5.66145
450;450;10.9169;0.10497
450;450;9.03059;2.31015
450;450;7.6655;2.83519
450;450;7.6655;2.83519
450;450;5.9819;1.57418
450;450;5.9819;1.57418
450;450;13.5309;-12.3771
450;450;20.4883;-9.5612
450;450;21.9528;-5.67202
450;450;17.4413;-6.82943
450;450;17.4413;-6.82943
450;450;10.0801;-7.35005
450;450;9.65218;-7.76371
450;450;9.96286;-5.34849
450;450;10.5909;1.46804
450;450;11.1229;3.88254
450;450;10.5964;1.57373
450;450;8.80619;-8.70136
450;450;8.80619;-8.70136
450;450;5.98051;-8.39369
450;450;1.1538;-9.44015
450;450;1.1538;-9.44015
450;450;-1.88704;-6.91915
450;450;-0.524667;-3.67267
450;450;-0.524667;-3.67267
450;450;-0.524667;-3.67267
450;450;4.72503;-8.08506
450;450;8.28636;-10.2793
450;450;11.4244;-9.95706
450;450;12.7914;-9.22661
450;450;12.7914;-9.22661
450;450;12.7914;-9.22661
450;450;15.418;-9.75426
450;450;15.106;-9.02164
450;450;15.106;-9.02164
450;450;13.7471;-7.24083
450;450;11.6456;-6.81948
450;450;12.3771;-6.92278
450;450;16.5746;-8.28732
450;450;18.5689;-8.81235
450;450;18.5732;-9.12921
450;450;17.1131;-11.2338
450;450;17.1131;-11.2338
450;450;15.7621;-10.1928
450;450;14.9197;-7.35477
450;450;13.4613;-5.99448
450;450;10.9405;-5.04946
450;450;9.5707;-4.62759
450;450;7.14881;-4.52057
450;450;6.30814;-5.67733
450;450;8.93862;-9.88506
450;450;20.9318;-20.0903
450;450;26.6819;-29.3185
450;450;26.6819;-29.3185
450;450;20.4116;-30.1415
450;450;17.2085;-24.1763
450;450;17.5509;-9.83275
450;450;21.1011;-1.05505
450;450;20.6633;4.95498
450;450;19.474;9.36856
450;450;17.9509;12.8071
450;450;17.9509;12.8071
450;450;16.7952;15.5356
450;450;13.6255;11.5292
450;450;13.6255;11.5292
450;450;3.25104;0.419489
450;450;1.46932;2.41389
450;450;2.51737;3.67117
450;450;1.99199;0.419367
450;450;1.78241;1.57272
450;450;1.15245;8.59102
450;450;0.943026;8.80158
450;450;0.943026;8.80158
450;450;1.67805;5.03416
450;450;5.04151;5.77672
450;450;8.72881;5.78415
450;450;9.34888;-0.525218
450;450;7.85992;-9.01271
450;450;9.43356;-11.8444
450;450;12.293;-12.1879
450;450;13.772;-11.2489
450;450;16.1947;-7.36122
450;450;17.1431;-4.73276
450;450;17.1431;-4.73276
450;450;17.3433;0.210222
450;450;15.5392;1.46992
450;450;15.5392;1.46992
450;450;11.7663;1.78595
450;450;8.8216;2.52046
450;450;7.13755;2.83403
450;450;5.77369;3.25426
450;450;4.61815;3.67353
450;450;3.14874;3.67353
450;450;1.99455;3.35924
450;450;1.99455;3.35924
450;450;0.419709;2.72811
450;450;-0.524636;2.62318
450;450;-0.943795;2.62165
450;450;-1.15319;2.62089
450;450;-1.36342;2.62196
450;450;-1.36405;2.62318
450;450;-1.46907;2.62333
450;450;-1.46907;2.62333
450;450;-1.46907;2.62333
450;450;-1.25949;2.30907
450;450;-1.15481;1.88968
450;450;-0.734876;0.629894
450;450;0.840104;-1.57519
450;450;0.840104;-1.57519
450;450;2.93899;-5.14324
450;450;4.0979;-6.40953
450;450;4.0979;-6.40953
450;450;6.20155;-3.04822
450;450;6.20155;-3.04822
450;450;9.88102;-0.315352
450;450;11.982;-2.1021
450;450;15.7593;-5.14804
450;450;16.7175;-4.94166
450;450;16.7175;-4.94166
450;450;17.2453;-3.68039
450;450;17.2453;-3.68039
450;450;17.4535;-5.57251
450;450;17.4535;-5.57251
450;450;17.1541;-13.4707
450;450;17.1541;-13.4707
450;450;11.0625;-14.3286
450;450;9.19352;-8.55948
450;450;9.19352;-8.55948
450;450;4.9605;-5.17158
450;450;3.16386;-4.7458
450;450;3.48168;-1.47708
450;450;3.79708;0.105474
450;450;3.79641;1.58184
450;450;4.42397;4.2133
450;450;5.26786;3.37143
450;450;5.26786;3.37143
450;450;9.68662;0.421158
450;450;16.3141;-6.73616
450;450;22.9424;-11.3659
450;450;22.103;-8.84121
450;450;20.1032;-5.57838
450;450;15.3723;0.105289
450;450;11.0612;1.36948
450;450;8.85052;0.737543
450;450;6.63983;-0.421577
450;450;6.531;-2.00144
450;450;6.531;-2.00144
450;450;14.9406;-11.1528
450;450;28.0942;-22.2018
450;450;28.0942;-22.2018
450;450;25.3154;-18.7756
450;450;16.3119;-8.89739
450;450;12.6994;-2.32821
450;450;10.1356;3.80087
450;450;7.80694;6.11895
450;450;1.68601;7.48167
450;450;1.68601;7.48167
450;450;-1.05259;4.42086
450;450;0.52577;3.57524
450;450;0.210271;2.62839
450;450;-1.05074;1.89134
450;450;-0.735305;3.04626
450;450;0.630078;6.93086
450;450;0.73432;11.2246
450;450;-0.314415;14.0439
450;450;-1.15212;11.6259
450;450;-0.314196;-0.418928
450;450;-0.314196;-0.418928
450;450;2.09439;2.30383
450;450;4.18952;-10.5785
450;450;0.836881;-18.3068
450;450;-0.837222;-14.1281
450;450;-3.35376;-0.733636
450;450;-3.24858;-5.68434e-14
450;450;2.4115;-6.39572
450;450;3.67032;-9.75255
450;450;7.4481;-14.4766
450;450;7.4481;-14.4766
450;450;8.60554;-9.23522
450;450;8.60554;-9.23522
450;450;8.60554;-9.23522
450;450;0.105148;0.630888
450;450;-1.26045;4.41157
450;450;-2.31069;8.7176
450;450;0.525955;10.5191
450;450;0.525955;10.5191
450;450;1.47181;10.513
450;450;1.47181;10.513
450;450;-1.68207;14.613
450;450;-6.09146;15.2287
450;450;-7.76236;12.168
450;450;-5.45781;6.61235
450;450;-5.45781;6.61235
450;450;-0.630924;1.78762
450;450;-0.630924;1.78762
450;450;-4.30377;2.20437
450;450;-4.30377;2.20437
450;450;-4.30377;2.20437
450;450;-3.77298;7.86038
450;450;-3.03935;9.01324
450;450;-2.51693;9.54338
450;450;-5.68434e-14;8.39369
450;450;1.78324;8.60153
450;450;3.35572;11.6401
450;450;2.30504;12.6777
450;450;2.30504;12.6777
450;450;3.24461;6.69856
450;450;3.24461;6.69856
450;450;3.24461;6.69856
450;450;21.6289;-11.5494
450;450;19.0196;-7.04039
450;450;19.7298;-6.29674
450;450;34.8501;-19.9443
450;450;34.8501;-19.9443
450;450;44.5259;-26.0614
450;450;40.6172;-9.60043
450;450;40.6172;-9.60043
450;450;38.2559;-3.79397
450;450;32.0795;-1.26214
450;450;32.0795;-1.26214
450;450;32.0795;-1.26214
450;450;14.9976;-4.61465
450;450;12.6888;-6.1871
450;450;11.7409;-4.19318
450;450;8.58352;0.418708
450;450;5.54273;0.522899
450;450;4.18587;-4.18587
450;450;4.18587;-4.18587
450;450;7.66282;-12.2815
450;450;10.7301;-14.5172
450;450;13.1473;-14.6198
450;450;13.3507;-13.9814
450;450;13.3507;-13.9814
450;450;13.776;-9.04378
450;450;13.2394;-5.46386
450;450;11.6673;-3.36355
450;450;7.25013;-1.05074
450;450;7.25013;-1.05074
450;450;-0.629784;3.35885
450;450;-0.629784;3.35885
450;450;-0.629784;3.35885
450;450;-3.87869;7.23324
450;450;-2.51664;7.02562
450;450;-1.78241;6.50057
450;450;-1.78241;6.50057
450;450;-0.839076;4.82469
450;450;-0.839076;4.82469
450;450;-0.839076;4.82469
450;450;0.94429;2.20334
450;450;2.8332;1.04933
450;450;2.8332;1.04933
450;450;3.36002;0.840006
450;450;2.62487;0.944951
450;450;1.67923;1.25942
450;450;1.67962;1.46967
450;450;1.15501;1.89001
450;450;1.15501;1.89001
450;450;-5.68434e-14;2.41445
450;450;-0.209928;2.72906
450;450;-0.944235;2.93762
450;450;-1.67796;3.35591
450;450;-1.88792;3.67096
450;450;-2.20322;3.67203
450;450;-2.2036;3.67267
450;450;-2.2036;3.67267
450;450;-1.67991;3.14984
450;450;-1.36453;2.83403
450;450;-0.839418;2.51825
450;450;-0.839418;2.51825
450;450;0.104958;2.20412
450;450;0.314837;2.09891
450;450;0.83981;1.99455
450;450;1.25964;2.0994
450;450;1.25957;2.6241
450;450;1.46898;2.09855
450;450;1.46898;2.09855
450;450;2.09818;2.51781
450;450;2.20219;1.57299
450;450;2.72525;0.733721
450;450;2.93471;0.104811
450;450;2.93523;-0.733807
450;450;3.56545;-2.09732
450;450;3.98538;-2.20245
450;450;4.30102;-3.25199
450;450;3.77628;-3.77628
450;450;2.72779;-3.35728
450;450;2.41319;-3.56732
450;450;2.09904;-3.67331
450;450;1.25927;-2.93831
450;450;1.04921;-3.35748
450;450;1.04903;-3.25199
450;450;0.839125;-3.04183
450;450;0.419709;-3.56753
450;450;0.629711;-3.46341
450;450;0.839761;-3.46401
450;450;1.05062;-4.09742
450;450;1.57621;-4.51846
450;450;1.78647;-4.51872
450;450;1.78647;-4.51872
450;450;6.61891;-11.5568
450;450;6.61891;-11.5568
450;450;8.72983;-18.5114
450;450;4.62759;-14.0931
450;450;3.36513;-11.6728
450;450;3.25978;-11.8824
450;450;3.78025;-12.6008
450;450;6.92117;-11.745
450;450;9.54338;-11.1165
450;450;15.857;-9.87122
450;450;21.7402;-7.98192
450;450;21.7402;-7.98192
450;450;29.146;-2.20168
450;450;29.0462;2.30692
450;450;26.2059;5.13635
450;450;23.6832;6.49716
450;450;23.6832;6.49716
450;450;23.6832;6.49716
450;450;25.1547;-5.86943
450;450;24.8663;-9.96751
450;450;21.0892;-7.4494
450;450;18.0401;-3.88073
450;450;18.0401;-3.88073
450;450;18.0401;-3.88073
450;450;7.96102;10.5798
450;450;8.06295;13.5081
450;450;8.38099;12.781
450;450;9.42916;10.7912
450;450;9.42916;10.7912
450;450;9.42916;10.7912
450;450;10.7912;5.13366
450;450;8.80363;3.03935
450;450;7.54465;1.36223
450;450;7.54465;1.36223
450;450;5.65915;-0.523995
450;450;3.14929;-2.09952
450;450;1.89211;-2.94328
450;450;1.89211;-2.94328
450;450;1.89211;-2.94328
450;450;2.83734;0.630519
450;450;2.94174;1.78605
450;450;3.25502;2.52002
450;450;3.25502;2.52002
450;450;7.55256;-1.15386
450;450;14.7939;0.734448
450;450;9.65444;1.67903
450;450;3.88231;5.35129
450;450;0.628757;5.34444
450;450;2.93215;-1.67552
450;450;9.5306;-8.79748
450;450;17.741;-11.0225
450;450;14.375;-0.944346
450;450;14.1726;1.57474
450;450;12.0779;3.57086
450;450;11.8637;4.82947
450;450;11.8637;4.82947
450;450;22.3743;6.61775
450;450;29.2362;8.30814
450;450;29.2362;8.30814
450;450;34.1811;2.3138
450;450;32.431;-3.15887
450;450;25.2591;-5.05182
450;450;17.7731;-5.46865
450;450;15.2473;-5.36286
450;450;13.1489;-4.31283
450;450;12.9415;-3.57733
450;450;12.8363;-2.41996
450;450;12.9392;-1.05197
450;450;12.934;0.210308
450;450;12.934;0.210308
450;450;13.4668;1.68335
450;450;15.5938;3.47699
450;450;15.5938;3.47699
450;450;18.1289;4.53222
450;450;19.4028;4.85069
450;450;18.3644;4.11616
450;450;17.312;3.69464
450;450;17.312;3.69464
450;450;12.9658;2.21367
450;450;12.9658;2.21367
450;450;10.6392;1.79076
450;450;9.58133;1.57934
450;450;7.99591;1.89377
450;450;6.20554;2.62947
450;450;5.46673;2.8385
450;450;4.09742;3.36198
450;450;2.52002;3.46502
450;450;0.734962;-1.25994
450;450;0.734962;-1.25994
450;450;-2.09855;-6.08578
450;450;-2.52149;-5.14804
450;450;-1.88891;-5.0371
450;450;-2.09904;-6.50701
450;450;-3.8805;-6.08295
450;450;-3.8805;-6.08295
450;450;-3.56711;-3.4622
450;450;-3.88389;-1.78449
450;450;-4.62003;-0.210001
450;450;-4.62003;0.525004
450;450;-4.51503;0.315002
450;450;-3.67588;-0.630151
450;450;-2.83585;-1.36541
450;450;-2.10014;-2.10014
450;450;-1.6806;-2.5209
450;450;-1.78522;-2.4153
450;450;-2.31069;-2.31069
450;450;-2.31029;-2.4153
450;450;-2.20566;-2.31069
450;450;-1.26096;-1.89145
450;450;0.105117;-1.57676
450;450;0.735907;-1.36668
450;450;2.20772;-1.26155
450;450;2.20772;-1.26155
