target.x;target.y;delta.x;delta.y
640;512;-571;23
640;512;-571;23
640;512;-571;23
640;512;-571;23
640;512;-571;23
640;512;-571;23
640;512;-571;23
640;512;-571;23
640;512;-571;23
640;512;-571;23
640;512;-571;23
640;512;-571;23
640;512;-571;23
640;512;-571;23
640;512;-571;23
640;512;-571;23
640;512;-571;23
640;512;-571;23
640;512;-571;23
640;512;-571;23
640;512;-571;23
640;512;-571;23
640;512;-571;23
640;512;-571;23
640;512;-571;23
640;512;-571;23
640;512;-571;23
640;512;-571;23
640;512;-571;23
640;512;-571;23
640;512;-571;23
640;512;-571;23
640;512;-571;23
640;512;-571;23
640;512;-571;23
640;512;-571;23
640;512;-571;23
640;512;-571;23
640;512;-571;23
640;512;-571;23
640;512;-571;23
640;512;-571;23
640;512;-571;23
640;512;-571;23
640;512;-571;23
640;512;-571;23
640;512;-571;23
640;512;-571;23
640;512;-571;23
640;512;-571;23
640;512;-571;23
640;512;-571;23
640;512;-571;23
640;512;-571;23
640;512;-571;23
640;512;-571;23
640;512;-571;23
640;512;-571;23
640;512;-571;23
640;512;-571;23
640;512;-571;23
640;512;-571;23
640;512;-571;23
640;512;-571;23
640;512;-571;23
640;512;-571;23
640;512;-571;23
640;512;-571;23
640;512;-571;23
640;512;-571;23
640;512;-571;23
640;512;-571;23
640;512;-571;23
640;512;-571;23
640;512;-571;23
640;512;-571;23
640;512;-571;23
640;512;-571;23
640;512;-571;23
640;512;-571;23
640;512;-571;23
640;512;-571;23
640;512;-571;23
640;512;-571;23
640;512;-571;23
640;512;-571;23
640;512;-571;23
640;512;-571;23
640;512;-571;23
640;512;-571;23
640;512;-571;23
640;512;-571;23
640;512;-571;23
640;512;-571;23
640;512;-571;23
640;512;-571;23
640;512;-571;23
640;512;-571;23
640;512;-571;23
640;512;-571;23
640;512;-571;23
640;512;-571;23
640;512;-571;23
640;512;-571;23
640;512;-571;23
640;512;-571;23
640;512;-571;23
640;512;-571;23
640;512;-571;23
640;512;-571;23
640;512;-571;23
640;512;-571;23
640;512;-571;23
640;512;-571;23
640;512;-571;23
640;512;-571;23
640;512;-571;23
640;512;-571;23
640;512;-571;23
640;512;-571;23
640;512;-571;23
640;512;-571;23
640;512;-571;23
640;512;-571;23
640;512;-571;23
640;512;-571;23
640;512;-571;23
640;512;-571;23
640;512;-571;23
640;512;-571;23
640;512;-571;23
640;512;-571;23
640;512;-571;23
640;512;-571;23
640;512;-571;23
640;512;-571;23
640;512;-571;23
640;512;-571;23
640;512;-571;23
640;512;-571;23
640;512;-571;23
640;512;-571;23
640;512;-571;23
640;512;-571;23
640;512;-571;23
640;512;-571;23
640;512;-571;23
640;512;-571;23
640;512;-571;23
640;512;-571;23
640;512;-571;23
640;512;-571;23
640;512;-571;23
640;512;-571;23
640;512;-571;23
640;512;-571;23
640;512;-571;23
640;512;-571;23
640;512;-571;23
640;512;-571;23
640;512;-571;23
640;512;-571;23
640;512;-571;23
640;512;-571;23
640;512;-571;23
640;512;-571;23
640;512;-571;23
640;512;-571;23
640;512;-571;23
640;512;-571;23
640;512;-571;23
640;512;-571;23
640;512;-571;23
640;512;-571;23
640;512;-571;23
640;512;-571;23
640;512;-571;23
640;512;-571;23
640;512;-571;23
640;512;-571;23
640;512;-571;23
640;512;-571;23
640;512;-571;23
640;512;-571;23
640;512;-571;23
640;512;-571;23
640;512;-571;23
640;512;-571;23
640;512;-571;23
640;512;-571;23
640;512;-571;23
640;512;-571;23
640;512;-571;23
640;512;-571;23
640;512;-571;23
640;512;-571;23
640;512;-571;23
640;512;-571;23
640;512;-571;23
640;512;-571;23
640;512;-571;23
640;512;-571;23
640;512;-571;23
640;512;-571;23
640;512;-571;23
640;512;-571;23
640;512;-571;23
640;512;-571;23
640;512;-571;23
640;512;-571;23
640;512;-571;23
640;512;-571;23
640;512;-571;23
640;512;-571;23
640;512;-571;23
640;512;-571;23
640;512;-571;23
640;512;-571;23
640;512;-571;23
640;512;-571;23
640;512;-571;23
640;512;-571;23
640;512;-571;23
640;512;-571;23
640;512;-571;23
640;512;-571;23
640;512;-571;23
640;512;-571;23
640;512;-571;23
640;512;-571;23
640;512;-571;23
640;512;-571;23
640;512;-571;23
640;512;-571;23
640;512;-571;23
640;512;-571;23
640;512;-571;23
640;512;-571;23
640;512;-571;23
640;512;-571;23
640;512;-571;23
640;512;-571;23
640;512;-571;23
640;512;-571;23
640;512;-571;23
640;512;-571;23
640;512;-567;21
640;512;-546;16
640;512;-526;17
640;512;-525;24
640;512;-527;31
640;512;-527;25
640;512;-535;14
640;512;-547;18
640;512;-547;21
640;512;-534;17
640;512;-525;21
640;512;-529;26
640;512;-537;23
640;512;-540;16
640;512;-541;17
640;512;-540;21
640;512;-533;20
640;512;-521;21
640;512;-513;22
640;512;-509;19
640;512;-500;21
640;512;-485;27
640;512;-475;28
640;512;-479;26
640;512;-494;25
640;512;-502;22
640;512;-496;20
640;512;-489;23
640;512;-487;26
640;512;-487;27
640;512;-489;25
640;512;-492;22
640;512;-497;19
640;512;-499;22
640;512;-489;29
640;512;-475;27
640;512;-473;25
640;512;-483;25
640;512;-482;23
640;512;-461;23
640;512;-438;26
640;512;-431;36
640;512;-438;38
640;512;-448;29
640;512;-458;23
640;512;-464;25
640;512;-456;27
640;512;-444;28
640;512;-441;32
640;512;-446;33
640;512;-452;30
640;512;-455;25
640;512;-454;25
640;512;-447;31
640;512;-430;32
640;512;-413;32
640;512;-402;37
640;512;-392;45
640;512;-379;49
640;512;-377;45
640;512;-391;42
640;512;-408;40
640;512;-409;37
640;512;-398;37
640;512;-389;43
640;512;-387;47
640;512;-389;44
640;512;-395;41
640;512;-402;38
640;512;-405;34
640;512;-399;41
640;512;-381;49
640;512;-366;46
640;512;-369;47
640;512;-377;48
640;512;-367;44
640;512;-342;43
640;512;-314;58
640;512;-311;58
640;512;-339;49
640;512;-364;52
640;512;-356;48
640;512;-337;42
640;512;-332;53
640;512;-336;59
640;512;-336;55
640;512;-336;50
640;512;-344;45
640;512;-350;50
640;512;-338;52
640;512;-313;49
640;512;-296;58
640;512;-285;68
640;512;-272;66
640;512;-278;53
640;512;-307;47
640;512;-323;51
640;512;-307;49
640;512;-284;51
640;512;-275;66
640;512;-278;68
640;512;-288;58
640;512;-298;53
640;512;-302;53
640;512;-299;48
640;512;-296;52
640;512;-286;66
640;512;-272;61
640;512;-267;57
640;512;-269;64
640;512;-257;62
640;512;-232;54
640;512;-218;62
640;512;-225;66
640;512;-238;66
640;512;-237;65
640;512;-234;54
640;512;-240;61
640;512;-237;77
640;512;-219;68
640;512;-222;58
640;512;-249;63
640;512;-257;66
640;512;-241;53
640;512;-228;56
640;512;-220;70
640;512;-204;72
640;512;-182;72
640;512;-172;68
640;512;-185;66
640;512;-200;72
640;512;-189;75
640;512;-168;69
640;512;-173;67
640;512;-199;69
640;512;-212;68
640;512;-203;69
640;512;-191;62
640;512;-193;68
640;512;-203;72
640;512;-201;65
640;512;-184;68
640;512;-161;74
640;512;-146;75
640;512;-136;77
640;512;-124;81
640;512;-115;83
640;512;-115;80
640;512;-122;84
640;512;-129;79
640;512;-140;77
640;512;-152;76
640;512;-152;70
640;512;-151;68
640;512;-141;80
640;512;-126;85
640;512;-124;79
640;512;-140;73
640;512;-145;79
640;512;-123;83
640;512;-97;74
640;512;-89;77
640;512;-87;90
640;512;-69;90
640;512;-49;81
640;512;-55;85
640;512;-73;89
640;512;-73;85
640;512;-66;79
640;512;-73;81
640;512;-90;86
640;512;-92;80
640;512;-83;75
640;512;-79;80
640;512;-80;85
640;512;-75;91
640;512;-57;88
640;512;-49;89
640;512;-61;87
640;512;-72;82
640;512;-57;83
640;512;-25;83
640;512;-1;87
640;512;5;99
640;512;-6;99
640;512;-30;77
640;512;-52;72
640;512;-49;83
640;512;-22;81
640;512;-5;82
640;512;-13;92
640;512;-30;86
640;512;-34;80
640;512;-16;87
640;512;18;89
640;512;35;87
640;512;31;93
640;512;28;97
640;512;36;91
640;512;42;90
640;512;39;94
640;512;31;91
640;512;20;83
640;512;16;82
640;512;22;88
640;512;33;91
640;512;42;92
640;512;35;89
640;512;21;89
640;512;28;94
640;512;54;91
640;512;74;88
640;512;78;95
640;512;81;103
640;512;91;103
640;512;95;98
640;512;83;95
640;512;67;89
640;512;58;82
640;512;66;90
640;512;86;98
640;512;100;98
640;512;95;100
640;512;77;95
640;512;62;85
640;512;64;93
640;512;87;99
640;512;102;95
640;512;96;98
640;512;89;97
640;512;103;93
640;512;135;96
640;512;159;98
640;512;156;101
640;512;141;104
640;512;137;102
640;512;144;93
640;512;141;93
640;512;134;101
640;512;139;101
640;512;149;97
640;512;148;99
640;512;138;99
640;512;131;95
640;512;141;105
640;512;156;101
640;512;159;100
640;512;151;105
640;512;155;100
640;512;177;96
640;512;204;103
640;512;216;108
640;512;208;110
640;512;201;113
640;512;201;101
640;512;191;90
640;512;179;100
640;512;187;107
640;512;210;103
640;512;218;106
640;512;205;112
640;512;187;98
640;512;178;95
640;512;192;111
640;512;215;106
640;512;221;107
640;512;209;113
640;512;203;102
640;512;219;99
640;512;256;107
640;512;278;105
640;512;262;112
640;512;249;126
640;512;259;113
640;512;263;97
640;512;244;106
640;512;234;113
640;512;248;107
640;512;264;106
640;512;260;112
640;512;245;112
640;512;242;107
640;512;257;115
640;512;270;112
640;512;266;110
640;512;260;113
640;512;273;111
640;512;301;111
640;512;326;119
640;512;327;124
640;512;293;112
640;512;273;114
640;512;282;109
640;512;295;101
640;512;295;115
640;512;303;134
640;512;317;118
640;512;310;110
640;512;286;118
640;512;277;112
640;512;291;107
640;512;304;114
640;512;304;123
640;512;306;128
640;512;319;118
640;512;333;112
640;512;342;113
640;512;347;113
640;512;358;129
640;512;373;134
640;512;377;124
640;512;360;119
640;512;337;114
640;512;329;105
640;512;342;110
640;512;362;120
640;512;375;123
640;512;373;125
640;512;360;120
640;512;343;108
640;512;337;113
640;512;358;124
640;512;385;119
640;512;387;120
640;512;377;124
640;512;387;123
640;512;411;124
640;512;423;128
640;512;416;130
640;512;403;126
640;512;398;117
640;512;398;117
640;512;400;120
640;512;405;121
640;512;414;125
640;512;417;125
640;512;413;122
640;512;406;119
640;512;397;113
640;512;403;125
640;512;428;126
640;512;452;122
640;512;454;128
640;512;446;131
640;512;433;123
640;512;426;116
640;512;429;121
640;512;441;120
640;512;446;122
640;512;443;127
640;512;440;124
640;512;442;122
640;512;443;119
640;512;433;113
640;512;419;124
640;512;430;135
640;512;457;134
640;512;456;134
640;512;430;133
640;512;413;128
640;512;415;117
640;512;422;116
640;512;426;129
640;512;436;133
640;512;443;129
640;512;434;128
640;512;418;125
640;512;417;123
640;512;429;123
640;512;437;127
640;512;436;130
640;512;434;128
640;512;431;123
640;512;428;120
640;512;427;120
640;512;433;121
640;512;438;121
640;512;436;122
640;512;432;123
640;512;433;120
640;512;435;119
640;512;434;120
640;512;434;120
640;512;436;119
640;512;437;119
640;512;435;119
640;512;435;119
640;512;437;118
640;512;437;118
640;512;436;118
640;512;436;118
640;512;437;117
640;512;437;118
640;512;437;118
640;512;438;118
640;512;438;117
640;512;437;118
640;512;437;118
640;512;438;117
640;512;439;118
640;512;438;118
640;512;438;118
640;512;439;117
640;512;439;117
640;512;439;118
640;512;440;118
640;512;440;117
640;512;439;117
640;512;439;117
640;512;440;117
640;512;440;117
640;512;440;117
640;512;440;117
640;512;440;117
640;512;440;117
640;512;440;117
640;512;440;117
640;512;440;117
640;512;440;117
640;512;440;117
640;512;440;117
640;512;440;117
640;512;439;117
640;512;439;117
640;512;439;117
640;512;439;117
640;512;439;117
640;512;438;118
640;512;438;117
640;512;438;117
640;512;438;117
640;512;438;118
640;512;438;118
640;512;438;118
640;512;438;118
640;512;438;117
640;512;439;117
640;512;439;117
640;512;439;118
640;512;439;117
640;512;439;117
640;512;439;117
640;512;439;117
640;512;439;117
640;512;440;117
640;512;440;117
640;512;440;117
640;512;440;117
640;512;440;117
640;512;440;117
640;512;440;117
640;512;440;117
640;512;440;118
640;512;440;118
640;512;440;118
640;512;440;118
640;512;440;118
640;512;439;118
640;512;439;118
640;512;439;118
640;512;439;118
640;512;440;118
640;512;440;118
640;512;439;117
640;512;439;117
640;512;439;117
640;512;440;118
640;512;440;118
640;512;440;118
640;512;439;117
640;512;439;117
640;512;439;117
640;512;440;117
640;512;440;117
640;512;440;117
640;512;440;117
640;512;440;117
640;512;440;117
640;512;440;117
640;512;440;117
640;512;440;117
640;512;440;117
640;512;440;117
640;512;440;117
640;512;440;117
640;512;440;118
640;512;440;118
640;512;440;118
640;512;440;118
640;512;439;118
640;512;438;117
640;512;437;117
640;512;438;118
640;512;438;118
640;512;437;118
640;512;436;118
640;512;436;117
640;512;436;118
640;512;436;118
640;512;436;118
640;512;436;118
640;512;436;118
640;512;435;118
640;512;434;118
640;512;434;118
640;512;434;118
640;512;434;118
640;512;435;118
640;512;435;117
640;512;435;117
640;512;435;117
640;512;435;117
640;512;435;117
640;512;435;117
640;512;435;117
640;512;435;117
640;512;435;117
640;512;435;117
640;512;435;117
640;512;434;117
640;512;434;117
640;512;434;117
640;512;434;117
640;512;434;117
640;512;434;117
640;512;434;117
640;512;433;117
640;512;433;117
640;512;433;117
640;512;433;117
640;512;433;117
640;512;433;117
640;512;433;117
640;512;433;117
640;512;433;117
640;512;433;117
640;512;433;117
640;512;433;117
640;512;433;117
640;512;433;117
640;512;433;117
640;512;433;117
640;512;433;117
640;512;433;117
640;512;432;117
640;512;432;117
640;512;432;117
640;512;431;117
640;512;430;117
640;512;429;117
640;512;427;117
640;512;425;117
640;512;426;115
640;512;428;113
640;512;426;116
640;512;422;115
640;512;420;112
640;512;418;112
640;512;416;114
640;512;417;114
640;512;420;114
640;512;421;115
640;512;417;114
640;512;415;114
640;512;414;113
640;512;414;113
640;512;414;115
640;512;416;115
640;512;417;114
640;512;415;114
640;512;414;114
640;512;414;114
640;512;416;114
640;512;416;115
640;512;416;115
640;512;416;114
640;512;416;114
640;512;415;114
640;512;415;113
640;512;416;114
640;512;417;114
640;512;416;114
640;512;416;114
640;512;415;113
640;512;415;113
640;512;416;113
640;512;416;114
640;512;417;114
640;512;416;114
640;512;416;112
640;512;419;107
640;512;423;121
640;512;428;133
640;512;426;131
640;512;404;137
640;512;382;142
640;512;378;129
640;512;378;125
640;512;374;131
640;512;373;133
640;512;379;134
640;512;385;138
640;512;384;138
640;512;375;135
640;512;368;134
640;512;368;132
640;512;371;131
640;512;372;134
640;512;373;137
640;512;374;137
640;512;374;136
640;512;371;135
640;512;366;134
640;512;365;133
640;512;367;134
640;512;370;135
640;512;370;136
640;512;369;136
640;512;368;136
640;512;366;135
640;512;365;134
640;512;364;134
640;512;365;135
640;512;367;135
640;512;368;136
640;512;366;136
640;512;364;135
640;512;364;134
640;512;364;135
640;512;364;135
640;512;364;135
640;512;365;136
640;512;365;136
640;512;364;135
640;512;363;135
640;512;362;135
640;512;363;135
640;512;363;135
640;512;363;136
640;512;363;136
640;512;363;135
640;512;362;135
640;512;362;135
640;512;361;135
640;512;362;135
640;512;362;135
640;512;362;136
640;512;361;136
640;512;361;135
640;512;361;135
640;512;361;135
640;512;360;135
640;512;361;135
640;512;361;136
640;512;361;136
640;512;360;135
640;512;360;135
640;512;360;135
640;512;360;135
640;512;360;135
640;512;360;136
640;512;360;136
640;512;360;135
640;512;359;135
640;512;359;135
640;512;359;135
640;512;359;135
640;512;359;136
640;512;359;136
640;512;359;135
640;512;359;135
640;512;359;135
640;512;358;135
640;512;358;135
640;512;358;135
640;512;358;136
640;512;358;136
640;512;358;135
640;512;358;135
640;512;358;135
640;512;358;135
640;512;358;135
640;512;358;136
640;512;358;136
640;512;358;136
640;512;357;135
640;512;357;135
640;512;357;135
640;512;357;135
640;512;357;135
640;512;357;136
640;512;357;135
640;512;357;135
640;512;357;135
640;512;357;135
640;512;357;135
640;512;357;136
640;512;357;136
640;512;357;136
640;512;356;136
640;512;356;136
640;512;356;135
640;512;356;136
640;512;356;136
640;512;356;136
640;512;356;136
640;512;356;136
640;512;356;135
640;512;356;136
640;512;356;135
640;512;356;136
640;512;356;136
640;512;356;136
640;512;356;136
640;512;356;136
640;512;356;136
640;512;355;136
640;512;355;136
640;512;355;136
640;512;355;136
640;512;355;136
640;512;355;136
640;512;355;136
640;512;355;136
640;512;355;136
640;512;355;136
640;512;355;136
640;512;355;136
640;512;355;136
640;512;355;136
640;512;355;136
640;512;355;135
640;512;355;135
640;512;355;135
640;512;355;135
640;512;355;135
640;512;355;136
640;512;354;136
640;512;354;136
640;512;354;136
640;512;354;135
640;512;354;136
640;512;354;135
640;512;354;136
640;512;354;136
640;512;354;136
640;512;354;136
640;512;354;135
640;512;354;136
640;512;354;136
640;512;354;135
640;512;354;135
640;512;354;135
640;512;354;136
640;512;354;136
640;512;354;136
640;512;354;136
640;512;354;136
640;512;354;136
640;512;353;136
640;512;353;136
640;512;353;136
640;512;353;136
640;512;353;136
640;512;353;136
640;512;353;136
640;512;353;136
640;512;353;136
640;512;353;136
640;512;353;136
640;512;353;136
640;512;353;136
640;512;353;136
640;512;353;136
640;512;353;136
640;512;353;136
640;512;353;136
640;512;353;136
640;512;353;136
640;512;353;136
640;512;353;136
640;512;353;136
640;512;353;136
640;512;353;136
640;512;353;136
640;512;353;136
640;512;353;136
640;512;353;136
640;512;353;136
640;512;353;136
640;512;353;136
640;512;353;136
640;512;353;136
640;512;353;136
640;512;352;135
640;512;352;135
640;512;352;136
640;512;352;135
640;512;352;135
640;512;352;135
640;512;352;135
640;512;352;135
640;512;352;135
640;512;352;135
640;512;352;135
640;512;352;135
640;512;352;135
640;512;352;135
640;512;352;135
640;512;352;135
640;512;352;135
640;512;352;135
640;512;352;135
640;512;352;135
640;512;352;135
640;512;352;135
640;512;352;135
640;512;352;135
640;512;352;135
640;512;352;135
640;512;352;135
640;512;352;135
640;512;352;136
640;512;352;136
640;512;352;136
640;512;352;136
640;512;352;136
640;512;352;136
640;512;352;136
640;512;351;135
640;512;351;135
640;512;351;135
640;512;351;135
640;512;351;135
640;512;351;135
640;512;351;135
640;512;351;135
640;512;351;135
640;512;351;135
640;512;351;135
640;512;351;136
640;512;351;136
640;512;351;136
640;512;351;135
640;512;351;135
640;512;351;135
640;512;351;135
640;512;351;135
640;512;351;135
640;512;351;135
640;512;351;135
640;512;351;136
640;512;351;135
640;512;351;135
640;512;351;135
640;512;351;135
640;512;351;136
640;512;351;136
640;512;351;135
640;512;351;135
640;512;351;135
640;512;351;135
640;512;351;135
640;512;351;135
640;512;351;135
640;512;351;136
640;512;351;136
640;512;351;136
640;512;351;136
640;512;351;135
640;512;350;135
640;512;350;135
640;512;350;136
640;512;350;136
640;512;350;136
640;512;350;136
640;512;350;136
640;512;350;136
640;512;350;136
640;512;350;136
640;512;350;136
640;512;350;136
640;512;350;136
640;512;350;136
640;512;350;136
640;512;350;136
640;512;350;136
640;512;350;136
640;512;350;136
640;512;350;136
640;512;350;136
640;512;350;136
640;512;350;136
640;512;350;136
640;512;350;136
640;512;350;136
640;512;350;135
640;512;350;135
640;512;350;135
640;512;350;136
640;512;350;136
640;512;350;136
640;512;350;136
640;512;350;135
640;512;350;135
640;512;350;135
640;512;350;136
640;512;350;135
640;512;350;135
640;512;350;135
640;512;350;135
640;512;350;135
640;512;350;135
640;512;350;135
640;512;350;135
640;512;350;135
640;512;351;135
640;512;351;135
640;512;351;135
640;512;352;135
640;512;353;135
640;512;352;135
640;512;351;135
640;512;351;136
640;512;351;134
640;512;350;134
640;512;350;135
640;512;351;134
640;512;352;134
640;512;350;134
640;512;349;134
640;512;348;134
640;512;349;134
640;512;347;133
640;512;346;134
640;512;345;134
640;512;346;133
640;512;345;134
640;512;343;134
640;512;342;133
640;512;343;133
640;512;343;134
640;512;342;134
640;512;341;134
640;512;342;134
640;512;342;134
640;512;342;134
640;512;341;133
640;512;341;134
640;512;341;134
640;512;340;134
640;512;340;134
640;512;341;134
640;512;343;132
640;512;343;132
640;512;342;134
640;512;340;132
640;512;337;132
640;512;334;133
640;512;331;134
640;512;328;134
640;512;325;135
640;512;319;137
640;512;310;137
640;512;305;137
640;512;304;138
640;512;306;137
640;512;303;138
640;512;300;139
640;512;299;139
640;512;299;138
640;512;293;138
640;512;284;140
640;512;278;140
640;512;274;140
640;512;270;141
640;512;266;141
640;512;261;139
640;512;253;139
640;512;248;140
640;512;247;138
640;512;245;136
640;512;238;138
640;512;232;140
640;512;230;139
640;512;224;134
640;512;211;130
640;512;202;131
640;512;207;132
640;512;215;133
640;512;213;137
640;512;202;137
640;512;187;133
640;512;168;128
640;512;150;124
640;512;139;122
640;512;136;123
640;512;137;128
640;512;127;131
640;512;97;126
640;512;59;119
640;512;27;113
640;512;14;108
640;512;16;109
640;512;24;117
640;512;26;123
640;512;12;120
640;512;-13;114
640;512;-38;107
640;512;-53;100
640;512;-53;100
640;512;-41;107
640;512;-28;114
640;512;-29;117
640;512;-51;116
640;512;-87;107
640;512;-118;98
640;512;-137;94
640;512;-143;95
640;512;-143;99
640;512;-146;104
640;512;-160;103
640;512;-188;98
640;512;-225;92
640;512;-257;85
640;512;-277;82
640;512;-287;81
640;512;-291;82
640;512;-296;83
640;512;-303;85
640;512;-314;82
640;512;-329;78
640;512;-344;77
640;512;-354;75
640;512;-357;73
640;512;-360;75
640;512;-364;77
640;512;-369;76
640;512;-378;75
640;512;-388;73
640;512;-393;69
640;512;-389;66
640;512;-379;67
640;512;-369;69
640;512;-364;72
640;512;-361;72
640;512;-362;71
640;512;-369;68
640;512;-376;66
640;512;-376;66
640;512;-370;66
640;512;-365;68
640;512;-365;71
640;512;-369;73
640;512;-375;70
640;512;-381;69
640;512;-385;69
640;512;-386;70
640;512;-387;72
640;512;-390;74
640;512;-395;74
640;512;-409;72
640;512;-426;71
640;512;-444;68
640;512;-458;63
640;512;-460;61
640;512;-457;62
640;512;-454;66
640;512;-454;68
640;512;-461;69
640;512;-477;66
640;512;-496;63
640;512;-512;59
640;512;-522;57
640;512;-529;58
640;512;-535;60
640;512;-545;59
640;512;-557;58
640;512;-570;56
640;512;-585;53
640;512;-599;50
640;512;-610;50
640;512;-618;49
640;512;-622;48
640;512;-624;47
640;512;-624;47
640;512;-625;47
640;512;-626;47
640;512;-628;48
640;512;-630;49
640;512;-641;-513
640;512;-636;49
640;512;-641;-513
640;512;-641;-513
640;512;-641;-513
640;512;-641;-513
640;512;-641;-513
640;512;-641;-513
640;512;-641;-513
640;512;-641;-513
640;512;-641;-513
640;512;-641;-513
640;512;-641;-513
640;512;-641;-513
640;512;-641;-513
640;512;-641;-513
640;512;-641;-513
640;512;-641;-513
640;512;-641;-513
640;512;-641;-513
640;512;-641;-513
640;512;-641;-513
640;512;-641;-513
640;512;-641;-513
640;512;-641;-513
640;512;-641;-513
640;512;-641;-513
640;512;-641;-513
640;512;-641;-513
640;512;-641;-513
640;512;-641;-513
640;512;-641;-513
640;512;-641;-513
640;512;-641;-513
640;512;-641;-513
640;512;-641;-513
640;512;-641;-513
640;512;-641;-513
640;512;-641;-513
640;512;-641;-513
640;512;-641;-513
640;512;-641;-513
640;512;-641;-513
640;512;-641;-513
640;512;-641;-513
640;512;-641;-513
640;512;-641;-513
640;512;-641;-513
640;512;-641;-513
640;512;-641;-513
640;512;-641;-513
640;512;-641;-513
640;512;-641;-513
640;512;-641;-513
640;512;-641;-513
640;512;-641;-513
640;512;-641;-513
640;512;-641;-513
640;512;-641;-513
640;512;-641;-513
640;512;-641;-513
640;512;-641;-513
640;512;-641;-513
640;512;-641;-513
640;512;-641;-513
640;512;-641;-513
640;512;-641;-513
640;512;-641;-513
640;512;-641;-513
640;512;-640;7
640;512;-641;-513
640;512;-640;6
640;512;-641;-513
640;512;-641;-513
640;512;-640;6
640;512;-641;-513
640;512;-640;2
640;512;-641;-513
640;512;-639;4
640;512;-641;-513
640;512;-637;3
640;512;-636;3
640;512;-641;-513
640;512;-634;2
640;512;-641;-513
640;512;-630;3
640;512;-631;3
640;512;-634;3
640;512;-633;3
640;512;-641;-513
640;512;-627;-1
640;512;-627;-1
640;512;-627;0
640;512;-641;-513
640;512;-617;-5
640;512;-613;-7
640;512;-614;-7
640;512;-617;-6
640;512;-616;-6
640;512;-614;-7
640;512;-617;-6
640;512;-641;-513
640;512;-632;1
640;512;-641;-513
640;512;-636;8
640;512;-641;-513
640;512;-641;-513
640;512;-641;-513
640;512;-639;16
640;512;-641;-513
640;512;-639;14
640;512;-641;-513
640;512;-641;-513
640;512;-641;-513
640;512;-641;-513
640;512;-640;15
640;512;-641;-513
640;512;-638;14
640;512;-641;-513
640;512;-641;-513
640;512;-641;-513
640;512;-640;16
640;512;-641;-513
640;512;-639;16
640;512;-640;16
640;512;-641;-513
640;512;-641;-513
640;512;-641;-513
640;512;-641;-513
640;512;-640;12
640;512;-641;-513
640;512;-640;14
640;512;-641;-513
640;512;-641;-513
640;512;-640;11
640;512;-641;-513
640;512;-623;3
640;512;-641;-513
640;512;-620;9
640;512;-623;8
640;512;-641;-513
640;512;-628;6
640;512;-625;5
640;512;-641;-513
640;512;-620;4
640;512;-619;6
640;512;-616;3
640;512;-612;0
640;512;-612;-3
640;512;-615;-4
640;512;-618;-2
640;512;-620;1
640;512;-619;2
640;512;-619;1
640;512;-619;0
640;512;-616;0
640;512;-610;-2
640;512;-604;-1
640;512;-599;0
640;512;-591;0
640;512;-585;-4
640;512;-585;-6
640;512;-586;0
640;512;-579;-4
640;512;-570;-11
640;512;-567;-5
640;512;-558;1
640;512;-544;-8
640;512;-541;-12
640;512;-548;-6
640;512;-554;-7
640;512;-559;-11
640;512;-573;-6
640;512;-593;0
640;512;-605;1
640;512;-611;0
640;512;-615;2
640;512;-620;5
640;512;-625;6
640;512;-625;7
640;512;-627;9
640;512;-641;-513
640;512;-635;12
640;512;-641;-513
640;512;-631;11
640;512;-641;-513
640;512;-633;12
640;512;-641;-513
640;512;-633;14
640;512;-641;-513
640;512;-633;11
640;512;-634;13
640;512;-633;13
640;512;-641;-513
640;512;-633;14
640;512;-634;14
640;512;-634;13
640;512;-641;-513
640;512;-611;6
640;512;-641;-513
640;512;-581;-4
640;512;-569;-5
640;512;-558;-7
640;512;-553;-6
640;512;-568;-2
640;512;-591;-1
640;512;-601;1
640;512;-599;1
640;512;-600;-1
640;512;-608;2
640;512;-613;7
640;512;-610;4
640;512;-608;1
640;512;-615;3
640;512;-641;-513
640;512;-625;5
640;512;-622;4
640;512;-624;6
640;512;-641;-513
640;512;-634;13
640;512;-641;-513
640;512;-630;11
640;512;-631;11
640;512;-633;12
640;512;-633;14
640;512;-631;13
640;512;-631;12
640;512;-632;11
640;512;-641;-513
640;512;-632;13
640;512;-641;-513
640;512;-633;13
640;512;-633;14
640;512;-632;13
640;512;-641;-513
640;512;-630;11
640;512;-627;12
640;512;-641;-513
640;512;-619;8
640;512;-641;-513
640;512;-609;4
640;512;-600;0
640;512;-587;-1
640;512;-574;0
640;512;-569;-1
640;512;-569;-2
640;512;-568;-3
640;512;-565;-5
640;512;-562;-7
640;512;-556;-6
640;512;-543;-6
640;512;-531;-8
640;512;-530;-9
640;512;-539;-7
640;512;-536;-8
640;512;-528;-12
640;512;-533;-12
640;512;-550;-7
640;512;-566;-4
640;512;-574;-5
640;512;-584;-4
640;512;-599;0
640;512;-612;1
640;512;-617;2
640;512;-620;5
640;512;-623;8
640;512;-627;9
640;512;-641;-513
640;512;-631;12
640;512;-629;12
640;512;-628;11
640;512;-630;12
640;512;-631;13
640;512;-630;12
640;512;-630;12
640;512;-630;11
640;512;-631;12
640;512;-631;13
640;512;-630;12
640;512;-630;11
640;512;-632;12
640;512;-633;11
640;512;-641;-513
640;512;-618;14
640;512;-641;-513
640;512;-601;8
640;512;-595;11
640;512;-584;8
640;512;-576;6
640;512;-578;9
640;512;-584;10
640;512;-584;7
640;512;-576;8
640;512;-568;9
640;512;-564;10
640;512;-559;10
640;512;-557;9
640;512;-562;9
640;512;-570;9
640;512;-574;10
640;512;-568;12
640;512;-558;11
640;512;-552;10
640;512;-551;13
640;512;-548;14
640;512;-541;11
640;512;-539;8
640;512;-538;10
640;512;-527;12
640;512;-511;8
640;512;-504;7
640;512;-502;11
640;512;-486;9
640;512;-453;5
640;512;-429;4
640;512;-432;7
640;512;-451;8
640;512;-459;9
640;512;-458;9
640;512;-465;7
640;512;-488;7
640;512;-508;9
640;512;-515;8
640;512;-521;7
640;512;-534;13
640;512;-543;17
640;512;-548;14
640;512;-555;10
640;512;-568;14
640;512;-576;16
640;512;-578;16
640;512;-584;18
640;512;-589;20
640;512;-589;20
640;512;-585;17
640;512;-586;18
640;512;-591;20
640;512;-593;18
640;512;-591;17
640;512;-590;20
640;512;-592;20
640;512;-594;19
640;512;-593;20
640;512;-592;19
640;512;-592;18
640;512;-595;20
640;512;-595;20
640;512;-592;19
640;512;-592;20
640;512;-594;20
640;512;-595;19
640;512;-594;19
640;512;-594;20
640;512;-594;19
640;512;-595;20
640;512;-594;20
640;512;-594;19
640;512;-595;19
640;512;-595;20
640;512;-595;19
640;512;-595;19
640;512;-595;20
640;512;-595;20
640;512;-595;20
640;512;-595;20
640;512;-595;20
640;512;-596;20
640;512;-596;20
640;512;-595;20
640;512;-595;20
640;512;-595;20
640;512;-596;20
640;512;-596;20
640;512;-596;19
640;512;-596;19
640;512;-596;20
640;512;-596;20
640;512;-596;20
640;512;-596;20
640;512;-596;20
640;512;-596;20
640;512;-596;20
640;512;-596;20
640;512;-596;20
640;512;-596;20
640;512;-596;20
640;512;-596;20
640;512;-596;20
640;512;-596;20
640;512;-596;20
640;512;-596;20
640;512;-596;20
640;512;-596;20
640;512;-596;20
640;512;-597;20
640;512;-597;20
640;512;-597;20
640;512;-597;20
640;512;-597;20
640;512;-597;20
640;512;-597;20
640;512;-597;20
640;512;-597;20
640;512;-597;20
640;512;-597;20
640;512;-597;20
640;512;-597;20
640;512;-597;20
640;512;-597;20
640;512;-597;20
640;512;-597;20
640;512;-597;20
640;512;-597;20
640;512;-597;20
640;512;-597;20
640;512;-597;20
640;512;-597;20
640;512;-597;20
640;512;-597;20
640;512;-597;20
640;512;-597;20
640;512;-597;20
640;512;-597;20
640;512;-597;20
640;512;-597;20
640;512;-597;20
640;512;-597;20
640;512;-597;20
640;512;-597;20
640;512;-597;20
640;512;-597;20
640;512;-597;20
640;512;-597;20
640;512;-597;20
640;512;-597;20
640;512;-597;20
640;512;-597;20
640;512;-597;20
640;512;-597;20
640;512;-597;20
640;512;-597;20
640;512;-597;20
640;512;-597;20
640;512;-597;20
640;512;-597;20
640;512;-597;20
640;512;-597;20
640;512;-597;20
640;512;-597;20
640;512;-597;20
640;512;-598;20
640;512;-597;20
640;512;-597;20
640;512;-597;20
640;512;-598;20
640;512;-598;20
640;512;-597;20
640;512;-597;20
640;512;-598;20
640;512;-598;20
640;512;-598;20
640;512;-598;20
640;512;-598;20
640;512;-598;20
640;512;-598;20
640;512;-597;20
640;512;-597;20
640;512;-598;20
640;512;-598;20
640;512;-598;20
640;512;-598;20
640;512;-598;20
640;512;-598;20
640;512;-598;20
640;512;-598;20
640;512;-598;20
640;512;-598;20
640;512;-598;20
640;512;-598;20
640;512;-598;20
640;512;-598;20
640;512;-598;20
640;512;-598;20
640;512;-598;20
640;512;-598;20
640;512;-598;20
640;512;-598;20
640;512;-598;20
640;512;-598;20
640;512;-598;20
640;512;-598;20
640;512;-598;20
640;512;-598;20
640;512;-598;20
640;512;-598;20
640;512;-598;20
640;512;-598;20
640;512;-598;20
640;512;-598;20
640;512;-598;20
640;512;-598;20
640;512;-598;20
640;512;-598;20
640;512;-598;20
640;512;-598;20
640;512;-598;20
640;512;-598;20
640;512;-598;20
640;512;-598;20
640;512;-598;20
640;512;-598;20
640;512;-598;20
640;512;-598;20
640;512;-598;20
640;512;-598;20
640;512;-598;20
640;512;-598;20
640;512;-598;20
640;512;-598;20
640;512;-598;20
640;512;-598;20
640;512;-598;20
640;512;-598;20
640;512;-598;20
640;512;-598;20
640;512;-598;20
640;512;-598;20
640;512;-598;20
640;512;-598;20
640;512;-598;20
640;512;-598;20
640;512;-598;20
640;512;-598;20
640;512;-598;20
640;512;-598;20
640;512;-598;20
640;512;-598;20
640;512;-598;20
640;512;-598;20
640;512;-598;20
640;512;-598;20
640;512;-598;20
640;512;-598;20
640;512;-598;20
640;512;-598;20
640;512;-598;20
640;512;-598;20
640;512;-598;19
640;512;-598;19
640;512;-598;19
640;512;-598;19
640;512;-598;20
640;512;-598;20
640;512;-598;20
640;512;-598;20
640;512;-598;20
640;512;-598;20
640;512;-598;20
640;512;-598;20
640;512;-598;20
640;512;-598;20
640;512;-598;20
640;512;-598;19
640;512;-598;19
640;512;-598;19
640;512;-598;20
640;512;-598;20
640;512;-598;20
640;512;-598;20
640;512;-598;20
640;512;-598;20
640;512;-598;20
640;512;-598;20
640;512;-598;20
640;512;-598;20
640;512;-598;20
640;512;-598;20
640;512;-598;20
640;512;-598;20
640;512;-598;20
640;512;-599;20
640;512;-599;20
640;512;-598;20
640;512;-598;20
640;512;-598;20
640;512;-598;20
640;512;-598;20
640;512;-598;20
640;512;-598;19
640;512;-598;19
640;512;-598;19
640;512;-598;19
640;512;-598;19
640;512;-598;19
640;512;-598;19
640;512;-598;19
640;512;-598;19
640;512;-598;19
640;512;-598;19
640;512;-598;19
640;512;-598;19
640;512;-598;19
640;512;-598;19
640;512;-598;19
640;512;-598;19
640;512;-598;19
640;512;-598;19
640;512;-598;19
640;512;-598;19
640;512;-598;19
640;512;-598;19
640;512;-598;19
640;512;-598;19
640;512;-598;19
640;512;-598;19
640;512;-598;19
640;512;-598;19
640;512;-598;19
640;512;-598;19
640;512;-598;19
640;512;-598;19
640;512;-598;19
640;512;-598;19
640;512;-598;20
640;512;-598;20
640;512;-598;20
640;512;-598;20
640;512;-598;20
640;512;-598;20
640;512;-598;20
640;512;-598;20
640;512;-598;20
640;512;-598;20
640;512;-598;20
640;512;-598;20
640;512;-598;20
640;512;-598;20
640;512;-598;20
640;512;-598;20
640;512;-598;20
640;512;-598;20
640;512;-598;20
640;512;-598;20
640;512;-598;20
640;512;-598;20
640;512;-598;20
640;512;-598;20
640;512;-598;20
640;512;-598;20
640;512;-598;20
640;512;-598;20
640;512;-598;20
640;512;-598;20
640;512;-598;20
640;512;-598;20
640;512;-598;20
640;512;-598;20
640;512;-598;20
640;512;-598;20
640;512;-598;20
640;512;-598;20
640;512;-598;20
640;512;-598;20
640;512;-598;20
640;512;-598;20
640;512;-598;20
640;512;-598;20
640;512;-598;20
640;512;-598;20
640;512;-598;20
640;512;-598;20
640;512;-598;20
640;512;-598;20
640;512;-598;20
640;512;-598;20
640;512;-598;20
640;512;-598;20
640;512;-598;20
640;512;-598;20
640;512;-598;20
640;512;-598;20
640;512;-598;20
640;512;-598;20
640;512;-598;20
640;512;-598;20
640;512;-598;20
640;512;-598;20
640;512;-598;20
640;512;-598;20
640;512;-598;20
640;512;-598;20
640;512;-599;20
640;512;-598;20
640;512;-598;20
640;512;-598;20
640;512;-598;20
640;512;-598;20
640;512;-598;20
640;512;-598;20
640;512;-598;20
640;512;-598;20
640;512;-598;20
640;512;-598;20
640;512;-598;20
640;512;-598;20
640;512;-598;20
640;512;-598;20
640;512;-598;20
640;512;-598;20
640;512;-598;20
640;512;-599;20
640;512;-598;20
640;512;-599;20
640;512;-598;20
640;512;-598;20
640;512;-598;20
640;512;-598;20
640;512;-598;20
640;512;-598;20
640;512;-599;20
640;512;-598;20
640;512;-598;20
640;512;-598;20
640;512;-598;20
640;512;-598;20
640;512;-598;20
640;512;-599;20
640;512;-599;20
640;512;-599;20
640;512;-598;20
640;512;-599;20
640;512;-599;20
640;512;-599;20
640;512;-599;20
640;512;-599;20
640;512;-599;20
640;512;-599;20
640;512;-599;20
640;512;-599;20
640;512;-599;20
640;512;-599;20
640;512;-599;20
640;512;-599;20
640;512;-598;20
640;512;-599;20
640;512;-599;20
640;512;-599;20
640;512;-599;20
640;512;-599;20
640;512;-599;20
640;512;-599;20
640;512;-599;20
640;512;-599;20
640;512;-599;20
640;512;-599;20
640;512;-599;20
640;512;-599;20
640;512;-599;20
640;512;-599;20
640;512;-599;20
640;512;-599;20
640;512;-599;20
640;512;-599;20
640;512;-599;20
640;512;-599;19
640;512;-599;20
640;512;-599;20
640;512;-599;20
640;512;-599;20
640;512;-599;20
640;512;-599;20
640;512;-599;20
640;512;-599;20
640;512;-599;20
640;512;-599;20
640;512;-599;20
640;512;-599;20
640;512;-599;20
640;512;-599;20
640;512;-599;20
640;512;-599;20
640;512;-599;20
640;512;-599;20
640;512;-599;20
640;512;-599;18
640;512;-599;18
640;512;-599;18
640;512;-599;18
640;512;-599;17
640;512;-597;17
640;512;-592;16
640;512;-586;16
640;512;-579;17
640;512;-573;17
640;512;-567;17
640;512;-562;16
640;512;-559;16
640;512;-555;15
640;512;-549;16
640;512;-542;16
640;512;-536;16
640;512;-531;16
640;512;-527;16
640;512;-522;15
640;512;-517;15
640;512;-512;15
640;512;-506;15
640;512;-499;15
640;512;-494;15
640;512;-489;15
640;512;-485;14
640;512;-480;14
640;512;-475;14
640;512;-469;14
640;512;-464;14
640;512;-458;14
640;512;-452;14
640;512;-447;13
640;512;-442;13
640;512;-437;13
640;512;-432;13
640;512;-426;13
640;512;-421;13
640;512;-416;13
640;512;-411;13
640;512;-406;12
640;512;-401;12
640;512;-396;12
640;512;-391;12
640;512;-385;12
640;512;-379;12
640;512;-374;12
640;512;-369;12
640;512;-363;11
640;512;-358;11
640;512;-353;11
640;512;-348;11
640;512;-342;11
640;512;-337;11
640;512;-332;11
640;512;-327;11
640;512;-321;11
640;512;-315;10
640;512;-310;10
640;512;-305;10
640;512;-300;10
640;512;-294;10
640;512;-288;10
640;512;-284;10
640;512;-279;10
640;512;-273;9
640;512;-268;9
640;512;-263;9
640;512;-258;9
640;512;-253;9
640;512;-247;9
640;512;-242;9
640;512;-237;8
640;512;-231;8
640;512;-226;8
640;512;-221;8
640;512;-216;8
640;512;-210;8
640;512;-205;8
640;512;-200;8
640;512;-195;7
640;512;-190;7
640;512;-184;7
640;512;-179;7
640;512;-173;7
640;512;-168;7
640;512;-163;7
640;512;-158;7
640;512;-153;6
640;512;-147;6
640;512;-142;6
640;512;-137;6
640;512;-132;6
640;512;-126;6
640;512;-120;6
640;512;-116;6
640;512;-111;6
640;512;-105;5
640;512;-100;5
640;512;-95;5
640;512;-90;5
640;512;-84;5
640;512;-79;5
640;512;-74;5
640;512;-69;5
640;512;-63;5
640;512;-58;5
640;512;-52;5
640;512;-48;5
640;512;-43;5
640;512;-41;5
640;512;-44;6
640;512;-46;5
640;512;-43;3
640;512;-36;1
640;512;-28;2
640;512;-22;4
640;512;-16;5
640;512;-10;4
640;512;-6;3
640;512;-4;2
640;512;0;2
640;512;7;2
640;512;14;3
640;512;14;5
640;512;10;5
640;512;9;4
640;512;9;2
640;512;8;1
640;512;7;3
640;512;9;4
640;512;12;4
640;512;13;4
640;512;9;4
640;512;7;3
640;512;8;2
640;512;9;2
640;512;10;3
640;512;10;4
640;512;11;4
640;512;11;3
640;512;9;3
640;512;8;3
640;512;8;3
640;512;10;3
640;512;11;4
640;512;10;4
640;512;10;4
640;512;10;3
640;512;9;3
640;512;8;3
640;512;9;3
640;512;10;3
640;512;11;4
640;512;10;4
640;512;9;3
640;512;9;3
640;512;9;3
640;512;9;3
640;512;10;4
640;512;10;4
640;512;10;3
640;512;10;3
640;512;9;3
640;512;9;3
640;512;9;3
640;512;10;3
640;512;10;3
640;512;10;3
640;512;10;3
640;512;9;3
640;512;9;3
640;512;9;3
640;512;10;3
640;512;10;3
640;512;10;3
640;512;9;3
640;512;9;3
640;512;9;3
640;512;9;3
640;512;9;3
640;512;10;3
640;512;10;3
640;512;9;3
640;512;9;3
640;512;9;3
640;512;9;3
640;512;9;3
640;512;9;3
640;512;9;3
640;512;9;3
640;512;9;3
640;512;9;3
640;512;9;3
640;512;10;3
640;512;10;3
640;512;10;3
640;512;10;3
640;512;9;3
640;512;9;3
640;512;9;3
640;512;9;3
640;512;9;3
640;512;10;3
640;512;10;3
640;512;9;3
640;512;9;3
640;512;9;3
640;512;10;3
640;512;10;3
640;512;10;3
640;512;10;3
640;512;10;3
640;512;10;3
640;512;10;3
640;512;9;3
640;512;10;3
640;512;10;3
640;512;10;3
640;512;10;3
640;512;10;3
640;512;10;3
640;512;10;3
640;512;10;3
640;512;10;3
640;512;10;3
640;512;10;3
640;512;10;3
640;512;10;3
640;512;10;3
640;512;10;3
640;512;10;3
640;512;10;3
640;512;9;3
640;512;9;3
640;512;9;3
640;512;9;3
640;512;9;3
640;512;9;3
640;512;9;3
640;512;10;3
640;512;10;3
640;512;9;3
640;512;9;3
640;512;9;3
640;512;9;3
640;512;9;3
640;512;9;3
640;512;9;3
640;512;9;3
640;512;9;3
640;512;9;3
640;512;9;3
640;512;9;3
640;512;9;3
640;512;9;3
640;512;9;3
640;512;9;3
640;512;9;3
640;512;9;3
640;512;9;3
640;512;9;3
640;512;9;3
640;512;10;3
640;512;9;3
640;512;9;3
640;512;9;3
640;512;9;3
640;512;9;3
640;512;9;3
640;512;10;3
640;512;10;3
640;512;10;3
640;512;9;3
640;512;9;3
640;512;9;3
640;512;10;3
640;512;9;3
640;512;9;3
640;512;9;3
640;512;9;3
640;512;9;3
640;512;9;3
640;512;9;3
640;512;9;3
640;512;9;3
640;512;9;3
640;512;9;3
640;512;9;3
640;512;10;3
640;512;10;3
640;512;10;3
640;512;9;3
640;512;9;3
640;512;10;3
640;512;10;3
640;512;9;3
640;512;9;3
640;512;10;3
640;512;10;3
640;512;9;3
640;512;9;3
640;512;9;3
640;512;10;3
640;512;9;3
640;512;9;3
640;512;9;3
640;512;9;3
640;512;9;3
640;512;9;3
640;512;9;3
640;512;9;3
640;512;9;3
640;512;9;3
640;512;9;3
640;512;9;3
640;512;9;3
640;512;9;3
640;512;9;3
640;512;9;3
640;512;9;3
640;512;9;3
640;512;9;3
640;512;9;3
640;512;9;3
640;512;9;3
640;512;9;3
640;512;9;3
640;512;9;3
640;512;9;3
640;512;9;3
640;512;9;3
640;512;10;3
640;512;9;3
640;512;9;3
640;512;9;3
640;512;10;3
640;512;9;3
640;512;9;3
640;512;9;3
640;512;9;3
640;512;9;3
640;512;9;3
640;512;9;3
640;512;9;3
640;512;9;3
640;512;9;3
640;512;9;3
640;512;9;3
640;512;9;3
640;512;9;3
640;512;9;3
640;512;9;3
640;512;9;3
640;512;9;3
640;512;9;3
640;512;9;3
640;512;9;3
640;512;9;3
640;512;9;3
640;512;9;3
640;512;9;3
640;512;9;3
640;512;9;3
640;512;9;3
640;512;9;3
640;512;9;3
640;512;9;3
640;512;9;3
640;512;9;3
640;512;9;3
640;512;9;3
640;512;9;3
640;512;9;3
640;512;9;3
640;512;9;3
640;512;9;3
640;512;9;3
640;512;9;3
640;512;9;3
640;512;9;3
640;512;9;3
640;512;9;3
640;512;9;3
640;512;9;3
640;512;9;3
640;512;9;3
640;512;9;3
640;512;9;3
640;512;9;3
640;512;9;3
640;512;9;3
640;512;9;3
640;512;9;3
640;512;9;3
640;512;9;3
640;512;9;3
640;512;9;3
640;512;9;3
640;512;9;3
640;512;9;3
640;512;9;3
640;512;9;3
640;512;9;3
640;512;9;3
640;512;9;3
640;512;9;3
640;512;9;3
640;512;9;3
640;512;9;3
640;512;9;3
640;512;9;3
640;512;9;3
640;512;9;3
640;512;9;3
640;512;9;3
640;512;9;3
640;512;9;3
640;512;9;3
640;512;9;3
640;512;9;3
640;512;9;3
640;512;9;3
640;512;9;3
640;512;9;3
640;512;9;3
640;512;9;3
640;512;9;3
640;512;9;3
640;512;9;3
640;512;9;3
640;512;9;3
640;512;9;3
640;512;11;2
640;512;35;-5
640;512;68;-3
640;512;78;4
640;512;72;11
640;512;67;9
640;512;59;-5
640;512;47;-7
640;512;45;3
640;512;59;3
640;512;74;1
640;512;72;8
640;512;59;7
640;512;53;1
640;512;53;0
640;512;51;2
640;512;53;3
640;512;66;3
640;512;84;9
640;512;98;17
640;512;104;22
640;512;99;24
640;512;83;19
640;512;65;10
640;512;58;7
640;512;64;8
640;512;74;13
640;512;79;20
640;512;74;22
640;512;60;16
640;512;43;11
640;512;30;9
640;512;29;12
640;512;47;15
640;512;64;15
640;512;72;22
640;512;79;30
640;512;89;31
640;512;87;34
640;512;74;34
640;512;58;27
640;512;41;21
640;512;33;23
640;512;38;26
640;512;44;29
640;512;44;30
640;512;40;30
640;512;35;27
640;512;28;22
640;512;26;24
640;512;37;29
640;512;63;31
640;512;88;40
640;512;99;54
640;512;93;58
640;512;76;48
640;512;50;37
640;512;28;32
640;512;32;32
640;512;54;37
640;512;70;46
640;512;68;52
640;512;52;49
640;512;30;39
640;512;12;32
640;512;12;35
640;512;32;41
640;512;55;47
640;512;65;54
640;512;63;58
640;512;60;59
640;512;55;57
640;512;45;52
640;512;29;50
640;512;19;50
640;512;22;52
640;512;33;54
640;512;38;55
640;512;35;56
640;512;29;55
640;512;24;48
640;512;23;41
640;512;38;40
640;512;65;37
640;512;93;33
640;512;113;35
640;512;118;36
640;512;115;34
640;512;111;25
640;512;103;12
640;512;93;9
640;512;90;13
640;512;98;16
640;512;105;19
640;512;100;21
640;512;85;20
640;512;72;15
640;512;63;8
640;512;55;5
640;512;61;17
640;512;84;20
640;512;108;21
640;512;113;26
640;512;108;30
640;512;100;28
640;512;89;22
640;512;75;20
640;512;66;21
640;512;66;22
640;512;70;24
640;512;68;27
640;512;59;27
640;512;48;23
640;512;38;18
640;512;40;20
640;512;60;25
640;512;85;24
640;512;100;28
640;512;105;33
640;512;104;38
640;512;99;37
640;512;88;31
640;512;71;29
640;512;59;28
640;512;60;28
640;512;65;32
640;512;64;35
640;512;59;34
640;512;55;31
640;512;51;26
640;512;47;28
640;512;49;33
640;512;59;36
640;512;69;35
640;512;72;36
640;512;71;35
640;512;72;39
640;512;70;41
640;512;64;38
640;512;50;37
640;512;39;36
640;512;36;36
640;512;37;37
640;512;37;39
640;512;38;39
640;512;39;36
640;512;37;35
640;512;44;40
640;512;63;39
640;512;87;41
640;512;96;47
640;512;85;55
640;512;73;54
640;512;63;43
640;512;50;37
640;512;44;42
640;512;53;44
640;512;67;46
640;512;65;51
640;512;49;51
640;512;32;44
640;512;24;37
640;512;31;40
640;512;56;43
640;512;85;47
640;512;102;57
640;512;101;67
640;512;84;58
640;512;59;45
640;512;35;43
640;512;30;44
640;512;45;47
640;512;60;52
640;512;63;56
640;512;55;55
640;512;45;48
640;512;37;36
640;512;39;30
640;512;56;29
640;512;85;29
640;512;112;26
640;512;124;22
640;512;121;23
640;512;112;18
640;512;104;4
640;512;97;-2
640;512;94;2
640;512;100;9
640;512;108;11
640;512;105;11
640;512;89;10
640;512;73;6
640;512;65;1
640;512;65;1
640;512;75;8
640;512;99;13
640;512;118;11
640;512;118;17
640;512;109;24
640;512;99;17
640;512;87;8
640;512;72;10
640;512;67;12
640;512;75;13
640;512;79;15
640;512;71;18
640;512;59;17
640;512;49;11
640;512;40;8
640;512;39;12
640;512;53;14
640;512;82;17
640;512;106;20
640;512;106;24
640;512;88;26
640;512;69;20
640;512;58;11
640;512;51;12
640;512;55;20
640;512;63;23
640;512;63;21
640;512;50;23
640;512;36;19
640;512;32;10
640;512;40;14
640;512;58;22
640;512;77;23
640;512;89;26
640;512;89;31
640;512;80;32
640;512;68;28
640;512;57;22
640;512;49;22
640;512;46;25
640;512;50;27
640;512;52;29
640;512;44;29
640;512;32;28
640;512;25;24
640;512;26;18
640;512;37;22
640;512;61;31
640;512;82;31
640;512;88;36
640;512;79;43
640;512;65;36
640;512;51;26
640;512;36;26
640;512;32;28
640;512;42;32
640;512;49;35
640;512;46;35
640;512;38;34
640;512;33;28
640;512;30;27
640;512;27;32
640;512;29;31
640;512;40;30
640;512;53;37
640;512;66;46
640;512;73;46
640;512;58;40
640;512;33;37
640;512;21;33
640;512;30;30
640;512;45;34
640;512;52;44
640;512;48;47
640;512;35;40
640;512;16;33
640;512;1;32
640;512;3;32
640;512;23;35
640;512;47;46
640;512;61;51
640;512;53;46
640;512;30;45
640;512;11;40
640;512;10;33
640;512;22;36
640;512;33;41
640;512;37;44
640;512;36;37
640;512;29;24
640;512;22;16
640;512;20;14
640;512;27;9
640;512;36;4
640;512;44;0
640;512;57;-2
640;512;81;-4
640;512;109;-2
640;512;115;-4
640;512;100;2
640;512;89;-2
640;512;85;-11
640;512;76;-10
640;512;69;-4
640;512;76;-2
640;512;82;-3
640;512;73;-4
640;512;56;-3
640;512;44;-8
640;512;37;-9
640;512;34;0
640;512;38;5
640;512;40;0
640;512;32;-2
640;512;22;-1
640;512;19;-3
640;512;17;-5
640;512;14;0
640;512;12;2
640;512;8;-2
640;512;0;-2
640;512;-9;0
640;512;-12;-1
640;512;-11;-3
640;512;-10;-2
640;512;-11;-1
640;512;-9;0
640;512;-5;1
640;512;-8;0
640;512;-18;-1
640;512;-26;-3
640;512;-25;-5
640;512;-19;-1
640;512;-13;1
640;512;-11;4
640;512;-14;1
640;512;-22;-1
640;512;-29;1
640;512;-32;-2
640;512;-28;-1
640;512;-24;3
640;512;-26;4
640;512;-31;2
640;512;-34;0
640;512;-35;-1
640;512;-33;0
640;512;-28;3
640;512;-26;3
640;512;-28;2
640;512;-32;1
640;512;-33;0
640;512;-31;-1
640;512;-28;2
640;512;-27;3
640;512;-27;2
640;512;-29;1
640;512;-31;0
640;512;-31;0
640;512;-28;1
640;512;-26;2
640;512;-27;2
640;512;-28;1
640;512;-29;0
640;512;-29;0
640;512;-28;0
640;512;-26;1
640;512;-26;0
640;512;-25;-1
640;512;-21;-2
640;512;-18;-1
640;512;-17;2
640;512;-17;1
640;512;-18;-1
640;512;-21;-1
640;512;-21;-1
640;512;-18;-1
640;512;-16;0
640;512;-17;1
640;512;-19;0
640;512;-19;-1
640;512;-20;-1
640;512;-19;0
640;512;-18;1
640;512;-17;1
640;512;-19;0
640;512;-21;0
640;512;-21;-1
640;512;-20;0
640;512;-20;1
640;512;-20;1
640;512;-20;0
640;512;-21;0
640;512;-21;0
640;512;-21;0
640;512;-23;0
640;512;-25;0
640;512;-26;0
640;512;-26;0
640;512;-25;0
640;512;-26;2
640;512;-30;1
640;512;-34;-1
640;512;-36;-2
640;512;-35;-1
640;512;-32;1
640;512;-31;2
640;512;-34;1
640;512;-38;0
640;512;-42;-2
640;512;-42;-2
640;512;-39;0
640;512;-37;1
640;512;-38;1
640;512;-41;0
640;512;-43;-2
640;512;-42;-3
640;512;-34;-3
640;512;-24;-1
640;512;-17;0
640;512;-13;0
640;512;-11;-2
640;512;-9;-3
640;512;-4;-3
640;512;2;-2
640;512;5;1
640;512;3;1
640;512;0;-1
640;512;-3;-3
640;512;-4;-3
640;512;-1;-1
640;512;2;0
640;512;2;0
640;512;-2;0
640;512;-4;-2
640;512;-4;-3
640;512;-3;-1
640;512;-1;0
640;512;0;0
640;512;-2;-1
640;512;-4;-2
640;512;-5;-2
640;512;-3;-2
640;512;-2;-1
640;512;-2;0
640;512;-3;-1
640;512;-4;-2
640;512;-5;-2
640;512;-4;-1
640;512;-3;-1
640;512;-3;-1
640;512;-4;-1
640;512;-5;-1
640;512;-5;-2
640;512;-5;-1
640;512;-4;-1
640;512;-4;-1
640;512;-5;-1
640;512;-5;-1
640;512;-6;-1
640;512;-5;-1
640;512;-5;-1
640;512;-5;-1
640;512;-5;-1
640;512;-5;-1
640;512;-6;-1
640;512;-5;-1
640;512;-5;-1
640;512;-5;-1
640;512;-5;-1
640;512;-6;-1
640;512;-6;-1
640;512;-6;-1
640;512;-6;-1
640;512;-6;-1
640;512;-6;-1
640;512;-6;-1
640;512;-6;-1
640;512;-6;-1
640;512;-6;-1
640;512;-6;-1
640;512;-6;-1
640;512;-6;-1
640;512;-6;-1
640;512;-6;-1
640;512;-6;-1
640;512;-6;-1
640;512;-6;-1
640;512;-6;-1
640;512;-6;-1
640;512;-6;-1
640;512;-6;-1
640;512;-6;-1
640;512;-6;-1
640;512;-6;-1
640;512;-6;-1
