target.x;target.y;delta.x;delta.y
450;450;-1.08182;2.33444
450;450;2.10683;2.6193
450;450;0.28476;-2.6198
450;450;0.28476;-2.6198
450;450;-2.56309;-1.02523
450;450;-2.56309;-1.02523
450;450;-5.68434e-14;-0.284778
450;450;-5.68434e-14;-0.284778
450;450;-0.854552;-0.284851
450;450;2.84751;2.50581
450;450;2.84751;2.50581
450;450;2.84751;2.50581
450;450;-5.68434e-14;-5.68434e-14
450;450;-5.68434e-14;-5.68434e-14
450;450;3.47221;1.53688
450;450;3.47221;1.53688
450;450;3.47221;1.53688
450;450;1.70705;2.95889
450;450;1.70705;2.95889
450;450;1.70705;2.95889
450;450;-0.284805;-0.284805
450;450;-0.284805;-0.284805
450;450;-0.284769;1.65166
450;450;0.284742;-2.10709
450;450;-2.16425;-0.569539
450;450;1.13861;2.16336
450;450;-1.70883;-0.740494
450;450;-5.68434e-14;2.78995
450;450;-0.683317;0.284715
450;450;0.227801;-1.30986
450;450;1.47986;0.853768
450;450;-1.99288;-1.53737
450;450;0.512439;-0.0569377
450;450;0.0569143;0.7968
450;450;-2.6759;-1.02481
450;450;-2.6759;-1.02481
450;450;1.30969;-3.35964
450;450;0.569629;-0.740518
450;450;0.341853;-1.31044
450;450;0.341853;-1.31044
450;450;0.683685;1.02553
450;450;0.683685;1.02553
450;450;0.398866;2.10829
450;450;0.398866;2.10829
450;450;-2.62096;-1.88025
450;450;0.683641;0.512731
450;450;0.683641;0.512731
450;450;-1.42448;-0.968645
450;450;0.227924;2.27924
450;450;-1.08212;-0.626493
450;450;0.74019;-2.22057
450;450;0.74019;-2.22057
450;450;0.74019;-2.22057
450;450;0.74019;-2.22057
450;450;-1.19558;-2.61888
450;450;-1.19558;-2.61888
450;450;-2.56171;0.683122
450;450;-2.56171;0.683122
450;450;-2.56171;0.683122
450;450;1.5938;2.44762
450;450;1.5938;2.44762
450;450;1.36603;-0.569179
450;450;1.36603;-0.569179
450;450;-0.455242;1.0812
450;450;-0.455242;1.0812
450;450;-0.455242;1.0812
450;450;-2.56122;-0.910657
450;450;-2.56122;-0.910657
450;450;-0.227549;1.30841
450;450;-0.91034;0.512066
450;450;-0.91034;0.512066
450;450;1.30874;-0.68282
450;450;1.30874;-0.68282
450;450;1.30874;-0.68282
450;450;0.569089;0.341453
450;450;-0.113803;1.08113
450;450;-0.113803;1.08113
450;450;2.56074;2.39002
450;450;2.56074;2.39002
450;450;-0.2277;-1.53698
450;450;-0.2277;-1.53698
450;450;0.284544;0.227635
450;450;0.284544;0.227635
450;450;0.284544;0.227635
450;450;-1.30857;-3.24299
450;450;2.33341;0.853687
450;450;-1.02459;-3.1876
450;450;-1.87841;-0.739979
450;450;1.25243;1.76479
450;450;-2.6193;-3.01789
450;450;0.569431;0.170829
450;450;0.569431;0.170829
450;450;0.569431;0.170829
450;450;-2.61814;-2.44739
450;450;-2.61814;-2.44739
450;450;-2.61814;-2.44739
450;450;0.739792;0.682885
450;450;0.739792;0.682885
450;450;0.739792;0.682885
450;450;3.24381;2.39017
450;450;3.24381;2.39017
450;450;3.24381;2.39017
450;450;3.24493;-1.02472
450;450;3.24493;-1.02472
450;450;3.24493;-1.02472
450;450;-1.5941;-1.70797
450;450;-1.5941;-1.70797
450;450;-1.5941;-1.70797
450;450;-0.797102;-3.07454
450;450;-0.797102;-3.07454
450;450;3.47243;3.47243
450;450;3.47243;3.47243
450;450;-1.59355;-1.70737
450;450;2.95926;2.27635
450;450;-3.6424;-2.33341
450;450;3.1871;3.41475
450;450;0.0569017;0.739722
450;450;-2.33348;-1.13829
450;450;0.569233;-0.0569233
450;450;0.341615;-2.73292
450;450;-0.170802;-0.398538
450;450;1.59395;1.76473
450;450;-1.3094;-1.70791
450;450;0.683187;0.341594
450;450;0.683187;0.341594
450;450;-2.04911;-3.35826
450;450;0.284562;0.22765
450;450;0.284562;0.22765
450;450;-0.284544;-0.682906
450;450;0.568963;1.36551
450;450;-0.170754;-1.82137
450;450;0.455415;0.398488
450;450;-0.911032;1.59431
450;450;0.740237;0.227765
450;450;-2.1637;0.911032
450;450;1.87853;0.398475
450;450;1.87853;0.398475
450;450;0.113897;-0.284742
450;450;0.113897;-0.284742
450;450;-1.82229;-1.19588
450;450;0.796926;1.99231
450;450;-0.91083;-1.25239
450;450;0.569377;-0.911003
450;450;0.341626;0.341626
450;450;-0.398652;-2.10716
450;450;-0.398652;-2.10716
450;450;-0.341723;1.4808
450;450;-0.341723;1.4808
450;450;-0.227837;-2.33533
450;450;-0.569665;0.740564
450;450;-0.569665;0.740564
450;450;-1.48108;-0.797506
450;450;2.44917;1.99351
450;450;-2.79162;-1.19641
450;450;0.62687;1.59567
450;450;1.7097;1.08281
450;450;-2.33725;-1.14012
450;450;-2.33725;-1.14012
450;450;0.28486;0.854579
450;450;-1.65302;-1.02601
450;450;-1.65302;-1.02601
450;450;0.341886;-2.33622
450;450;0.341886;-2.33622
450;450;-0.0569791;-0.968645
450;450;-0.0569791;-0.968645
450;450;-0.0569791;-0.968645
450;450;-0.0569791;-0.968645
450;450;2.16404;2.56268
450;450;2.16404;2.56268
450;450;-2.44863;-3.41669
450;450;-2.44863;-3.41669
450;450;1.70775;0.626176
450;450;-2.10629;-1.42317
450;450;1.99219;1.08147
450;450;-2.73327;-2.22078
450;450;-0.512617;-0.797405
450;450;-2.39237;2.39237
450;450;-2.39237;2.39237
450;450;-1.42367;-0.113893
450;450;-1.42367;-0.113893
450;450;1.36586;1.0813
450;450;1.36586;1.0813
450;450;-0.74019;-1.08182
450;450;-0.853957;0.910887
450;450;0.910801;1.02465
450;450;0.455314;0.227657
450;450;-0.170775;-2.22008
450;450;-5.68434e-14;1.53712
450;450;0.626116;0.0569197
450;450;-1.76512;-2.4484
450;450;2.56244;-1.08192
450;450;2.56244;-1.08192
450;450;-0.797304;-1.42376
450;450;1.82189;0.626275
450;450;-1.48071;-1.76546
450;450;0.284607;0.626136
450;450;-2.27686;-2.04917
450;450;-0.227693;0.227693
450;450;0.739909;0.455329
450;450;0.739909;0.455329
450;450;2.84724;2.10696
450;450;2.84724;2.10696
450;450;2.84724;2.10696
450;450;-0.626612;1.65198
450;450;-1.0825;-0.45579
450;450;1.53814;1.31027
450;450;-0.39869;-0.341734
450;450;0.911032;0.284697
450;450;-0.113861;-0.512374
450;450;-0.113861;-0.512374
450;450;0.0569431;1.02498
450;450;-0.968247;-2.22127
450;450;2.39138;1.59425
450;450;1.02507;-5.68434e-14
450;450;-1.31002;-1.36698
450;450;0.968277;0.68349
450;450;-0.398728;-0.113922
450;450;-1.13962;0.911695
450;450;-0.740916;-2.10876
450;450;3.41886;1.53849
450;450;0.569701;-2.67759
450;450;-0.170905;-1.59511
450;450;2.10769;1.13929
450;450;-0.512747;-2.05099
450;450;-0.0569863;1.6526
450;450;-0.0569863;1.6526
450;450;-0.74101;-2.50803
450;450;-0.74101;-2.50803
450;450;-0.74101;-2.50803
450;450;-2.33696;-2.10896
450;450;-0.627028;-0.855039
450;450;0.341831;0.911551
450;450;0.341831;0.911551
450;450;0.170883;-2.3354
450;450;0.170883;-2.3354
450;450;0.968553;-1.99408
450;450;-1.538;-0.854443
450;450;-1.538;-0.854443
450;450;-2.73413;-0.797455
450;450;-0.170889;0.0569629
450;450;-0.626612;0.284823
450;450;-0.455775;-1.88007
450;450;2.05073;0.569647
450;450;-0.797632;-3.41842
450;450;-0.797632;-3.41842
450;450;0.455545;1.02498
450;450;-1.82264;-1.31002
450;450;0.740471;1.5379
450;450;-5.68434e-14;0.968798
450;450;-5.68434e-14;0.968798
450;450;-5.68434e-14;0.968798
450;450;0.285022;1.59612
450;450;1.48202;1.36802
450;450;-2.96404;-2.22303
450;450;-2.96404;-2.22303
450;450;-0.0569773;0.341864
450;450;-0.227953;-0.170964
450;450;1.25342;1.42434
450;450;-1.65292;-1.42493
450;450;1.65229;1.93717
450;450;-5.68434e-14;-0.398816
450;450;-1.19671;-0.341918
450;450;0.512698;-5.68434e-14
450;450;0.512698;-5.68434e-14
450;450;2.22176;2.62054
450;450;-2.90538;-0.512715
450;450;3.30364;2.22141
450;450;3.30364;2.22141
450;450;-1.13937;-0.626651
450;450;-1.13937;-0.626651
450;450;-2.16486;-0.740611
450;450;0.62679;0.455847
450;450;0.854525;0.512715
450;450;0.854525;0.512715
450;450;3.30395;3.13306
450;450;-2.10863;-2.67853
450;450;-2.10863;-2.67853
450;450;-0.113962;2.79207
450;450;0.797758;-3.36198
450;450;0.797758;-3.36198
450;450;0.0569683;-3.36113
450;450;-1.4238;-1.48075
450;450;0.569521;0.455617
450;450;-0.854308;1.53775
450;450;-0.854308;1.53775
450;450;-1.42461;-1.93747
450;450;1.76563;1.13911
450;450;0.398728;-0.170883
450;450;-0.341788;-0.626612
450;450;0.0569665;2.05079
450;450;-1.31081;-1.93772
450;450;-0.11398;0.968829
450;450;0.284887;0.911637
450;450;1.36737;0.626711
450;450;-0.227859;-0.9684
450;450;-0.227859;-0.9684
450;450;1.13919;0.683511
450;450;-1.42448;-1.42448
450;450;2.05053;1.13919
450;450;-1.13926;-1.93674
450;450;0.7404;0.0569539
450;450;0.284679;0.626295
450;450;-1.48057;-0.968063
450;450;1.82201;1.59425
450;450;-1.30957;-1.42344
450;450;-0.455415;2.16322
450;450;-0.455415;2.16322
450;450;0.113883;-0.113883
450;450;1.93527;1.82143
450;450;1.93527;1.82143
450;450;-1.992;-1.93509
450;450;-1.992;-1.93509
450;450;-0.113821;-0.85366
450;450;-0.626077;0.227664
450;450;-0.626077;0.227664
450;450;-0.626077;0.227664
450;450;-0.227571;0.284463
450;450;2.6737;2.16172
450;450;0.113811;-3.1867
450;450;0.113807;-3.01588
450;450;-2.44731;-0.512228
450;450;0.967573;1.30907
450;450;0.967573;1.30907
450;450;-0.227657;2.50423
450;450;1.70754;3.1874
450;450;1.65072;-2.33378
450;450;-0.227671;-0.739932
450;450;-0.227671;-0.739932
450;450;0.227707;-2.44786
450;450;-0.512212;-1.25207
450;450;0.512309;1.87847
450;450;0.512309;1.87847
450;450;-0.683187;-3.18821
450;450;-0.683187;-3.18821
450;450;-0.683187;-3.18821
450;450;-0.0569377;-1.65119
450;450;0.797127;2.73301
450;450;0.398652;0.854254
450;450;-1.08229;-0.0569629
450;450;-0.113904;-4.44226
450;450;0.740143;1.48029
450;450;-0.455473;-2.3343
450;450;-0.455473;-2.3343
450;450;1.42304;2.33378
450;450;-2.73249;-2.50478
450;450;0.569107;1.99187
450;450;-2.33334;-0.284553
450;450;-1.5938;-2.56147
450;450;2.56074;1.70716
450;450;-5.68434e-14;-2.27657
450;450;-5.68434e-14;-2.27657
450;450;0.739909;0.853741
450;450;0.739909;0.853741
450;450;-0.398412;2.90272
450;450;-0.967543;-0.0569143
450;450;1.99231;3.01693
450;450;-1.02462;-0.796926
450;450;1.76501;1.65114
450;450;0.227743;1.82195
450;450;-1.82258;-0.569557
450;450;2.33467;1.93606
450;450;-0.683576;-1.02536
450;450;1.99276;2.04969
450;450;1.99276;2.04969
450;450;-1.48075;-1.65161
450;450;1.42376;2.79056
450;450;1.42376;2.79056
450;450;-2.16473;-0.96843
450;450;-1.31052;-1.65239
450;450;0.398728;1.13922
450;450;1.9368;1.25322
450;450;0.341799;0.227866
450;450;-1.13926;0.341777
450;450;1.19618;-0.683533
450;450;1.19618;-0.683533
450;450;0.626433;1.48066
450;450;0.626433;1.48066
450;450;-5.68434e-14;-0.0569827
450;450;1.48104;0.797481
450;450;-1.48141;-0.797682
450;450;1.02527;1.19615
450;450;-0.512666;0.512666
450;450;-0.797859;-0.34194
450;450;0.11398;2.05164
450;450;1.65276;1.02585
450;450;1.65276;1.02585
450;450;1.65276;1.02585
450;450;0.170916;-0.113944
450;450;1.93741;0.227931
450;450;1.93741;0.227931
450;450;-0.911579;-1.88013
450;450;-0.911579;-1.88013
450;450;0.740283;0.740283
450;450;0.740283;0.740283
450;450;0.740283;0.740283
450;450;0.626354;0.0569413
450;450;-3.01865;-1.13911
450;450;-0.911089;-0.968032
450;450;0.341615;-1.5942
450;450;-1.59425;-2.39138
450;450;-1.59425;-2.39138
450;450;0.854362;-0.854362
450;450;-2.27844;-1.59491
450;450;-2.27844;-1.59491
450;450;-1.59521;-1.08247
450;450;0.113947;0.854606
450;450;0.911406;0.455703
450;450;-0.740658;-2.84869
450;450;1.87966;1.93662
450;450;-0.512893;-2.27953
450;450;-0.512893;-2.27953
450;450;0.455963;-1.31089
450;450;0.284923;-1.59557
450;450;0.797531;-0.227866
450;450;-1.7091;-1.88001
450;450;1.76624;-0.569755
450;450;1.76624;-0.569755
450;450;-0.968645;2.16521
450;450;-0.227974;-0.854903
450;450;-0.227974;-0.854903
450;450;2.10823;0.968645
450;450;2.10823;0.968645
450;450;-0.740987;-1.59597
450;450;-0.34194;1.31077
450;450;-1.4823;1.76736
450;450;1.93882;0.741315
450;450;-2.16685;-1.99579
450;450;2.1663;0.912128
450;450;-0.170986;0.170986
450;450;-0.0570008;1.14002
450;450;1.93784;1.99484
450;450;-2.6222;-1.2541
450;450;-2.6222;-1.2541
450;450;0.968982;0.854985
450;450;-1.48249;-1.14038
450;450;-1.48249;-1.14038
450;450;0.0570188;-0.570188
450;450;0.285121;-0.0570242
450;450;-0.969412;1.59668
450;450;-0.969412;1.59668
450;450;-0.969412;1.59668
450;450;2.05216;-0.570044
450;450;2.05216;-0.570044
450;450;0.228068;0.684204
450;450;-1.31127;0.513104
450;450;-1.31127;0.513104
450;450;1.65287;0.455963
450;450;-0.969167;-1.53926
450;450;-0.969167;-1.53926
450;450;-5.68434e-14;-1.59653
450;450;-5.68434e-14;-1.59653
450;450;1.25461;-2.11003
450;450;-3.13544;3.19245
450;450;0.39893;2.16562
450;450;0.740752;0.512828
450;450;-1.31073;0.341929
450;450;-0.284905;2.45018
450;450;-0.284905;2.45018
450;450;-0.968737;-1.4816
450;450;3.53248;2.10809
450;450;-2.50772;-2.73569
450;450;2.05157;1.76663
450;450;-5.68434e-14;-1.42479
450;450;-1.70981;-0.113987
450;450;1.42457;-2.16534
450;450;-0.170948;-0.341896
450;450;2.10843;-0.341907
450;450;-0.683966;-0.284986
450;450;-0.683966;-0.284986
450;450;2.45049;0.284941
450;450;-0.171035;-0.684139
450;450;-2.62195;0.170997
450;450;-5.68434e-14;0.114016
450;450;0.798011;0.969013
450;450;-0.342059;-2.50843
450;450;2.16624;0.969105
450;450;1.08305;0.741034
450;450;-0.969351;-1.48254
450;450;-0.627306;3.13653
450;450;-0.797986;-0.170997
450;450;-0.797986;-0.170997
450;450;1.88013;2.96263
450;450;1.88013;2.96263
450;450;-1.53897;-1.42497
450;450;1.08308;1.36811
450;450;-1.42543;-1.71051
450;450;-1.42543;-1.71051
450;450;-2.39449;-1.65334
450;450;-1.25422;-0.285049
450;450;0.968982;1.19698
450;450;-1.19713;-2.16624
450;450;-0.34194;3.13445
450;450;-0.34194;3.13445
450;450;0.171046;-3.64897
450;450;0.341961;-2.22275
450;450;0.341961;-2.22275
450;450;1.53858;-0.398892
450;450;1.53858;-0.398892
450;450;-2.27873;-2.73448
450;450;-2.27873;-2.73448
450;450;-0.512828;1.82339
450;450;-5.68434e-14;-1.76658
450;450;-5.68434e-14;-1.76658
450;450;-5.68434e-14;-1.76658
450;450;-3.01913;-1.70894
450;450;1.13872;2.50518
450;450;1.13872;2.50518
450;450;1.13872;2.50518
450;450;-1.30924;-0.34154
450;450;0.625998;-0.0569089
450;450;-0.0569107;-0.341464
450;450;-0.0569107;-0.341464
450;450;-3.0177;-0.0569377
450;450;2.56276;1.99326
450;450;-1.25275;-3.01798
450;450;-0.455473;1.08175
450;450;2.95992;0.910743
450;450;-1.76479;-1.82172
450;450;0.79685;0.967604
450;450;0.625938;0.284517
450;450;-1.08151;0.284607
450;450;0.796775;1.47972
450;450;0.796775;1.47972
450;450;-0.341442;-0.739792
450;450;-0.341442;-0.739792
450;450;-0.0568747;-1.02374
450;450;-0.113739;1.53547
450;450;0.739348;-2.1043
450;450;-0.853174;-1.02381
450;450;-0.853174;-1.02381
450;450;-0.853174;-1.02381
450;450;-1.99061;1.02374
450;450;-1.99061;1.02374
450;450;2.16158;0.625721
450;450;-1.47958;-1.19505
450;450;1.53639;1.53639
450;450;1.53639;1.53639
450;450;-1.47963;0.0569089
450;450;-0.113807;2.21924
450;450;1.53625;-3.12939
450;450;-0.1707;-1.138
450;450;0.341388;2.21902
450;450;-0.512196;-1.25203
450;450;-0.512196;-1.25203
450;450;1.76356;1.47912
450;450;-0.626057;-1.42286
450;450;-0.626057;-1.42286
450;450;-0.626057;-1.42286
450;450;-0.796926;-2.27693
450;450;-2.10676;-1.02491
450;450;0.398665;-0.968185
450;450;-2.44964;0.170905
450;450;-0.512617;2.44917
450;450;-0.284805;-4.61385
450;450;2.90511;-2.79118
450;450;2.90511;-2.79118
450;450;-0.113904;-1.02514
450;450;0.740354;-0.0569503
450;450;0.740354;-0.0569503
450;450;-0.22788;0.22788
450;450;-1.36681;0.455602
450;450;-0.341767;-0.341767
450;450;0.968155;0.968155
450;450;-1.0252;-2.27823
450;450;2.96235;0.569683
450;450;-1.48104;-1.13926
450;450;-1.48104;-1.13926
450;450;1.36689;1.36689
450;450;-0.569557;-0.284778
450;450;1.19603;-3.13246
450;450;-2.39214;-2.39214
450;450;2.79056;2.67666
450;450;-0.569485;-0.911176
450;450;-0.569485;-0.911176
450;450;0.170851;1.93631
450;450;-1.08212;-3.702
450;450;2.27758;1.65124
450;450;2.27758;1.65124
450;450;-1.30973;-1.30973
450;450;-0.284697;0.284697
450;450;-2.10716;-1.93631
450;450;1.53761;1.65151
450;450;1.53761;1.65151
450;450;3.01961;1.93711
450;450;3.01961;1.93711
450;450;-0.683555;0.113926
450;450;0.512407;0.740143
450;450;0.512407;0.740143
450;450;-0.51252;-0.34168
450;450;-0.51252;-0.34168
450;450;-0.51252;-0.34168
450;450;0.341658;-0.0569431
450;450;1.08164;-0.455429
450;450;1.08164;-0.455429
450;450;1.53703;3.01712
450;450;-2.10729;-0.512585
450;450;-5.68434e-14;1.42416
450;450;-5.68434e-14;1.42416
450;450;-5.68434e-14;1.42416
450;450;0.626631;-0.854497
450;450;-2.05066;-2.27852
450;450;0.569557;-0.512601
450;450;-1.02533;-0.0569629
450;450;-1.02533;-0.0569629
450;450;-0.911464;-1.48113
450;450;-0.911464;-1.48113
450;450;-0.911464;-1.48113
450;450;0.8542;1.08199
450;450;-0.170851;-2.90446
450;450;1.70808;0.398551
450;450;-0.0569359;-1.13872
450;450;-0.341626;2.44832
450;450;-0.512504;-3.87225
450;450;-0.512504;-3.87225
450;450;2.27715;0.113857
450;450;-2.84607;-1.70764
450;450;-2.84607;-1.70764
450;450;-2.84607;-1.70764
450;450;-0.284616;0.512309
450;450;-0.739956;0.512277
450;450;-0.739956;0.512277
450;450;-0.113868;-0.683209
450;450;3.4141;2.10536
450;450;0.22765;0.341475
450;450;0.22765;0.341475
450;450;0.739628;1.13789
450;450;-2.04865;-1.5934
450;450;3.12939;0.967267
450;450;3.12939;0.967267
450;450;2.84391;4.03836
450;450;0.796346;0.455055
450;450;0.796346;0.455055
450;450;3.58447;2.10516
450;450;-2.61839;-2.78915
450;450;0.113847;1.25231
450;450;0.910571;-0.113821
450;450;-3.01712;-2.27707
450;450;1.25188;3.07279
450;450;1.25188;3.07279
450;450;-1.59385;-0.853849
450;450;-3.07337;3.5856
450;450;1.47972;3.58549
450;450;0.455242;2.04859
450;450;0.910686;0.79685
450;450;0.910686;0.79685
450;450;-0.683036;-1.99219
450;450;0.341486;0.682971
450;450;-0.398387;-0.569125
450;450;1.93441;1.53615
450;450;1.87722;0.284427
450;450;-0.341334;-1.19467
450;450;-0.341334;-1.19467
450;450;-0.341334;-1.19467
450;450;-0.0569107;-1.53659
450;450;-2.33341;0.512212
450;450;0.398362;1.99181
450;450;-1.30903;-1.36594
450;450;1.9357;-2.04956
450;450;0.911147;-0.34168
450;450;0.911147;-0.34168
450;450;0.284751;0.341702
450;450;0.284751;0.341702
450;450;-0.45553;-0.626354
450;450;-0.45553;-0.626354
450;450;-0.45553;-0.626354
450;450;-0.854227;-3.53081
450;450;-0.854227;-3.53081
450;450;0.626473;0.740377
450;450;-2.22254;-0.62687
450;450;2.85058;-1.53931
450;450;2.85058;-1.53931
450;450;-1.88061;2.10856
450;450;-1.88061;2.10856
450;450;-1.88061;2.10856
450;450;-2.90566;-0.911579
450;450;1.76596;0.626631
450;450;0.398715;0.569593
450;450;-0.341745;-1.08219
450;450;1.99313;1.08199
450;450;-3.07532;-2.84751
450;450;0.0569503;-0.455602
450;450;0.227787;-0.68336
450;450;-3.0759;-1.48099
450;450;-0.740611;2.96245
450;450;-0.740611;2.96245
450;450;2.33585;3.41831
450;450;0.398526;0.284661
450;450;-0.341615;-0.341615
450;450;2.16356;0.227743
450;450;-1.65114;0.455487
450;450;-1.65145;-2.10703
450;450;1.30936;1.13857
450;450;-0.398475;-1.25235
450;450;-1.08161;-0.626196
450;450;0.910542;0.682906
450;450;-0.796901;-1.08151
450;450;-0.796901;-1.08151
450;450;-3.47155;-1.53659
450;450;1.70694;1.70694
450;450;1.70694;1.70694
450;450;-1.13832;-1.25215
450;450;0.739979;-0.796901
450;450;0.739979;-0.796901
450;450;0.739979;-0.796901
450;450;-1.82229;-0.911147
450;450;1.48019;1.42326
450;450;1.48019;1.42326
450;450;-0.910657;-2.21973
450;450;0.625859;0.45517
450;450;0.625859;0.45517
450;450;-1.70721;-1.70721
450;450;-1.70721;-1.70721
450;450;-0.170716;3.12979
450;450;-0.170727;1.3089
450;450;2.16281;-1.70748
450;450;2.16281;-1.70748
450;450;-0.398312;1.65015
450;450;1.08137;2.3904
450;450;-1.99231;-0.683079
450;450;0.170791;0.227722
450;450;2.21973;1.08141
450;450;0.284553;-2.6748
450;450;0.227628;-0.682885
450;450;-0.113803;1.13803
450;450;-2.391;-1.30936
450;450;-2.391;-1.30936
450;450;0.341464;1.25203
450;450;1.99124;-1.42232
450;450;0.568855;-0.398198
450;450;-2.95767;-0.853174
450;450;1.30799;1.76295
450;450;-3.12821;-1.25128
450;450;-0.284454;-5.68434e-14
450;450;2.04781;1.19456
450;450;-0.0568945;-3.29988
450;450;1.82028;0.796372
450;450;0.682647;0.910197
450;450;-2.44731;-0.853714
450;450;-0.284607;3.01684
450;450;-0.284607;3.01684
450;450;-0.284607;3.01684
450;450;1.25188;0.625938
450;450;1.53649;0.739792
450;450;-0.113789;-0.967206
450;450;0.0568927;1.93435
450;450;0.0568927;1.93435
450;450;-1.48005;-1.8216
450;450;0.398349;1.6503
450;450;0.398349;1.6503
450;450;1.08106;-0.568981
450;450;0.0568783;1.87698
450;450;0.0568783;1.87698
450;450;-3.58367;3.58367
450;450;-3.58367;3.58367
450;450;-5.68434e-14;-2.1045
450;450;-5.68434e-14;-2.1045
450;450;1.64869;1.08018
450;450;0.22747;-1.08048
450;450;-0.568585;1.25089
450;450;-1.36499;-1.08062
450;450;-0.455084;-0.739511
450;450;1.93405;0.739488
450;450;-0.512083;-1.76384
450;450;-0.512083;-1.76384
450;450;0.512099;0.625899
450;450;0.512099;0.625899
450;450;-0.51218;1.13818
450;450;0.227686;-1.76457
450;450;1.42286;-2.44731
450;450;-0.683014;1.47986
450;450;2.95935;1.13821
450;450;-0.398425;-2.61822
450;450;-0.398425;-2.61822
450;450;-0.398425;-2.61822
450;450;-1.47982;0.739909
450;450;-5.68434e-14;-1.42326
450;450;2.2198;0.853768
450;450;-2.67624;-1.76518
450;450;1.47986;1.93521
450;450;-0.911262;-2.90465
450;450;-2.05053;-0.341756
450;450;-2.05053;-0.341756
450;450;-2.05053;-0.341756
450;450;0.740166;-0.797102
450;450;2.04937;1.93551
450;450;-1.76457;-3.47221
450;450;-0.910772;-0.740002
450;450;0.739839;0.682928
450;450;0.739839;0.682928
450;450;0.739839;0.682928
450;450;2.04989;-0.341648
450;450;-1.8793;-2.10709
450;450;2.16466;2.39252
450;450;-1.9376;-1.70964
450;450;-1.48183;1.48183
450;450;-1.48183;1.48183
450;450;0.79796;-5.68434e-14
450;450;0.398942;0.341951
450;450;1.08271;0.854768
450;450;0.28495;-1.7097
450;450;0.227931;-5.68434e-14
450;450;-2.44948;0.569647
450;450;-0.341767;-0.455689
450;450;-0.341767;-0.455689
450;450;1.65119;-0.227751
450;450;0.569431;-0.284715
450;450;0.569431;-0.284715
450;450;-0.626314;0.512439
450;450;-1.59441;2.39161
450;450;0.341648;1.6513
450;450;1.87894;1.65119
450;450;0.455473;-1.82189
450;450;0.455473;-1.82189
450;450;0.284625;-5.68434e-14
450;450;0.284625;-5.68434e-14
450;450;-0.911176;2.22099
450;450;-0.512634;-1.65182
450;450;2.50557;1.19584
450;450;-0.227816;-2.90465
450;450;1.70883;1.25314
450;450;0.341756;1.65182
450;450;-3.42015;-1.36806
450;450;-3.42015;-1.36806
450;450;0.113998;1.36798
450;450;0.854795;-2.96329
450;450;1.25354;-1.53844
450;450;0.51278;-2.16507
450;450;-0.170916;-1.19641
450;450;-0.227902;2.16507
450;450;0.227873;0.569683
450;450;-0.17091;-1.25334
450;450;2.61946;0.968063
450;450;0.626552;-1.02527
450;450;-0.0569773;-0.398841
450;450;-0.0569773;-0.398841
450;450;-0.0569809;-0.911695
450;450;-0.627108;0.798137
450;450;-0.627108;0.798137
450;450;-0.854849;-2.16562
450;450;2.44987;-0.113947
450;450;-0.227895;-0.512763
450;450;-0.626651;-2.3357
450;450;-0.626651;-2.3357
450;450;-2.27945;-3.30521
450;450;0.51291;3.19144
450;450;0.51291;3.19144
450;450;-1.42506;-2.2231
450;450;-1.42506;-2.2231
450;450;1.65281;1.08288
450;450;-0.912157;-0.171029
450;450;-1.59643;2.10956
450;450;-0.114002;0.684009
450;450;0.911839;-0.683879
450;450;-0.512861;1.02572
450;450;0.398866;1.08264
450;450;-1.02569;-1.53853
450;450;-0.398803;2.50676
450;450;-1.93741;0.227931
450;450;0.284842;1.65208
450;450;0.284842;1.65208
450;450;0.284842;1.65208
450;450;1.25271;1.936
450;450;0.398602;0.284715
450;450;-1.87972;-0.626572
450;450;0.170889;2.62029
450;450;0.170899;-1.70899
450;450;1.42394;-1.93655
450;450;1.48066;1.13897
450;450;-0.227895;-1.82316
450;450;2.33563;2.05079
450;450;-3.01894;-2.16452
450;450;-1.31011;-1.53795
450;450;2.50478;1.42317
450;450;-0.740237;-1.99294
450;450;-0.740237;-1.99294
450;450;0.0569431;0.113886
450;450;0.0569431;0.113886
450;450;-0.284706;1.936
450;450;-0.683295;-3.70118
450;450;3.81458;-0.28467
450;450;-1.6514;-1.30973
450;450;-1.0252;-1.0252
450;450;1.13883;0.740237
450;450;1.13883;0.740237
450;450;0.683252;-0.341626
450;450;0.398501;0.512358
450;450;0.398501;0.512358
450;450;3.18911;1.8793
450;450;-1.87912;-2.39161
450;450;-1.87912;-2.39161
450;450;-0.683014;-0.398425
450;450;-1.30924;-1.53693
450;450;2.73163;1.47963
450;450;2.73163;1.47963
450;450;-0.227715;2.67565
450;450;-0.227715;2.67565
450;450;-0.227715;2.67565
450;450;-1.02488;-0.0569377
450;450;1.13897;1.59456
450;450;-1.76641;-0.740752
450;450;-1.76641;-0.740752
450;450;0.170883;0.284805
450;450;0.170883;0.284805
450;450;2.50605;1.76563
450;450;-0.79738;-2.50605
450;450;2.61955;1.53756
450;450;0.170872;-5.68434e-14
450;450;-1.65208;-1.31027
450;450;2.56268;0.683382
450;450;-0.569629;1.31015
450;450;1.48136;-0.968584
450;450;-0.22788;0.0569701
450;450;-0.683685;0.797632
450;450;-0.170889;0.854443
450;450;-0.170889;0.854443
450;450;0.341777;3.5317
450;450;-2.22169;-0.341799
450;450;-2.22169;-0.341799
450;450;0.968461;1.31027
450;450;-3.47716;-1.99509
450;450;1.2537;2.10849
450;450;1.2537;2.10849
450;450;1.2537;2.10849
450;450;-0.57008;0.684096
450;450;-0.57008;0.684096
450;450;1.13991;1.88085
450;450;-0.171002;0.0570008
450;450;-0.684053;-0.855066
450;450;-1.48221;-1.19717
450;450;-1.48221;-1.19717
450;450;1.82374;1.19683
450;450;1.82374;1.19683
450;450;-1.53931;-2.22345
450;450;1.59622;0.513072
450;450;-1.19755;-0.171078
450;450;-1.19755;-0.171078
450;450;-0.285112;-1.7677
450;450;-0.570261;0.114052
450;450;-5.68434e-14;-5.68434e-14
450;450;-0.627048;-0.342026
450;450;3.02075;-0.284977
450;450;1.59592;-2.1089
450;450;-1.02572;-1.70954
450;450;-1.02572;-1.70954
450;450;-1.02572;-1.70954
450;450;-0.284823;1.08233
450;450;-0.284823;1.08233
450;450;-1.31035;-0.455775
450;450;-0.512796;-0.170932
450;450;0.683598;1.5381
450;450;0.683598;1.5381
450;450;0.740541;-1.42412
450;450;0.113951;-0.51278
450;450;0.113951;-0.51278
450;450;0.113951;-0.51278
450;450;-2.67768;-0.911551
450;450;-2.8486;-0.968522
450;450;-0.569413;0.797178
450;450;0.455588;-0.911176
450;450;2.04904;0.967604
450;450;2.27736;-2.3343
450;450;-0.113879;-0.797153
450;450;-2.334;1.30932
450;450;-0.113818;1.76417
450;450;-0.455213;-3.64171
450;450;-0.455213;-3.64171
450;450;0.512066;1.02413
450;450;-1.53669;-0.853714
450;450;-1.53669;-0.853714
450;450;-0.455357;-1.99219
450;450;-0.227715;0.683144
450;450;0.170737;-0.170737
450;450;-0.967604;-3.01665
450;450;-0.227722;1.02475
450;450;-0.113865;2.84661
450;450;-0.512471;-0.341648
450;450;2.56268;-0.911176
450;450;2.56268;-0.911176
450;450;-0.284733;0.797253
450;450;-0.284733;0.797253
450;450;-2.50494;-1.99257
450;450;2.21902;3.18629
450;450;2.21902;3.18629
450;450;-0.113865;-0.113865
450;450;1.7077;1.87847
450;450;-1.82229;-1.25283
450;450;-0.341626;0.683252
450;450;1.25247;0.284652
450;450;1.25247;0.284652
450;450;-0.284724;-0.797228
450;450;0.227794;-2.67658
450;450;1.31052;-1.0826
450;450;-0.113984;-2.0517
450;450;-1.42457;-2.10836
450;450;1.7091;-0.398791
450;450;1.7091;-0.398791
450;450;1.7091;-0.398791
450;450;-0.398841;-0.512796
450;450;-2.44933;-1.42403
450;450;0.170851;1.87936
450;450;-5.68434e-14;-1.99313
450;450;-5.68434e-14;-1.99313
450;450;-5.68434e-14;-1.99313
450;450;-1.47963;-1.36581
450;450;1.42214;1.82034
450;450;1.42214;1.82034
450;450;1.48;-1.19539
450;450;1.48;-1.19539
450;450;1.48;-1.19539
450;450;2.04885;-5.68434e-14
450;450;-2.4484;-2.27758
450;450;2.50502;2.90355
450;450;-3.24596;-2.79039
450;450;1.53746;1.59441
450;450;1.65124;0.967971
450;450;-1.53829;-1.19645
450;450;0.170845;1.93625
450;450;-1.48075;0.227808
450;450;-0.0569719;-0.968522
450;450;-0.0569719;-0.968522
450;450;-1.31019;3.24699
450;450;-0.51265;2.50629
450;450;-2.22141;0.683511
450;450;1.36655;1.30961
450;450;-2.50557;-2.56252
450;450;0.398665;-0.968185
450;450;-0.0569395;0.854092
450;450;-1.76551;-3.01846
450;450;3.07444;2.90364
450;450;-0.797304;-3.18922
450;450;-0.797304;-3.18922
450;450;1.76596;-5.68434e-14
450;450;-2.50661;-1.48118
450;450;1.42398;1.8227
450;450;-0.113955;2.27909
450;450;-0.0569755;-3.36156
450;450;-0.0569755;-3.36156
450;450;-0.512715;-0.740588
450;450;1.25314;0.797455
450;450;-2.50629;-2.0506
450;450;-0.113929;3.41788
450;450;2.62013;0.569593
450;450;-1.08233;-1.70894
450;450;1.08195;0.911118
450;450;1.08195;0.911118
450;450;-0.171002;-0.171002
450;450;-0.171002;0.570008
450;450;-0.513137;-0.855228
450;450;-0.513137;-0.855228
450;450;0.113973;-4.78685
450;450;3.13524;2.96423
450;450;-0.683966;-0.968952
450;450;-0.683966;-0.968952
450;450;1.25422;1.19721
450;450;-0.684226;1.14038
450;450;-0.684226;1.14038
450;450;-1.13987;0.0569936
450;450;1.70932;-0.455819
450;450;0.455689;0.455689
450;450;-1.36759;-1.02569
450;450;-1.36759;-1.02569
450;450;-2.62046;-2.62046
450;450;-2.62046;-2.62046
450;450;1.93637;0.28476
450;450;-0.740611;-2.73457
450;450;-0.740611;-2.73457
450;450;-1.36728;-0.455761
450;450;1.25267;2.61922
450;450;-1.02511;-2.05021
450;450;-1.02511;-2.05021
450;450;-1.02511;-2.05021
450;450;0.854119;1.25271
450;450;-0.113908;-1.93643
450;450;-0.113908;-1.93643
450;450;-0.113908;-1.93643
450;450;1.4801;1.59395
450;450;-1.30965;-0.569413
450;450;0.512358;0.797001
450;450;-0.797228;-0.854173
450;450;-0.797228;-0.854173
450;450;-0.797228;-0.854173
450;450;-1.02507;-1.25287
450;450;1.59466;0.455617
450;450;1.59466;0.455617
450;450;-2.10816;-1.13955
450;450;-2.10816;-1.13955
450;450;-2.10816;-1.13955
450;450;-0.284715;-0.797203
450;450;0.626136;1.36612
450;450;-1.6513;-1.30965
450;450;-0.227751;0.398564
450;450;-0.170813;0.0569377
450;450;0.0569287;1.53707
450;450;0.0569287;1.53707
450;450;-0.284715;-2.61938
450;450;2.27794;-1.8793
450;450;2.27794;-1.8793
450;450;-1.25263;-0.683252
450;450;1.7077;0.227693
450;450;1.7077;0.227693
450;450;-1.53707;-1.93557
450;450;2.56074;2.44693
450;450;2.56074;2.44693
450;450;-0.683036;-0.455357
450;450;-0.683036;-0.455357
450;450;-1.02439;-3.07318
450;450;0.853552;1.5933
450;450;-1.25188;-0.284517
450;450;0.227607;1.42254
450;450;2.33312;0.170716
450;450;2.44693;-0.227621
450;450;0.569017;0.34141
450;450;2.04865;0.569071
450;450;2.04865;0.569071
450;450;-0.398312;0.739722
450;450;1.3087;0.398299
450;450;1.3087;0.398299
450;450;0.170683;2.44646
450;450;-0.0568873;0.284436
450;450;-1.13807;-0.284517
450;450;1.76378;1.19482
450;450;-2.50439;-1.53678
450;450;-0.34141;2.61748
450;450;-0.34141;2.61748
450;450;0.796447;-0.170667
450;450;0.853201;-2.73024
450;450;0.853201;-2.73024
450;450;1.30812;0.96687
450;450;-3.18488;-3.52612
450;450;0.625602;1.64931
450;450;-1.30837;-1.76345
450;450;-1.30849;-1.93429
450;450;2.16172;0.170662
450;450;2.16172;0.170662
450;450;-0.796623;-0.512115
450;450;-0.796623;-0.512115
450;450;0.398211;0.227549
450;450;0.398211;0.227549
450;450;-0.227571;1.99124
450;450;0.682647;-4.20966
450;450;0.682647;-4.20966
450;450;-5.68434e-14;-2.16172
450;450;-5.68434e-14;-2.16172
450;450;0.796196;1.02368
450;450;-2.1047;-1.93405
450;450;-2.1047;-1.93405
450;450;-2.16172;-2.27549
450;450;-0.739488;-0.511953
450;450;0.966809;1.19429
450;450;-1.42232;-1.08096
450;450;-5.68434e-14;0.739558
450;450;-0.454969;0.113742
450;450;0.11376;1.25136
450;450;0.113775;2.55993
450;450;0.113775;2.55993
450;450;1.13821;-1.53659
450;450;1.13821;-1.53659
450;450;0.39845;-1.93533
450;450;-0.967543;-0.569143
450;450;-0.967543;-0.569143
450;450;0.113803;-5.68434e-14
450;450;-0.569107;-1.0813
450;450;1.0242;1.3087
450;450;-1.08141;-0.910657
450;450;0.910456;2.38995
450;450;-5.68434e-14;-0.739768
450;450;-0.853714;-0.0569143
450;450;0.569179;-1.02452
450;450;0.569179;-1.02452
450;450;-1.53654;2.21945
450;450;-0.455127;1.76362
450;450;0.568999;0.455199
450;450;-0.967145;1.08093
450;450;-0.45507;2.27535
450;450;1.76362;-0.284454
450;450;-1.65025;-1.99168
450;450;1.76373;1.59305
450;450;-0.113775;-2.10483
450;450;-0.113775;-2.10483
450;450;0.512034;0.85339
450;450;-1.87841;-1.53688
450;450;-1.87841;-1.53688
450;450;1.02439;-1.36586
450;450;1.59375;-3.13058
450;450;-0.512277;-2.04911
450;450;-0.227686;0.113843
450;450;1.47963;1.59345
450;450;1.47963;1.59345
450;450;-0.170694;3.47078
450;450;2.50288;0.284418
450;450;-0.796598;-0.568999
450;450;-0.796598;-0.568999
450;450;-0.796598;-0.568999
450;450;-1.76473;-1.59395
450;450;1.59395;1.65088
450;450;-0.740166;0.227743
450;450;-0.341702;-5.68434e-14
450;450;1.36659;-3.13177
450;450;-0.797077;-0.341604
450;450;1.1958;0.341658
450;450;-3.07434;-2.44809
450;450;-3.07434;-2.44809
450;450;-0.512196;0.0569107
450;450;-0.512196;0.0569107
450;450;-0.512196;0.0569107
450;450;1.5935;1.0813
450;450;-1.1952;-2.73188
450;450;0.853309;2.2186
450;450;0.284517;-2.73137
450;450;1.70683;0.113789
450;450;1.08082;2.27542
450;450;-1.93466;-1.82085
450;450;-1.93466;-1.82085
450;450;-1.02423;1.87776
450;450;-1.02423;1.87776
450;450;0.455257;-1.36577
450;450;0.455257;-1.36577
450;450;-1.76445;0.910686
450;450;-1.76445;0.910686
450;450;0.854038;-2.16356
450;450;0.854038;-2.16356
450;450;-1.25259;-1.4234
450;450;-1.25259;-1.4234
450;450;1.30915;1.19531
450;450;-0.683252;0.0569377
450;450;0.910743;1.13843
450;450;-1.70851;-0.911204
450;450;-1.70851;-0.911204
450;450;0.284787;0.398702
450;450;0.284787;0.398702
450;450;-0.45566;1.25306
450;450;-0.45566;1.25306
450;450;-0.45566;1.25306
450;450;0.626731;1.93717
450;450;-2.05073;1.42412
450;450;2.61955;1.93619
450;450;0.227823;0.113911
450;450;0.227823;0.113911
450;450;2.33504;3.18932
450;450;-2.56309;-2.39221
450;450;-2.56309;-2.39221
450;450;1.36663;2.44855
450;450;-2.44855;-1.53746
450;450;-2.44855;-1.53746
450;450;-2.44855;-1.53746
450;450;-2.84724;-2.50557
450;450;-0.968093;0.17084
450;450;1.87906;1.82212
450;450;-1.25243;-3.13108
450;450;0.341518;0.398438
450;450;1.76429;1.25207
450;450;-1.76462;-1.76462
450;450;-0.0569233;-0.284616
450;450;-0.682971;-5.68434e-14
450;450;-0.398425;-0.79685
450;450;-0.398425;-0.79685
450;450;0.0569089;-1.02436
450;450;0.0569089;-1.02436
450;450;0.0569089;-1.02436
450;450;0.341399;-1.1949
450;450;-2.56114;-1.53669
450;450;0.227578;1.0241
450;450;0.227578;1.0241
450;450;0.398249;-3.41356
450;450;-0.511905;-2.55952
450;450;2.04723;-0.113735
450;450;-0.397959;2.1035
450;450;-0.397959;2.1035
450;450;1.42178;2.44546
450;450;1.42178;2.44546
450;450;-2.84454;-0.682691
450;450;1.76323;1.13757
450;450;-2.27564;-1.53605
450;450;1.08076;0.739465
450;450;0.113778;-0.113778
450;450;-0.739862;-0.284562
450;450;-0.113818;0.341453
450;450;2.39085;-1.93545
450;450;-0.398463;-2.04924
450;450;-0.398463;-2.04924
450;450;1.47968;-0.0569107
450;450;1.47968;-0.0569107
450;450;1.47968;-0.0569107
450;450;1.30944;1.42331
450;450;1.30944;1.42331
450;450;-0.398665;-0.797329
450;450;-0.398665;-0.797329
450;450;0.512293;0.170764
450;450;0.512374;0.284652
450;450;-0.227787;0.284733
450;450;-1.02556;-0.113951
450;450;0.113984;0.341951
450;450;-0.57008;1.76725
450;450;1.93846;-1.65339
450;450;-2.1097;-1.02634
450;450;-1.3116;-0.855391
450;450;1.19728;0.855201
450;450;-1.76747;-1.42538
450;450;2.0519;0.626969
450;450;-1.53936;-1.88144
450;450;2.27989;2.0519
450;450;0.683966;0.626969
450;450;-1.14048;-0.798339
450;450;-1.14048;-0.798339
450;450;-1.25406;-1.08305
450;450;-5.68434e-14;0.798112
450;450;-5.68434e-14;0.798112
450;450;0.627207;-3.42113
450;450;0.28504;-1.71024
450;450;0.28504;-1.71024
450;450;0.684053;1.02608
450;450;0.684053;1.02608
450;450;1.02657;3.30783
450;450;1.02657;3.30783
450;450;-0.684334;-1.65381
450;450;0.170986;-1.76686
450;450;0.170986;-1.76686
450;450;-0.342048;-0.057008
450;450;-0.342048;-0.057008
450;450;0.285004;-0.228003
450;450;-0.684161;0.456107
450;450;-0.684161;0.456107
450;450;2.10963;-2.22366
450;450;0.569954;0.284977
450;450;0.569954;0.284977
450;450;0.62685;2.45041
450;450;-0.683966;-0.455977
450;450;-0.513072;-0.228032
450;450;0.74094;-1.02592
450;450;-2.33814;-0.570279
450;450;2.22373;1.08336
450;450;-1.76786;-1.14056
450;450;-1.76786;-1.14056
450;450;2.22317;1.3111
450;450;-0.741127;-1.93833
450;450;2.56447;-0.740846
450;450;-0.0569899;-2.16562
450;450;-0.797733;1.93735
450;450;-1.48179;-1.93772
450;450;1.31073;-0.455905
450;450;-2.96366;-1.93778
450;450;-5.68434e-14;0.968921
450;450;-5.68434e-14;0.968921
450;450;-0.797783;-0.512861
450;450;-1.19702;-1.99503
450;450;3.3051;1.65255
450;450;-1.08315;-3.42048
450;450;-1.08315;-3.42048
450;450;0.797758;1.6525
450;450;0.797758;1.6525
450;450;0.797758;1.6525
450;450;1.19611;1.53785
450;450;1.08216;0.512601
450;450;-0.113987;4.27452
450;450;0.45579;0.911579
450;450;-1.88007;0.740635
450;450;1.08243;0.797581
450;450;1.08243;0.797581
450;450;-0.227873;1.48118
450;450;-1.4808;-2.16425
450;450;-0.170872;-5.68434e-14
450;450;2.84787;2.44917
450;450;-1.0253;-3.47463
450;450;2.27823;2.0504
450;450;0.74033;0.968124
450;450;0.74033;0.968124
450;450;0.74033;0.968124
450;450;-1.08233;1.59501
450;450;0.797783;0.170954
450;450;-1.31052;-1.82333
450;450;-1.31052;-1.82333
450;450;-0.455847;-1.53849
450;450;-1.88031;0.854687
450;450;-1.88031;0.854687
450;450;0.626751;-0.113955
450;450;1.13955;-0.683728
450;450;-0.170932;-0.398841
450;450;-0.170932;-0.398841
450;450;-0.911666;0.0569791
450;450;-0.398854;2.27916
450;450;-0.398854;2.27916
450;450;-0.398854;2.27916
450;450;0.0570423;-0.513381
450;450;2.50891;1.99572
450;450;-1.42597;3.30824
450;450;0.17117;0.684681
450;450;-1.19827;-0.970027
450;450;2.96705;3.36646
450;450;-0.513511;0.285284
450;450;-0.0570496;0.285248
450;450;-0.0570496;0.285248
450;450;-0.0570496;0.285248
450;450;2.50899;1.88174
450;450;-0.798188;-3.24976
450;450;0.912215;1.53936
450;450;-0.11403;-1.1403
450;450;-0.11403;-1.1403
450;450;-0.11403;-1.1403
450;450;1.99547;-0.855201
450;450;-0.399132;-0.96932
450;450;-0.399132;-0.96932
450;450;-0.399132;-0.96932
450;450;-2.22338;-0.855147
450;450;-2.22338;-0.855147
450;450;-2.22338;-0.855147
450;450;-1.59597;-1.93796
450;450;-1.59597;-1.93796
450;450;2.96404;1.93803
450;450;-0.627068;-0.684074
450;450;-0.627068;-0.684074
450;450;-0.455905;-2.3935
450;450;-2.39373;-1.42484
450;450;0.911753;1.59557
450;450;1.19649;0.341853
450;450;-0.911897;-0.96889
450;450;0.512796;1.82327
450;450;0.512796;1.82327
450;450;2.05131;-0.341886
450;450;0.569899;-1.88067
450;450;-0.683901;0.227967
450;450;1.48099;0.51265
450;450;-0.455645;-0.968247
450;450;-0.455645;-0.968247
450;450;0.284697;-0.455516
450;450;0.398677;0.569539
450;450;0.398677;0.569539
450;450;-1.7084;-1.59451
450;450;2.90355;0.455458
450;450;1.76524;-2.5055
450;450;-0.797203;-1.1958
450;450;0.455501;-1.30957
450;450;-0.0569341;-0.569341
450;450;-0.398475;1.8216
450;450;-0.398538;1.59415
450;450;-0.398538;1.59415
450;450;-0.398538;1.59415
450;450;0.227808;-0.28476
450;450;1.13886;1.42358
450;450;-0.854714;-1.59547
450;450;-0.854714;-1.59547
450;450;1.2533;0.68362
450;450;-1.13958;-0.398854
450;450;0.227837;1.02527
450;450;1.31011;-5.68434e-14
450;450;2.3354;-0.113922
450;450;0.284796;-2.44925
450;450;0.284796;-2.44925
450;450;0.911435;1.87984
450;450;-2.44995;-2.7918
450;450;2.27895;2.84869
450;450;-2.05164;-2.05164
450;450;1.59542;2.79198
450;450;1.82333;2.50708
450;450;-2.0519;-0.455977
450;450;1.13969;0.797783
450;450;1.13969;0.797783
450;450;-1.42556;-0.741292
450;450;-1.42556;-0.741292
450;450;-0.285031;-0.570062
450;450;-0.285031;-0.570062
450;450;-0.285031;-0.570062
450;450;0.0569881;-1.02579
450;450;-0.627028;0.0570026
450;450;2.67836;2.05151
450;450;-1.25414;-2.45127
450;450;-1.25414;-2.45127
450;450;1.48118;1.0824
450;450;-3.13375;-1.65234
450;450;1.59461;1.82241
450;450;-2.73422;-1.82281
450;450;-0.398791;-0.284851
450;450;-5.68434e-14;2.73413
450;450;-1.99414;0.683706
450;450;1.42452;-1.31056
450;450;0.341842;1.99408
450;450;-1.1394;1.88001
450;450;-1.1394;1.88001
450;450;-0.683533;1.25314
450;450;-0.854497;-0.569665
450;450;2.96226;0.0569665
450;450;0.45579;0.797632
450;450;-0.399069;-1.31123
450;450;0.570044;1.42511
450;450;-1.14034;-0.114034
450;450;-0.0570026;1.71008
450;450;-0.797986;3.02095
450;450;0.74094;1.42488
450;450;0.74094;1.42488
450;450;1.82356;0.455891
450;450;1.82356;0.455891
450;450;1.82356;0.455891
450;450;-0.740658;0.113947
