target.x;target.y;delta.x;delta.y
450;450;12.5247;27.042
450;450;8.48291;4.15606
450;450;39.5022;22.4833
450;450;39.5022;22.4833
450;450;42.6463;10.5335
450;450;11.3324;-2.16397
450;450;12.4124;26.476
450;450;11.7314;9.3965
450;450;9.28407;2.33526
450;450;38.7507;26.0997
450;450;39.8993;10.5448
450;450;42.5796;8.60712
450;450;26.2749;19.3784
450;450;3.70399;6.43925
450;450;19.0802;18.055
450;450;19.0802;18.055
450;450;18.971;1.76607
450;450;44.1462;19.1395
450;450;44.1462;19.1395
450;450;44.1462;19.1395
450;450;0.683879;34.4789
450;450;0.683879;34.4789
450;450;-11.6252;18.3496
450;450;-11.6252;18.3496
450;450;40.9032;35.4343
450;450;40.9032;35.4343
450;450;40.9032;35.4343
450;450;44.3649;-5.53135
450;450;44.3649;-5.53135
450;450;44.3649;-5.53135
450;450;19.2718;-5.68434e-14
450;450;19.2718;-5.68434e-14
450;450;2.28039;2.73647
450;450;2.28039;2.73647
450;450;2.28039;2.73647
450;450;15.5003;4.72987
450;450;15.5003;4.72987
450;450;15.5003;4.72987
450;450;41.0471;0.399069
450;450;41.0471;0.399069
450;450;38.0364;-15.7392
450;450;24.7579;-2.05365
450;450;24.7579;-2.05365
450;450;24.7579;-2.05365
450;450;-15.6732;13.6785
450;450;-15.6732;13.6785
450;450;26.481;18.2235
450;450;48.098;1.53868
450;450;60.597;10.9918
450;450;27.5218;6.83771
450;450;11.226;15.3288
450;450;11.226;15.3288
450;450;-1.2531;17.0878
450;450;26.4316;18.2287
450;450;45.6634;6.09986
450;450;42.7166;-11.4633
450;450;18.3548;-2.50811
450;450;-4.38587;29.7327
450;450;-12.1843;13.3799
450;450;-0.740073;16.3955
450;450;39.5654;19.2988
450;450;39.5654;19.2988
450;450;62.0542;10.0859
450;450;62.0542;10.0859
450;450;62.0542;10.0859
450;450;-2.04995;15.9441
450;450;4.04142;24.7039
450;450;7.00023;12.976
450;450;35.9243;15.7133
450;450;47.9924;14.4034
450;450;46.2773;-3.13455
450;450;29.1366;-5.92996
450;450;29.1366;-5.92996
450;450;-10.3666;23.5242
450;450;11.2139;21.4601
450;450;31.5245;19.9731
450;450;51.4701;1.65297
450;450;51.4701;1.65297
450;450;59.5088;5.52908
450;450;41.3616;14.2999
450;450;3.30155;15.6539
450;450;3.30155;15.6539
450;450;5.58625;20.1789
450;450;5.58625;20.1789
450;450;34.6872;-9.24232
450;450;41.4232;5.42039
450;450;13.2917;18.0836
450;450;-5.18855;21.7235
450;450;9.74682;30.7794
450;450;29.5918;8.3815
450;450;48.5877;17.2794
450;450;45.3784;18.4706
450;450;45.3784;18.4706
450;450;45.3784;18.4706
450;450;23.089;6.49912
450;450;23.089;6.49912
450;450;23.089;6.49912
450;450;5.29688;14.6946
450;450;5.29688;14.6946
450;450;27.8968;21.1219
450;450;27.8968;21.1219
450;450;30.8208;10.4825
450;450;34.5479;13.1123
450;450;34.5479;13.1123
450;450;26.9299;-5.64844
450;450;26.9299;-5.64844
450;450;19.8495;30.2305
450;450;19.8495;30.2305
450;450;11.4626;22.6971
450;450;12.9449;14.8268
450;450;12.9449;14.8268
450;450;36.4489;16.7699
450;450;35.9777;-1.82454
450;450;43.2896;23.3844
450;450;22.1782;11.5737
450;450;13.1064;18.349
450;450;13.1064;18.349
450;450;16.1236;20.3966
450;450;23.0196;10.94
450;450;38.1166;21.3088
450;450;29.9891;-19.1565
450;450;5.13088;6.89819
450;450;3.81917;39.2178
450;450;-8.31922;-5.68434e-14
450;450;-8.31922;-5.68434e-14
450;450;33.737;35.6176
450;450;33.737;35.6176
450;450;42.3972;-5.47797
450;450;55.0889;27.2593
450;450;5.13332;-1.25481
450;450;5.13332;-1.25481
450;450;5.13332;-1.25481
450;450;7.06407;17.888
450;450;7.06407;17.888
450;450;39.8803;24.7828
450;450;39.8803;24.7828
450;450;41.5404;6.2681
450;450;6.49685;0.17097
450;450;-21.65;23.0174
450;450;-21.65;23.0174
450;450;-0.910887;6.77473
450;450;49.9454;26.368
450;450;53.5051;-6.78073
450;450;53.7066;19.2705
450;450;8.09462;12.37
450;450;6.66951;11.7999
450;450;-6.4366;26.0312
450;450;-6.4366;26.0312
450;450;20.0971;6.83187
450;450;20.0971;6.83187
450;450;54.8605;12.1912
450;450;27.3734;-18.1919
450;450;27.3734;-18.1919
450;450;-14.4107;30.9859
450;450;-9.56704;11.5032
450;450;37.1363;25.8587
450;450;51.9063;-5.81169
450;450;64.1666;3.70411
450;450;43.8419;14.937
450;450;-2.45002;13.0478
450;450;-2.45002;13.0478
450;450;0.967726;17.3052
450;450;31.3667;17.3058
450;450;31.3667;17.3058
450;450;31.3667;17.3058
450;450;18.7473;3.87483
450;450;18.7473;3.87483
450;450;-6.6077;23.013
450;450;-6.6077;23.013
450;450;22.788;21.022
450;450;48.1391;3.53629
450;450;62.4966;11.5756
450;450;27.8725;10.3168
450;450;0.398841;21.1956
450;450;0.398841;21.1956
450;450;26.7452;15.397
450;450;26.7452;15.397
450;450;46.8125;10.6625
450;450;27.1573;-8.67208
450;450;6.67332;30.4577
450;450;-13.8569;6.55779
450;450;-13.8569;6.55779
450;450;37.8821;24.5891
450;450;45.363;-3.59481
450;450;45.363;-3.59481
450;450;35.8317;9.58554
450;450;9.07002;17.8548
450;450;3.76027;18.6304
450;450;17.0889;14.0129
450;450;33.7199;22.6128
450;450;41.2155;3.76241
450;450;41.2155;3.76241
450;450;37.1016;18.9213
450;450;37.1016;18.9213
450;450;-8.66769;-2.28097
450;450;7.69364;25.2465
450;450;22.6343;7.86785
450;450;49.5985;24.5142
450;450;39.0789;-6.84595
450;450;46.4339;28.3509
450;450;15.5686;14.6562
450;450;15.5686;14.6562
450;450;-0.342048;16.2473
450;450;19.8344;22.8551
450;450;19.8344;22.8551
450;450;28.3249;4.95828
450;450;43.311;18.7491
450;450;43.311;18.7491
450;450;30.5505;-14.3063
450;450;0.569611;7.80367
450;450;-2.33393;16.1667
450;450;20.6114;18.5617
450;450;20.6114;18.5617
450;450;20.6114;18.5617
450;450;54.9749;16.1389
450;450;23.8811;12.539
450;450;1.31011;21.3034
450;450;1.31011;21.3034
450;450;1.31011;21.3034
450;450;11.1109;20.8544
450;450;38.2839;16.5213
450;450;44.6514;2.05294
450;450;14.7707;-0.114059
450;450;-1.25318;27.7409
450;450;12.4666;25.7301
450;450;33.4783;28.2971
450;450;33.4783;28.2971
450;450;57.9165;14.4221
450;450;39.1657;16.0198
450;450;4.67318;12.3668
450;450;5.29621;29.7841
450;450;5.4655;15.7702
450;450;28.5168;18.7835
450;450;44.5281;10.2494
450;450;44.5281;10.2494
450;450;24.5775;-4.27682
450;450;-2.67887;11.4564
450;450;-2.67887;11.4564
450;450;7.74744;7.06385
450;450;41.8863;22.3963
450;450;47.9004;0.684291
450;450;47.9004;0.684291
450;450;47.9004;0.684291
450;450;-3.59025;9.17509
450;450;-3.59025;9.17509
450;450;19.2516;23.4665
450;450;33.0521;9.74466
450;450;49.8995;16.918
450;450;33.1237;-7.24047
450;450;11.4002;-1.36802
450;450;-1.30915;29.5982
450;450;6.31948;14.9732
450;450;16.9674;12.9818
450;450;39.9462;19.1196
450;450;45.1816;0.51278
450;450;49.9121;17.4351
450;450;14.9817;11.5069
450;450;14.9817;11.5069
450;450;10.4199;26.8185
450;450;30.4481;11.7459
450;450;30.4481;11.7459
450;450;45.7334;11.2908
450;450;12.7216;-5.36249
450;450;-2.27989;32.7734
450;450;-2.27989;32.7734
450;450;-11.8517;19.3729
450;450;-11.341;5.58501
450;450;43.9643;9.97893
450;450;43.9643;9.97893
450;450;43.9643;9.97893
450;450;46.1443;18.7657
450;450;14.5467;2.62411
450;450;14.5467;2.62411
450;450;3.01875;20.049
450;450;10.4755;8.42598
450;450;45.419;19.5222
450;450;46.1414;-0.512682
450;450;45.8127;9.5728
450;450;25.7464;15.8921
450;450;25.7464;15.8921
450;450;0.512861;16.2976
450;450;12.075;30.2444
450;450;23.3045;7.23635
450;450;43.0315;19.0365
450;450;37.0493;1.13998
450;450;36.9283;15.6148
450;450;36.9283;15.6148
450;450;3.47342;8.42731
450;450;3.47342;8.42731
450;450;26.6017;17.2598
450;450;28.8902;6.83793
450;450;28.8902;6.83793
450;450;28.8902;6.83793
450;450;9.69443;8.04067
450;450;8.54849;29.1789
450;450;-6.72354;2.90594
450;450;-6.72354;2.90594
450;450;34.1821;28.7699
450;450;34.1821;28.7699
450;450;34.1821;28.7699
450;450;40.6818;22.2212
450;450;2.39237;6.77837
450;450;12.0112;31.3088
450;450;12.0112;31.3088
450;450;45.2583;20.2666
450;450;47.4381;12.9273
450;450;47.4381;12.9273
450;450;23.4377;-3.36454
450;450;1.31081;15.9577
450;450;7.40799;22.5659
450;450;7.40799;22.5659
450;450;37.9906;17.6568
450;450;46.6881;3.07833
450;450;43.9532;12.3137
450;450;43.9532;12.3137
450;450;3.64309;12.0108
450;450;3.64309;12.0108
450;450;18.5699;12.8736
450;450;18.5699;12.8736
450;450;45.9048;15.2636
450;450;45.9048;15.2636
450;450;14.1914;0.227974
450;450;4.15579;25.561
450;450;6.71864;16.2272
450;450;21.2364;18.5036
450;450;36.7376;6.66403
450;450;36.7376;6.66403
450;450;51.1167;9.28877
450;450;8.31448;8.37143
450;450;8.31448;8.37143
450;450;12.6446;22.3273
450;450;20.6206;10.1394
450;450;39.7689;13.3892
450;450;41.4422;-5.87145
450;450;14.9389;-5.13169
450;450;-2.67751;22.1607
450;450;-9.11493;7.17801
450;450;14.6941;25.3445
450;450;37.3166;1.76613
450;450;56.3382;18.9885
450;450;56.3382;18.9885
450;450;15.1177;-0.51343
450;450;8.09488;27.99
450;450;8.09488;27.99
450;450;12.8761;9.57158
450;450;12.8761;9.57158
450;450;12.8761;9.57158
450;450;25.6039;-6.44374
450;450;19.3821;16.9878
450;450;19.3821;16.9878
450;450;6.72524;1.53883
450;450;9.29024;5.07259
450;450;28.4506;1.76747
450;450;47.5132;14.9441
450;450;28.1771;11.1225
450;450;13.3466;12.0348
450;450;23.3785;29.8218
450;450;23.3785;29.8218
450;450;23.3785;29.8218
450;450;12.708;4.90083
450;450;37.1422;17.3748
450;450;35.45;4.61648
450;450;31.1538;16.3458
450;450;-1.88019;-7.63472
450;450;6.77901;19.7674
450;450;4.66948;7.97228
450;450;21.8161;11.4492
450;450;21.8161;11.4492
450;450;42.0295;-7.47065
450;450;43.9365;23.8512
450;450;43.9365;23.8512
450;450;1.02673;10.6666
450;450;19.7285;33.242
450;450;17.7933;1.42574
450;450;32.4478;11.5193
450;450;45.2887;13.1759
450;450;23.5067;-17.8582
450;450;-4.73346;7.01465
450;450;-17.4998;28.1023
450;450;-13.9541;13.1568
450;450;6.66339;21.5848
450;450;45.6785;10.0812
450;450;60.1928;-1.25402
450;450;60.6488;-0.798011
450;450;47.1531;12.8858
450;450;2.39411;10.3175
450;450;-3.99005;26.9044
450;450;-1.25366;18.9189
450;450;24.9007;13.3905
450;450;24.9007;13.3905
450;450;51.874;2.73621
450;450;51.874;2.73621
450;450;3.07941;-9.69443
450;450;-16.0172;23.5983
450;450;-16.0172;23.5983
450;450;-18.6785;13.6103
450;450;-18.6785;13.6103
450;450;57.6815;9.05366
450;450;65.3022;-4.21672
450;450;65.3022;-4.21672
450;450;65.3022;-4.21672
450;450;11.6818;8.54768
450;450;-2.39297;17.1496
450;450;-2.39297;17.1496
450;450;7.28987;13.099
450;450;32.7485;16.5736
450;450;55.6563;6.94991
450;450;52.2077;2.79277
450;450;34.9896;16.2411
450;450;3.36156;6.95101
450;450;3.01731;26.188
450;450;10.9851;25.7838
450;450;26.4861;6.49336
450;450;48.9126;17.8226
450;450;48.9126;17.8226
450;450;31.5814;10.4891
450;450;31.5814;10.4891
450;450;31.5814;10.4891
450;450;2.61888;14.4039
450;450;21.7447;21.1755
450;450;28.0213;10.2517
450;450;41.6119;5.75726
450;450;41.6119;5.75726
450;450;41.6119;5.75726
450;450;-8.94544;23.0758
450;450;-8.94544;23.0758
450;450;24.8928;26.4877
450;450;44.156;1.08253
450;450;44.156;1.08253
450;450;44.156;1.08253
450;450;7.34496;7.74352
450;450;5.97411;29.3585
450;450;7.73618;11.2061
450;450;7.73618;11.2061
450;450;47.5653;14.3948
450;450;47.5653;14.3948
450;450;47.5653;14.3948
450;450;18.5188;28.0916
450;450;11.5642;22.046
450;450;11.5642;22.046
450;450;15.4233;27.8302
450;450;31.0663;6.77087
450;450;54.6394;13.4322
450;450;37.8042;13.9488
450;450;37.8042;13.9488
450;450;15.2448;29.4658
450;450;8.24371;13.8722
450;450;31.0418;22.2296
450;450;38.296;-1.36568
450;450;23.6291;-13.0957
450;450;27.0004;28.8232
450;450;13.5036;5.18494
450;450;13.5036;5.18494
450;450;11.8528;6.38227
450;450;20.6219;26.9452
450;450;31.4084;-1.31106
450;450;31.4084;-1.31106
450;450;30.8934;14.1357
450;450;15.2207;11.2302
450;450;23.6433;23.8143
450;450;15.3167;8.0854
450;450;26.3538;21.1741
450;450;33.4762;8.48291
450;450;11.0487;-3.87274
450;450;3.58719;5.35231
450;450;-9.84523;16.219
450;450;0.796749;18.1545
450;450;21.2203;28.0472
450;450;39.0358;-0.0569035
450;450;39.0358;-0.0569035
450;450;50.1337;17.4329
450;450;11.5609;6.43538
450;450;11.5609;6.43538
450;450;5.57654;21.6233
450;450;18.0953;15.8192
450;450;42.1126;13.9996
450;450;45.9807;7.86287
450;450;45.9807;7.86287
450;450;43.9212;11.0515
450;450;43.9212;11.0515
450;450;2.96395;-5.3579
450;450;8.49096;14.8164
450;450;24.7352;16.0152
450;450;46.9805;11.4601
450;450;46.9805;11.4601
450;450;27.1375;25.3702
450;450;2.85013;5.64326
450;450;12.4199;27.2326
450;450;12.4199;27.2326
450;450;19.7667;2.56341
450;450;48.9036;16.1302
450;450;35.9173;1.82437
450;450;22.6379;6.50056
450;450;0.228119;4.90455
450;450;3.07814;28.8433
450;450;16.7529;33.8477
450;450;16.7529;33.8477
450;450;45.8388;25.371
450;450;42.4723;-4.27574
450;450;42.4723;-4.27574
450;450;23.1942;24.9608
450;450;23.1942;24.9608
450;450;-1.48127;7.23543
450;450;-1.48127;7.23543
450;450;22.4391;10.3083
450;450;36.7957;9.5122
450;450;46.1019;12.48
450;450;46.1019;12.48
450;450;16.6901;4.72792
450;450;16.6901;4.72792
450;450;16.4534;23.0576
450;450;21.7995;10.7006
450;450;31.5325;14.0587
450;450;39.5704;10.8748
450;450;26.9213;22.6526
450;450;26.9213;22.6526
450;450;8.41825;11.4329
450;450;21.0397;22.4612
450;450;25.0833;11.3757
450;450;36.1337;12.8602
450;450;36.1337;12.8602
450;450;41.0674;17.1778
450;450;27.3801;1.30924
450;450;27.3801;1.30924
450;450;13.3175;25.7813
450;450;13.9414;13.1447
450;450;26.103;20.3023
450;450;32.0753;4.94779
450;450;32.0814;1.02387
450;450;40.3989;23.9548
450;450;13.1958;6.71164
450;450;10.0103;11.9441
450;450;22.172;24.9577
450;450;22.172;24.9577
450;450;30.982;16.0879
450;450;30.982;16.0879
450;450;30.982;16.0879
450;450;30.8986;14.0552
450;450;10.6433;2.56122
450;450;6.71673;-0.739979
450;450;6.71673;-0.739979
450;450;17.7629;-0.0569323
450;450;34.4966;16.5652
450;450;41.9287;10.6531
450;450;33.722;11.2787
450;450;33.722;11.2787
450;450;6.71588;6.7728
450;450;24.3632;26.9816
450;450;26.4166;11.728
450;450;37.013;16.2857
450;450;43.7406;22.6676
450;450;27.8593;6.03902
450;450;24.8311;24.3185
450;450;24.8311;24.3185
450;450;12.655;11.2299
450;450;26.3738;25.1206
450;450;25.3067;5.30074
450;450;25.3067;5.30074
450;450;26.6354;-5.47537
450;450;34.3943;21.5036
450;450;19.3919;16.3691
450;450;6.90125;1.02663
450;450;25.3204;27.4304
450;450;26.1733;9.97893
450;450;26.1733;9.97893
450;450;36.9529;15.8532
450;450;36.9529;15.8532
450;450;25.2199;-4.33645
450;450;13.6941;-4.90704
450;450;15.341;28.9711
450;450;14.1887;7.5787
450;450;14.1887;7.5787
450;450;34.7551;23.4739
450;450;37.6596;-0.911579
450;450;41.9989;6.78137
450;450;30.3119;20.3409
450;450;5.40959;10.1928
450;450;5.40959;10.1928
450;450;22.4263;14.856
450;450;31.8332;13.5533
450;450;31.8332;13.5533
450;450;34.983;6.26731
450;450;27.4492;19.9889
450;450;4.61443;-16.0081
450;450;11.4985;12.1816
450;450;18.6608;38.6301
450;450;9.73142;-7.28433
450;450;48.0956;29.8819
450;450;48.0956;29.8819
450;450;32.122;-2.90465
450;450;28.8269;4.84246
450;450;11.7906;10.3666
450;450;14.976;19.8162
450;450;25.1198;18.1706
450;450;31.1528;8.59976
450;450;42.0809;4.0999
450;450;24.8936;-8.94346
450;450;22.3701;27.4931
450;450;22.3701;27.4931
450;450;22.3701;27.4931
450;450;35.7957;28.5683
450;450;35.7957;28.5683
450;450;37.963;18.6685
450;450;37.963;18.6685
450;450;37.5196;23.0583
450;450;37.5196;23.0583
450;450;11.269;4.72388
450;450;22.8665;26.2794
450;450;16.3169;4.26399
450;450;36.3734;22.506
450;450;26.5555;4.26479
450;450;26.7396;8.93215
450;450;11.4916;4.89246
450;450;14.6122;27.1207
450;450;14.6122;27.1207
450;450;13.422;10.9196
450;450;41.0713;21.7303
450;450;41.0713;21.7303
450;450;35.5145;15.1392
450;450;35.5145;15.1392
450;450;19.963;16.8349
450;450;8.75456;9.32303
450;450;8.75456;9.32303
450;450;18.2493;11.9388
450;450;34.6279;14.9543
450;450;34.6279;14.9543
450;450;31.0654;7.16893
450;450;12.1296;1.25283
450;450;13.2104;16.0005
450;450;11.1555;12.4077
450;450;15.5965;1.99225
450;450;53.5733;18.503
450;450;47.4621;2.84887
450;450;47.4621;2.84887
450;450;47.4621;2.84887
450;450;5.92283;13.5542
450;450;5.92283;13.5542
450;450;5.92283;13.5542
450;450;24.4324;13.7255
450;450;38.9663;10.824
450;450;42.3234;11.6774
450;450;23.8165;9.40126
450;450;-3.30427;3.47518
450;450;0.626255;27.4414
450;450;3.70189;22.2683
450;450;19.8137;11.3872
450;450;51.6229;16.4487
450;450;48.7417;2.6193
450;450;42.0769;15.3162
450;450;42.0769;15.3162
450;450;42.0769;15.3162
450;450;1.42259;19.9162
450;450;1.42259;19.9162
450;450;1.42259;19.9162
450;450;33.7007;10.4745
450;450;46.3822;15.7643
450;450;42.1565;7.57678
450;450;20.4717;-3.02229
450;450;20.4717;-3.02229
450;450;-7.5241;4.56006
450;450;4.89803;26.8253
450;450;4.89803;26.8253
450;450;33.7726;18.3955
450;450;52.4241;4.78655
450;450;46.3781;11.2242
450;450;46.3781;11.2242
450;450;46.3781;11.2242
450;450;4.72553;17.3649
450;450;16.6711;23.6696
450;450;16.2144;9.84243
450;450;42.9147;16.7333
450;450;51.6261;17.9297
450;450;32.2471;9.7425
450;450;32.2471;9.7425
450;450;16.5239;1.31052
450;450;16.5239;1.31052
450;450;11.332;34.2239
450;450;13.6676;3.92944
450;450;44.8811;18.7954
450;450;47.8458;4.44282
450;450;37.7023;-3.53103
450;450;25.3317;29.3164
450;450;-1.99206;7.91133
450;450;5.34977;14.9111
450;450;26.6308;22.7045
450;450;32.9058;3.98513
450;450;46.6261;16.4529
450;450;37.3629;8.77118
450;450;19.7661;-2.27852
450;450;19.7661;-2.27852
450;450;-0.569017;26.2886
450;450;-0.569017;26.2886
450;450;20.6605;8.59433
450;450;56.7435;19.2939
450;450;56.7435;19.2939
450;450;39.1992;11.566
450;450;39.1992;11.566
450;450;-0.284445;17.0667
450;450;-0.284445;17.0667
450;450;18.6584;24.5745
450;450;18.6584;24.5745
450;450;45.8566;14.0703
450;450;44.213;11.1672
450;450;44.213;11.1672
450;450;44.213;11.1672
450;450;-6.61314;5.815
450;450;1.82241;33.1451
450;450;8.60085;25.8595
450;450;25.6943;8.37487
450;450;57.6537;19.6547
450;450;57.6537;19.6547
450;450;37.7154;16.237
450;450;9.85146;18.9626
450;450;9.85146;18.9626
450;450;16.1642;29.824
450;450;26.9893;8.0854
450;450;50.3584;16.9191
450;450;51.4294;16.8014
450;450;30.2693;7.52458
450;450;0.797834;9.631
450;450;-1.53737;28.9253
450;450;9.90809;26.3077
450;450;9.90809;26.3077
450;450;9.90809;26.3077
450;450;9.90809;26.3077
450;450;53.6123;6.26711
450;450;53.6123;6.26711
450;450;32.0111;22.328
450;450;32.0111;22.328
450;450;32.0111;22.328
450;450;17.3058;27.268
450;450;28.315;10.8816
450;450;28.315;10.8816
450;450;51.7907;14.6427
450;450;34.3417;8.38575
450;450;7.92964;2.90943
450;450;7.40987;27.7015
450;450;15.7862;23.8788
450;450;25.4802;4.90222
450;450;51.571;22.11
450;450;51.571;22.11
450;450;34.9819;9.9704
450;450;21.29;23.567
450;450;21.29;23.567
450;450;15.9808;23.6584
450;450;15.9808;23.6584
450;450;27.1938;13.6538
450;450;27.1938;13.6538
450;450;46.3573;17.9741
450;450;29.9511;8.71201
450;450;5.18231;9.56734
450;450;5.18231;9.56734
450;450;14.5044;25.1979
450;450;21.6179;13.2552
450;450;21.6179;13.2552
450;450;43.8087;8.30659
450;450;42.6315;14.571
450;450;18.3235;18.7218
450;450;5.68945;16.5563
450;450;21.7254;22.5217
450;450;21.7254;22.5217
450;450;37.7449;14.2895
450;450;44.3945;16.4487
450;450;33.8445;10.028
450;450;33.8445;10.028
450;450;33.8445;10.028
450;450;24.0976;29.1108
450;450;15.6638;12.2462
450;450;16.3515;5.58342
450;450;40.9498;27.9074
450;450;27.4474;2.56252
450;450;28.4128;10.5907
450;450;28.8583;23.1663
450;450;16.6169;9.90183
450;450;16.6169;9.90183
450;450;22.4747;13.5986
450;450;32.1484;15.7044
450;450;32.1484;15.7044
450;450;26.0618;7.16984
450;450;29.4863;8.65234
450;450;32.557;27.3206
450;450;15.594;-1.42281
450;450;29.4228;17.0163
450;450;45.1473;15.8272
450;450;30.6816;3.4154
450;450;20.0787;24.9135
450;450;15.2424;11.1474
450;450;15.2424;11.1474
450;450;15.2424;11.1474
450;450;28.0321;11.4858
450;450;34.0712;12.2292
450;450;34.0712;12.2292
450;450;20.5285;8.35926
450;450;8.87582;-6.20169
450;450;8.87582;-6.20169
450;450;30.2263;23.5093
450;450;25.7472;-3.24688
450;450;52.0542;22.8947
450;450;36.3763;0.853903
450;450;29.2539;7.968
450;450;11.3145;26.2678
450;450;0.17057;9.94993
450;450;22.3383;21.2584
450;450;22.3383;21.2584
450;450;31.6742;1.47851
450;450;46.2099;18.2452
450;450;25.4581;7.04645
450;450;25.4581;7.04645
450;450;-11.7619;-1.42052
450;450;16.8147;20.9048
450;450;16.8147;20.9048
450;450;25.9835;7.44823
450;450;52.7764;11.033
450;450;49.0264;4.44142
450;450;49.0264;4.44142
450;450;14.8005;22.8839
450;450;-5.3474;14.3356
450;450;22.7492;25.7066
450;450;28.4571;7.51268
450;450;46.6859;13.4934
450;450;46.6859;13.4934
450;450;41.1855;10.1967
450;450;9.63039;-0.854768
450;450;0.284688;12.2416
450;450;0.284688;12.2416
450;450;22.8824;22.8824
450;450;25.8522;10.0789
450;450;46.3983;17.8762
450;450;37.9806;6.90037
450;450;20.906;24.8366
450;450;1.19554;11.8415
450;450;10.8185;17.879
450;450;26.9757;19.4065
450;450;26.9757;19.4065
450;450;40.999;14.6913
450;450;38.2742;-2.50605
450;450;17.0889;-0.341777
450;450;7.40143;21.6349
450;450;-0.967726;8.42491
450;450;-0.967726;8.42491
450;450;-0.967726;8.42491
450;450;40.2324;-3.19123
450;450;41.5365;24.1014
450;450;38.627;23.0736
450;450;7.06139;14.6353
450;450;14.7357;9.61517
450;450;25.6138;9.22099
450;450;43.309;10.3008
450;450;16.8115;-11.7965
450;450;15.3284;18.0065
450;450;15.3284;18.0065
450;450;-15.5494;10.5371
450;450;-15.5494;10.5371
450;450;31.7813;36.3947
450;450;34.1864;-7.2931
450;450;59.0397;23.821
450;450;29.0833;-1.65376
450;450;17.7334;6.55737
450;450;8.88312;29.6673
450;450;3.86968;8.0808
450;450;38.359;24.4724
450;450;38.359;24.4724
450;450;25.3966;0.398602
450;450;25.3966;0.398602
450;450;8.64769;-2.16192
450;450;17.2965;33.5688
450;450;17.2965;33.5688
450;450;26.3052;-5.18133
450;450;56.2704;30.6102
450;450;56.2704;30.6102
450;450;56.2704;30.6102
450;450;56.2704;30.6102
450;450;27.7348;33.4868
450;450;6.03387;3.92771
450;450;6.03387;3.92771
450;450;30.9633;14.7986
450;450;30.9633;14.7986
450;450;18.3961;-20.0478
450;450;18.3961;-20.0478
450;450;13.8319;29.5992
450;450;2.27736;9.67879
450;450;25.0645;33.7231
450;450;27.1851;-0.911868
450;450;27.1851;-0.911868
450;450;31.9305;-2.90796
450;450;51.9261;25.3645
450;450;17.4489;3.99157
450;450;17.4489;3.99157
450;450;17.4489;3.99157
450;450;8.0239;8.99132
450;450;35.2355;26.3555
450;450;35.5358;13.6676
450;450;31.5714;-17.2674
450;450;27.3569;6.83923
450;450;16.0111;24.444
450;450;1.36616;10.8154
450;450;1.36616;10.8154
450;450;36.5482;13.8337
450;450;47.4711;8.49123
450;450;47.4711;8.49123
450;450;25.0146;8.26223
450;450;25.0146;8.26223
450;450;15.9466;23.9768
450;450;16.4079;12.8757
450;450;16.4079;12.8757
450;450;40.7996;11.7384
450;450;38.3191;12.3739
450;450;15.281;-2.39479
450;450;20.1789;33.4605
450;450;18.8073;27.812
450;450;9.68798;3.02037
450;450;44.9067;29.9758
450;450;39.7258;6.21249
450;450;40.0095;10.2588
450;450;42.5307;27.1945
450;450;42.5307;27.1945
450;450;42.5307;27.1945
450;450;11.6248;3.07716
450;450;11.6248;3.07716
450;450;16.6838;9.05366
450;450;38.0428;19.2492
450;450;38.6184;8.2591
450;450;38.6184;8.2591
450;450;6.89098;35.4231
450;450;1.30932;15.7118
450;450;18.0435;20.6618
450;450;42.6598;17.3715
450;450;39.9259;-4.78428
450;450;56.0515;23.07
450;450;17.1453;4.84169
450;450;5.6379;5.80874
450;450;13.4861;31.8659
450;450;13.4271;8.13591
450;450;13.8827;8.02237
450;450;45.7692;16.5657
450;450;45.7692;16.5657
450;450;28.3366;-5.81555
450;450;28.3366;-5.81555
450;450;28.3366;-5.81555
450;450;4.44226;29.672
450;450;5.18297;12.3024
450;450;5.18297;12.3024
450;450;48.4108;20.5034
450;450;48.4108;20.5034
450;450;50.5389;11.3385
450;450;22.2556;17.9297
450;450;0.170694;15.4763
450;450;15.8685;26.2201
450;450;18.1453;13.026
450;450;40.4015;14.0552
450;450;49.8459;15.8187
450;450;38.0524;-5.52558
450;450;7.29102;1.65187
450;450;7.29102;1.65187
450;450;0.398412;15.1397
450;450;22.4797;23.561
450;450;39.8475;8.19721
450;450;39.8475;8.19721
450;450;51.4228;22.2092
450;450;11.6142;6.20562
450;450;11.6142;6.20562
450;450;11.6142;6.20562
450;450;19.3429;9.67145
450;450;19.3429;9.67145
450;450;43.9267;0.341399
450;450;13.433;-3.24442
450;450;13.433;-3.24442
450;450;13.433;-3.24442
450;450;15.4252;29.9397
450;450;15.4252;29.9397
450;450;38.056;-7.57702
450;450;61.318;27.5561
450;450;61.318;27.5561
450;450;12.4638;31.3019
450;450;4.49438;13.6538
450;450;30.1665;23.2794
450;450;30.1665;23.2794
450;450;30.1665;23.2794
450;450;41.5882;1.88001
450;450;22.4491;9.05939
450;450;22.4491;9.05939
450;450;3.24534;25.5642
450;450;6.94376;15.9365
450;450;6.94376;15.9365
450;450;44.9295;10.307
450;450;48.2644;10.3139
450;450;30.9819;17.0856
450;450;5.40566;13.884
450;450;5.40566;13.884
450;450;13.8915;17.3643
450;450;32.0071;13.1559
450;450;32.0071;13.1559
450;450;30.4182;-15.7787
450;450;30.4182;-15.7787
450;450;15.1478;31.0929
450;450;15.1478;31.0929
450;450;14.0583;19.7499
450;450;36.5632;4.72702
450;450;43.8003;2.62004
450;450;39.2599;22.1656
450;450;18.2351;4.67273
450;450;13.8937;23.289
450;450;12.8033;15.7054
450;450;12.8033;15.7054
450;450;38.969;22.1299
450;450;36.3159;2.27686
450;450;25.6886;1.87966
450;450;-0.797102;2.78986
450;450;11.3713;22.231
450;450;11.3713;22.231
450;450;11.3713;22.231
450;450;39.5267;23.3179
450;450;44.9039;-1.59355
450;450;37.6689;23.2159
450;450;3.41227;8.41692
450;450;12.9065;25.2444
450;450;18.1316;26.3732
450;450;20.4665;5.68514
450;450;46.8544;15.3528
450;450;21.8106;-11.5032
450;450;21.8106;-11.5032
450;450;21.8106;-11.5032
450;450;-0.910801;5.35096
450;450;18.4936;27.8258
450;450;36.8769;3.01617
450;450;36.8769;3.01617
450;450;26.9799;10.1886
450;450;11.2118;4.32535
450;450;11.2118;4.32535
450;450;14.3929;20.9921
450;450;18.4854;12.5132
450;450;40.252;17.1128
450;450;27.7199;-13.7746
450;450;26.7607;2.16363
450;450;15.0296;20.6088
450;450;15.0296;20.6088
450;450;2.16336;6.20542
450;450;26.9409;30.9279
450;450;28.1922;4.04373
450;450;41.012;18.7402
450;450;30.7001;13.385
450;450;18.4472;15.2588
450;450;22.9343;29.365
450;450;12.6278;9.7268
450;450;30.6034;2.95795
450;450;23.4398;-3.0722
450;450;29.0878;28.177
450;450;29.0878;28.177
450;450;3.75492;4.21006
450;450;23.7287;28.5086
450;450;23.7287;28.5086
450;450;37.3417;16.0524
450;450;37.3417;16.0524
450;450;23.97;1.53727
450;450;23.97;1.53727
450;450;21.7968;23.9594
450;450;15.4165;8.9313
450;450;33.5624;17.407
450;450;12.7051;-6.38106
450;450;17.8305;20.0522
450;450;8.99871;13.7828
450;450;4.27249;1.65203
450;450;34.7014;31.4535
450;450;33.7918;-2.9632
450;450;44.4522;24.3917
450;450;16.0681;4.21646
450;450;16.0681;4.21646
450;450;21.8085;28.4706
450;450;21.8085;28.4706
450;450;24.3055;14.5719
450;450;34.2314;-7.6323
450;450;32.7133;4.33137
450;450;8.48801;15.7797
450;450;0.740354;9.7385
450;450;0.740354;9.7385
450;450;31.2875;-0.28495
450;450;35.6289;19.0971
450;450;35.6289;19.0971
450;450;17.3293;-0.741057
450;450;25.5852;30.4288
450;450;7.12081;-1.87989
450;450;25.2322;11.2776
450;450;28.2944;19.641
450;450;-2.73292;3.0176
450;450;-6.37541;12.9785
450;450;10.647;20.6108
450;450;35.709;12.3016
450;450;37.6856;17.8181
450;450;37.6856;17.8181
450;450;27.424;19.7999
450;450;27.424;19.7999
450;450;27.424;19.7999
450;450;11.2587;11.543
450;450;11.2587;11.543
450;450;18.989;24.5606
450;450;18.989;24.5606
450;450;31.7411;18.8285
450;450;19.8675;-11.8977
450;450;16.5647;-1.82154
450;450;16.5647;-1.82154
450;450;-8.93441;2.16247
450;450;-8.93441;2.16247
450;450;37.2965;14.2353
450;450;42.3248;4.78503
450;450;42.3248;4.78503
450;450;10.4818;6.72205
450;450;10.4818;6.72205
450;450;12.2985;25.4511
450;450;5.46187;14.9632
450;450;8.59405;-3.92708
450;450;11.6678;7.85442
450;450;-18.8943;8.25205
450;450;-18.8943;8.25205
450;450;-33.3423;37.0975
450;450;6.20522;14.6307
450;450;58.6755;14.8683
450;450;65.895;0.912041
450;450;55.1582;0.114081
450;450;19.3275;22.4633
450;450;-18.0026;18.0595
450;450;-15.7208;24.7773
450;450;14.5292;21.2525
450;450;14.5292;21.2525
450;450;56.0495;12.8292
450;450;56.0495;12.8292
450;450;62.1663;-4.2775
450;450;62.1663;-4.2775
450;450;42.7709;-0.513251
450;450;24.3455;13.7977
450;450;24.3455;13.7977
450;450;24.3455;13.7977
450;450;10.3184;23.1452
450;450;0.740916;19.0928
450;450;31.5164;10.8284
450;450;47.3002;16.4126
450;450;24.0406;4.6714
450;450;27.1083;17.3129
450;450;19.9807;16.4513
450;450;2.61706;7.90808
450;450;-16.4498;4.0413
450;450;-16.4498;4.0413
450;450;34.374;20.8862
450;450;18.1016;14.117
450;450;18.1016;14.117
450;450;43.7337;6.54866
450;450;39.5554;18.2126
450;450;1.19482;12.1758
450;450;13.9352;19.2817
450;450;13.9352;19.2817
450;450;25.5359;16.3794
450;450;19.9706;-13.2568
450;450;20.0345;0.28458
450;450;8.47647;14.336
450;450;1.08086;15.5871
450;450;1.08086;15.5871
450;450;35.2188;16.3292
450;450;35.2188;16.3292
450;450;58.7727;12.643
450;450;22.0869;9.62034
450;450;22.0869;9.62034
450;450;7.11203;10.8672
450;450;6.8282;26.5162
450;450;10.6965;13.0861
450;450;10.6965;13.0861
450;450;38.9134;16.1001
450;450;38.9134;16.1001
450;450;42.6163;7.00777
450;450;-14.3601;-0.854768
450;450;-27.0548;11.7332
450;450;-17.4235;29.9502
450;450;1.02433;18.381
450;450;24.7468;23.4383
450;450;52.9269;-5.68434e-14
450;450;69.3917;9.96189
450;450;69.3917;9.96189
450;450;1.0242;8.64878
450;450;-4.54796;31.4947
450;450;-4.54796;31.4947
450;450;4.14897;13.5836
450;450;51.9506;14.7212
450;450;58.7386;0.682346
450;450;35.3794;8.36137
450;450;3.58288;22.9759
450;450;-7.8445;20.4639
450;450;5.91011;22.7312
450;450;37.6297;13.8127
450;450;45.7432;5.86013
450;450;53.9997;11.8355
450;450;44.1697;12.067
450;450;44.1697;12.067
450;450;12.0142;16.911
450;450;5.58289;20.6225
450;450;18.6856;15.9511
450;450;39.9905;12.8175
450;450;42.6895;8.43531
450;450;28.9665;1.48254
450;450;18.9758;29.1191
450;450;16.2981;25.7008
450;450;12.8081;16.679
450;450;12.8081;16.679
450;450;34.316;1.70727
450;450;43.7781;17.7048
450;450;25.674;8.19747
450;450;16.5104;17.0227
450;450;18.3769;26.7973
450;450;15.1903;8.93215
450;450;34.698;20.25
450;450;34.698;20.25
450;450;35.4399;8.5466
450;450;31.999;17.0244
450;450;16.2349;-5.12682
450;450;13.555;31.7803
450;450;15.8891;17.6546
450;450;28.2029;11.9649
450;450;46.3475;15.8482
450;450;39.2252;-0.513121
450;450;39.2252;-0.513121
450;450;22.9706;17.6697
450;450;5.64272;6.66867
450;450;5.64272;6.66867
450;450;24.9513;11.1085
450;450;37.427;12.3048
450;450;42.2095;9.79762
450;450;15.6722;0.22796
450;450;15.1588;32.7682
450;450;15.1588;32.7682
450;450;16.4058;19.1971
450;450;34.926;13.7311
450;450;34.926;13.7311
450;450;52.0483;23.3163
450;450;18.8091;4.1038
450;450;11.9064;22.3316
450;450;11.9064;22.3316
450;450;11.9064;22.3316
450;450;12.6891;6.7713
450;450;12.6891;6.7713
450;450;39.0259;18.0338
450;450;35.5793;3.30176
450;450;22.902;11.1661
450;450;14.064;17.0818
450;450;14.064;17.0818
450;450;17.9303;11.3274
450;450;30.2157;20.03
450;450;37.006;7.97052
450;450;34.9752;14.3546
450;450;29.9511;20.0433
450;450;12.8085;9.67757
450;450;12.8085;9.67757
450;450;20.1585;9.3959
450;450;20.1585;9.3959
450;450;38.107;12.7023
450;450;18.2385;-2.39381
450;450;19.7755;30.0337
450;450;3.19225;-0.513039
450;450;14.6483;14.0783
450;450;34.6598;15.4487
450;450;34.3845;-0.969382
450;450;43.1021;19.3275
450;450;21.72;4.9597
450;450;21.72;4.9597
450;450;19.8231;27.0004
450;450;13.7789;4.66889
450;450;34.5962;20.4277
450;450;30.3363;2.90272
450;450;30.1229;5.01099
450;450;21.7056;8.08976
450;450;20.5727;16.8685
450;450;19.944;21.0266
450;450;14.8122;11.2231
450;450;30.9868;17.4301
450;450;34.1337;12.8785
450;450;32.9673;10.3807
450;450;25.0218;16.1872
450;450;25.0218;16.1872
450;450;18.2845;19.7655
450;450;18.9704;14.6978
450;450;32.9131;17.2538
450;450;34.3269;17.3627
450;450;14.6936;-1.87942
450;450;16.1159;31.4915
450;450;7.62941;11.8427
450;450;7.62941;11.8427
450;450;19.5797;23.9055
450;450;31.8503;0.455819
450;450;41.3203;24.6212
450;450;10.0283;3.87458
450;450;8.54606;10.9959
450;450;19.0796;24.0345
450;450;17.8796;8.02872
450;450;36.424;19.9194
450;450;35.4208;9.62399
450;450;32.299;13.5576
450;450;27.4631;10.3129
450;450;17.8249;4.66978
450;450;29.9388;24.7593
450;450;22.0265;11.3832
450;450;24.2424;15.308
450;450;31.1959;14.1179
450;450;31.1959;14.1179
450;450;31.4776;21.9717
450;450;17.2385;9.27351
450;450;17.2385;9.27351
450;450;25.9275;23.4257
450;450;25.9275;23.4257
450;450;28.3299;15.1889
450;450;35.2132;21.1621
450;450;35.2132;21.1621
450;450;23.005;5.01099
450;450;23.3;12.7039
450;450;28.7763;13.22
450;450;23.9396;14.9337
450;450;22.5196;12.5996
450;450;22.5196;12.5996
450;450;31.4224;14.8272
450;450;22.9325;12.6642
450;450;21.8514;13.8639
450;450;25.3887;15.6326
450;450;23.623;14.4363
450;450;26.075;13.7507
450;450;26.075;13.7507
450;450;30.0128;10.7841
450;450;23.5518;4.27695
450;450;32.0833;20.2302
450;450;20.1732;6.15452
450;450;25.5153;23.0663
450;450;24.4363;17.3162
450;450;27.3474;10.6541
450;450;32.0519;19.8118
450;450;32.0519;19.8118
450;450;27.2171;16.3986
450;450;23.9116;12.7528
450;450;23.9116;12.7528
450;450;27.895;19.4696
450;450;25.6895;10.253
450;450;16.9132;7.28917
450;450;25.9017;21.4614
450;450;25.119;14.0689
450;450;20.7961;15.7822
450;450;20.7961;15.7822
450;450;20.7961;15.7822
450;450;32.4324;11.6278
450;450;31.8821;18.7876
450;450;22.3196;12.0138
450;450;22.2626;17.5368
450;450;24.1324;16.9041
450;450;24.1324;16.9041
450;450;27.3801;17.817
450;450;27.3801;17.817
450;450;20.0459;3.24606
450;450;19.9213;30.2234
450;450;11.554;5.29319
450;450;32.0865;24.8044
450;450;33.7342;22.9825
450;450;26.404;2.78836
450;450;26.404;2.78836
450;450;26.3513;13.5456
450;450;16.6727;15.6485
450;450;16.6727;15.6485
450;450;19.2763;9.49598
450;450;31.0379;21.033
450;450;31.0379;21.033
450;450;31.0379;21.033
450;450;24.9767;10.8668
450;450;17.1204;9.49868
450;450;27.2499;24.9743
450;450;27.2499;24.9743
450;450;31.2341;25.6017
450;450;28.3993;12.2931
450;450;30.615;14.5108
450;450;24.6891;18.2039
450;450;17.0651;10.9786
450;450;25.1979;23.6052
450;450;21.5075;10.3554
450;450;21.5075;10.3554
450;450;33.6268;20.5971
450;450;13.3829;-8.14363
450;450;11.7816;27.3197
450;450;11.7816;27.3197
450;450;11.7816;27.3197
450;450;35.8571;26.466
450;450;35.2958;-3.35879
450;450;46.4336;24.8405
450;450;30.9859;18.3979
450;450;30.9859;18.3979
450;450;30.9859;18.3979
450;450;15.1445;11.6715
450;450;15.1445;11.6715
450;450;38.0091;19.8012
450;450;34.1219;4.67111
450;450;34.1219;4.67111
450;450;34.1219;4.67111
450;450;-2.96104;3.87213
450;450;9.84959;29.4918
450;450;9.84959;29.4918
450;450;9.84959;29.4918
450;450;54.2925;25.8644
450;450;54.2925;25.8644
450;450;40.0703;13.7938
450;450;17.0975;20.46
450;450;17.0975;20.46
450;450;15.2636;32.122
450;450;19.6416;7.45813
450;450;45.7369;21.8717
450;450;47.7828;20.6167
450;450;29.4526;4.15869
450;450;17.1409;11.0477
450;450;-4.27127;5.18248
450;450;4.49736;32.5063
450;450;4.49736;32.5063
450;450;14.6904;4.38434
450;450;50.0926;25.7586
450;450;38.9291;-2.79286
450;450;38.9291;-2.79286
450;450;15.1598;23.9365
450;450;4.67244;19.6584
450;450;23.468;27.5122
450;450;27.6883;2.8486
450;450;39.9272;13.6128
450;450;39.5842;11.2203
450;450;21.8023;6.54638
450;450;5.86143;14.056
450;450;4.60685;20.418
450;450;14.5053;21.5589
450;450;27.4922;11.4978
450;450;45.4745;14.3424
450;450;41.4651;7.68926
450;450;29.5665;16.0081
450;450;11.5029;16.0015
450;450;7.00245;13.094
450;450;19.581;22.6547
450;450;26.3127;9.79607
450;450;26.3127;9.79607
450;450;39.5917;15.2101
450;450;23.8195;10.7131
450;450;23.8195;10.7131
450;450;13.567;12.2559
450;450;25.5323;19.1492
450;450;25.5323;19.1492
450;450;25.5323;19.1492
450;450;32.2614;15.3897
450;450;26.0022;13.4573
450;450;19.2687;18.8696
450;450;19.2687;18.8696
450;450;27.3526;17.1523
450;450;28.552;13.8486
450;450;30.2142;9.74837
450;450;17.6602;6.26651
450;450;16.803;14.5246
450;450;17.8249;19.3055
450;450;16.3432;15.2612
450;450;16.3432;15.2612
450;450;23.9624;20.2628
450;450;33.1503;9.05653
450;450;33.1503;9.05653
450;450;33.1503;9.05653
450;450;19.9826;12.4108
450;450;13.8875;11.6109
450;450;21.0007;22.2528
450;450;20.7888;12.0746
450;450;20.7888;12.0746
450;450;31.7944;3.41875
450;450;25.7448;11.5054
450;450;25.7448;11.5054
450;450;25.7448;11.5054
450;450;23.5565;25.3204
450;450;24.0686;25.7756
450;450;31.4366;5.97978
450;450;38.9355;23.6801
450;450;19.2964;6.54597
450;450;24.4747;25.67
450;450;16.8456;10.813
450;450;20.1508;12.1816
450;450;32.1596;13.7746
450;450;20.5643;-2.96216
450;450;21.1889;23.1824
450;450;16.5192;13.4432
450;450;13.6176;8.31869
450;450;13.6176;8.31869
450;450;26.895;4.95734
450;450;39.955;16.5862
450;450;39.955;16.5862
450;450;39.955;16.5862
450;450;25.7562;27.4657
450;450;16.9164;7.51839
450;450;16.9164;7.51839
450;450;16.9164;7.51839
450;450;29.9046;5.29738
450;450;29.744;10.4845
450;450;31.6724;14.2981
450;450;31.6724;14.2981
450;450;23.935;15.7857
450;450;21.8265;18.9201
450;450;21.8265;18.9201
450;450;24.9101;14.0226
450;450;24.9101;14.0226
450;450;29.5273;10.8305
450;450;29.5273;10.8305
450;450;27.819;15.9047
450;450;22.8682;13.3445
450;450;23.7198;17.1056
450;450;25.3814;13.2896
450;450;28.1156;14.8277
450;450;19.3263;0.684118
450;450;27.8716;23.7108
450;450;32.2481;23.9867
450;450;15.4394;5.18444
450;450;25.6797;27.3309
450;450;25.6797;27.3309
450;450;33.0155;11.3847
450;450;31.5824;20.0876
450;450;31.5824;20.0876
450;450;25.4928;21.3957
450;450;25.4928;21.3957
450;450;17.2997;7.17029
450;450;24.1339;15.7098
450;450;31.6523;14.2322
450;450;28.0195;7.51744
450;450;28.0195;7.51744
450;450;28.0195;7.51744
450;450;21.0823;6.38166
450;450;27.287;17.0899
450;450;23.821;11.6826
450;450;28.3285;17.3847
450;450;28.3518;9.52667
450;450;29.8379;13.0648
450;450;29.8379;13.0648
450;450;20.7037;11.8063
450;450;20.7037;11.8063
450;450;24.1829;13.1181
450;450;26.294;13.3466
450;450;29.3188;13.8038
450;450;19.3502;-3.59606
450;450;14.4363;3.59481
450;450;24.983;26.466
450;450;15.8527;7.12803
450;450;16.0803;9.4087
450;450;31.8433;22.2162
450;450;31.8433;22.2162
450;450;29.6301;7.29356
450;450;24.6509;18.5593
450;450;15.5955;10.7575
450;450;24.6969;21.9654
450;450;19.7499;7.74058
450;450;32.0407;19.1789
450;450;30.6296;13.3222
450;450;23.9844;13.4449
450;450;23.9844;13.4449
450;450;23.9844;13.4449
450;450;37.6229;25.1959
450;450;37.6229;25.1959
450;450;37.6229;25.1959
450;450;23.9297;20.2263
450;450;23.0736;15.5533
450;450;20.5577;15.6603
450;450;20.5577;15.6603
450;450;23.113;6.83144
450;450;23.113;6.83144
450;450;23.113;6.83144
450;450;20.4956;11.1587
450;450;26.0139;19.5247
450;450;29.3668;24.1878
450;450;18.5593;8.08413
450;450;18.5593;8.08413
450;450;18.5593;8.08413
450;450;29.3582;11.8573
