target.x;target.y;delta.x;delta.y
450;450;-0.968247;-0.227823
450;450;1.65104;1.48024
450;450;-1.59446;-0.284724
450;450;0.398513;0.0569305
450;450;0.398513;0.0569305
450;450;-0.0569377;-0.512439
450;450;0.0569449;-0.398614
450;450;-1.08209;-0.170856
450;450;0.227772;1.1958
450;450;0.227772;1.1958
450;450;-0.341658;-0.113886
450;450;-0.341658;-0.113886
450;450;2.33496;-0.455602
450;450;-0.569323;0.910916
450;450;-0.626196;-0.91083
450;450;-0.626196;-0.91083
450;450;0.512131;-0.17071
450;450;-1.25176;-5.68434e-14
450;450;-1.25176;-5.68434e-14
450;450;0.113836;-0.0569179
450;450;1.02436;0.227635
450;450;-2.39047;0.0569161
450;450;-2.39047;0.0569161
450;450;0.682993;0.455329
450;450;0.682993;0.455329
450;450;-0.341572;0.0569287
450;450;-1.48057;-0.740283
450;450;-1.48057;-0.740283
450;450;1.25283;0.626413
450;450;0.170808;0.626295
450;450;-1.13861;-1.13861
450;450;-1.19554;-0.797027
450;450;1.53693;0.910772
450;450;-0.341583;0.626235
450;450;-0.341583;0.626235
450;450;0.0569377;-0.683252
450;450;0.0569377;-0.683252
450;450;0.455473;-0.797077
450;450;-1.02478;0.683187
450;450;-1.02478;0.683187
450;450;0.284625;-5.68434e-14
450;450;0.682971;-0.284571
450;450;0.682971;-0.284571
450;450;0.682971;-0.284571
450;450;0.796598;0.227599
450;450;0.796598;0.227599
450;450;0.796598;0.227599
450;450;-0.910916;-1.36637
450;450;-0.910916;-1.36637
450;450;-0.910916;-1.36637
450;450;0.0569323;0.170797
450;450;0.0569323;0.170797
450;450;1.08182;-0.0569377
450;450;1.08182;-0.0569377
450;450;0.113897;-0.227794
450;450;0.113897;-0.227794
450;450;0.113897;-0.227794
450;450;0.39869;-0.284778
450;450;0.39869;-0.284778
450;450;0.39869;-0.284778
450;450;-1.30994;-0.0569539
450;450;-1.30994;-0.0569539
450;450;-0.170872;0.569575
450;450;0.341669;1.25279
450;450;0.341669;1.25279
450;450;0.341669;1.25279
450;450;1.65219;-1.13944
450;450;-0.398879;-0.341896
450;450;0.341951;0.0569918
450;450;0.341951;0.0569918
450;450;-0.0569881;0.569881
450;450;-0.0569881;0.569881
450;450;-0.0569881;0.569881
450;450;-2.1648;-0.455746
450;450;-0.227902;0.227902
450;450;1.19633;0.455746
450;450;-0.113922;-0.170883
450;450;-1.3672;0.284832
450;450;-0.227873;0.455746
450;450;1.48132;-0.854606
450;450;-2.16569;-0.227967
450;450;-0.341951;0.740893
450;450;2.39365;0.0569918
450;450;-0.28495;0.11398
450;450;-0.626969;-0.170991
450;450;0.741174;-1.36832
450;450;1.76719;-0.228025
450;450;-0.912128;0.912128
450;450;0.62683;0.740799
450;450;1.02575;-0.170959
450;450;-1.42448;0.512812
450;450;-0.398841;-5.68434e-14
450;450;0.284832;-0.113933
450;450;2.10736;-0.113911
450;450;2.10736;-0.113911
450;450;-1.19588;-1.08199
450;450;-1.19588;-1.08199
450;450;1.13861;0.740096
450;450;1.13861;0.740096
450;450;1.13861;0.740096
450;450;-1.93582;-0.284679
450;450;-1.93582;-0.284679
450;450;0.113865;0.0569323
450;450;1.93545;0.398475
450;450;1.93545;0.398475
450;450;1.93545;0.398475
450;450;-1.25235;-0.626176
450;450;-1.25235;-0.626176
450;450;-1.25235;-0.626176
450;450;0.740049;0.398488
450;450;-0.967573;1.30907
450;450;-1.76457;-0.0569215
450;450;-1.76457;-0.0569215
450;450;0.455141;0.455141
450;450;-2.10516;0.45517
450;450;-0.113811;-1.76406
450;450;0.910197;0.227549
450;450;0.910197;0.227549
450;450;0.0568855;0.853282
450;450;-0.511856;0.568729
450;450;-0.511856;0.568729
450;450;1.93435;-1.42232
450;450;1.93435;-1.42232
450;450;0.455156;0.398261
450;450;1.2516;0.341345
450;450;-0.398211;0.398211
450;450;-0.682604;0.568837
450;450;0.853444;-0.170689
450;450;0.1138;-0.1138
450;450;-0.113818;-0.853633
450;450;-0.113818;-0.853633
450;450;-0.113818;-0.853633
450;450;1.02433;0.910513
450;450;1.02433;0.910513
450;450;-0.796951;0.170775
450;450;-0.341604;-0.170802
450;450;-0.170786;0.284643
450;450;1.1385;-0.796951
450;450;1.1385;-0.796951
450;450;-0.398349;-5.68434e-14
450;450;-0.682906;0.398362
450;450;0.284607;0.739979
450;450;0.796875;0.455357
450;450;0.796875;0.455357
450;450;-1.13886;-1.1958
450;450;-1.13886;-1.1958
450;450;0.797127;0.341626
450;450;-0.455602;-0.227801
450;450;-0.569665;-0.569665
450;450;-0.569665;-0.569665
450;450;0.91132;1.02523
450;450;-0.512796;-0.626751
450;450;0.284995;-0.911984
450;450;0.170921;0.797632
450;450;-0.34181;0.911493
450;450;-0.34181;0.911493
450;450;-0.34181;0.911493
450;450;0.683598;-0.0569665
450;450;0.45592;-1.42475
450;450;0.45592;-1.42475
450;450;-0.569755;0.854633
450;450;-0.569755;0.854633
450;450;-0.227866;-0.0569665
450;450;-0.113908;0.341723
450;450;0.968185;-0.227808
450;450;0.341831;-1.25338
450;450;0.227909;-0.512796
450;450;-2.22233;0.227931
450;450;-2.22233;0.227931
450;450;0.740611;0.455761
450;450;0.34181;0.34181
450;450;0.34181;0.34181
450;450;0.683966;-1.70991
450;450;0.683966;-1.70991
450;450;0.570008;-0.342005
450;450;-0.740822;-0.341918
450;450;-0.740822;-0.341918
450;450;-0.113926;1.42407
450;450;-0.512553;0.284751
450;450;0.398665;-0.626473
450;450;0.398665;-0.626473
450;450;-0.113958;0.284896
450;450;0.0569918;-0.455934
450;450;-1.59607;-0.22801
450;450;-0.227974;1.7668
450;450;-0.227974;1.7668
450;450;0.171002;-0.285004
450;450;0.171002;-0.285004
450;450;-0.85512;0.171024
450;450;0.797885;0.96886
450;450;0.797885;0.96886
450;450;-0.227924;-0.569809
450;450;2.50668;-0.0569701
450;450;0.113929;-0.569647
450;450;-0.968645;-0.968645
450;450;0.569665;0.569665
450;450;0.569485;1.25287
450;450;0.569485;1.25287
450;450;-2.10703;0.17084
450;450;-0.398614;-0.512504
450;450;1.5942;1.08178
450;450;-5.68434e-14;-1.36676
450;450;-1.65229;-0.854633
450;450;2.10776;1.65203
450;450;-0.512698;0.113933
450;450;-0.740424;-0.341734
450;450;-0.0569305;0.0569305
450;450;1.25207;0.341475
450;450;0.284607;-0.227686
450;450;-2.10743;-1.76568
450;450;1.02507;0.284742
450;450;1.02507;0.284742
450;450;-0.0569557;-0.911291
450;450;0.455559;0.797228
450;450;0.227729;0.51239
450;450;-1.93594;-0.0569395
450;450;-1.13868;-0.0569341
450;450;0.398412;0.28458
450;450;1.70694;-5.68434e-14
450;450;-1.87746;0.113785
450;450;1.19478;-0.967206
450;450;1.19478;-1.59305
450;450;0.1138;-5.68434e-14
450;450;0.1138;-5.68434e-14
450;450;-1.65057;0.796825
450;450;0.341486;0.227657
450;450;0.341486;0.227657
450;450;-2.22015;-0.967757
450;450;-2.22015;-0.967757
450;450;2.04911;1.08147
450;450;-1.08171;0.170797
450;450;-1.08171;0.170797
450;450;0.113893;-0.626413
450;450;-0.113839;1.19531
450;450;-0.796926;-0.910772
450;450;-0.796926;-0.910772
450;450;-0.796926;-0.910772
450;450;-0.170759;-5.68434e-14
450;450;-0.626176;-5.68434e-14
450;450;-0.284562;1.30899
450;450;-0.170694;0.398287
450;450;-0.170694;0.398287
450;450;0.739371;0.170624
450;450;0.739371;0.170624
450;450;-0.284463;0.512034
450;450;1.0241;-0.227578
450;450;1.0241;-0.227578
450;450;1.19516;-1.13825
450;450;1.5933;-5.68434e-14
450;450;-0.683058;-0.227686
450;450;-1.19531;1.42299
450;450;-1.19531;1.42299
450;450;0.170759;0.0569197
450;450;0.170759;0.0569197
450;450;0.34155;-1.53698
450;450;0.740096;-0.0569305
450;450;-0.683252;-0.0569377
450;450;-0.854011;2.04963
450;450;0.170818;0.740213
450;450;0.170845;-1.08202
450;450;-0.227794;-0.74033
450;450;0.227751;-0.113875
450;450;1.36612;0.113843
450;450;0.0569161;1.30907
450;450;-1.19558;0.569323
450;450;-0.683166;0.113861
450;450;-0.569359;-0.170808
450;450;1.53722;-0.170802
450;450;-0.11389;-0.398614
450;450;-0.740213;0.0569395
450;450;-0.113883;0.398589
450;450;1.65114;-0.68323
450;450;0.284769;-0.683447
450;450;-1.42403;-0.683533
450;450;0.455775;0.512747
450;450;0.797682;-0.284887
450;450;-0.797859;0.51291
450;450;0.22796;-0.39893
450;450;0.22796;-0.39893
450;450;0.626751;-0.113955
450;450;-1.87948;1.59471
450;450;-0.170856;-0.227808
450;450;-0.170856;-0.227808
450;450;1.59476;-0.227823
450;450;1.59476;-0.227823
450;450;-0.854065;0.113875
450;450;-0.170791;0.113861
450;450;-0.170791;0.113861
450;450;0.683122;-0.853903
450;450;-0.284697;-0.113879
450;450;-5.68434e-14;1.13875
450;450;1.42331;0.0569323
450;450;1.42331;0.0569323
450;450;-0.170851;-0.569503
450;450;1.13901;0.455602
450;450;-0.569521;-0.227808
450;450;-0.284787;0.22783
450;450;0.284805;-0.170883
450;450;1.70954;-1.42461
450;450;0.227981;0.0569954
450;450;-5.68434e-14;0.85493
450;450;-1.76798;-1.14063
450;450;0.684248;-5.68434e-14
450;450;1.02627;0.11403
450;450;-0.11402;-0.285049
450;450;-0.11402;-0.285049
450;450;0.341961;1.31085
450;450;-1.25406;-0.0570026
450;450;-0.342005;-0.342005
450;450;0.341961;0.341961
450;450;-5.68434e-14;0.740682
450;450;0.227873;-0.626651
450;450;1.0253;-0.854416
450;450;0.626552;-0.0569593
450;450;-1.59552;0.284914
450;450;-0.455876;1.25366
450;450;-0.455876;1.25366
450;450;1.4816;-0.227938
450;450;-1.31069;0.512877
450;450;-1.31069;0.512877
450;450;1.93766;0.0569899
450;450;1.93766;0.0569899
450;450;-2.33666;-5.68434e-14
450;450;0.170975;-0.341951
450;450;1.19686;-1.02588
450;450;-0.740916;-5.68434e-14
450;450;-0.740987;-0.455992
450;450;0.113994;1.02595
450;450;0.285013;0.456021
450;450;-0.114027;-5.68434e-14
450;450;0.741386;-0.684356
450;450;0.741386;-0.684356
450;450;-0.855608;-0.456324
450;450;0.570514;0.39936
450;450;-1.54078;0.68479
450;450;-1.54078;0.68479
450;450;0.342373;-0.171187
450;450;1.198;-0.0570477
450;450;1.198;-0.0570477
450;450;0.342341;-0.912909
450;450;-2.05417;0.399423
450;450;-0.28523;1.14092
450;450;-0.28523;1.14092
450;450;0.342232;0.228155
450;450;0.114088;-0.0570441
450;450;1.71132;-0.228177
450;450;1.31185;-0.171111
450;450;-0.969474;-0.456223
450;450;0.570206;-0.513186
450;450;0.570206;-0.513186
450;450;1.1402;-0.456078
450;450;-1.3111;-0.0570044
450;450;0.968952;0.0569972
450;450;0.227945;1.88055
450;450;-0.456093;-1.59632
450;450;-0.456093;-1.59632
450;450;0.285203;0.114081
450;450;0.456367;-0.171138
450;450;0.456367;-0.171138
450;450;0.342352;1.02705
450;450;0.741738;-5.68434e-14
450;450;0.741738;-5.68434e-14
450;450;0.0570532;-1.08401
450;450;1.02686;-0.114095
450;450;-0.342286;0.0570477
450;450;-0.855852;-0.228227
450;450;-0.0570514;1.82564
450;450;-0.0570514;1.82564
450;450;-1.25453;-5.68434e-14
450;450;-1.25453;-5.68434e-14
450;450;-1.0836;-0.285157
450;450;-1.0836;-0.285157
450;450;-0.171078;-5.68434e-14
450;450;0.912215;-0.969228
450;450;0.912215;-0.969228
450;450;-1.53936;1.2543
450;450;0.855255;-0.057017
450;450;-5.68434e-14;-1.42583
450;450;-1.0838;-0.0570423
450;450;-1.0838;-0.0570423
450;450;1.93907;0.684378
450;450;0.570369;-0.969627
450;450;-0.627346;0.285157
450;450;-0.456237;0.456237
450;450;-0.456237;0.456237
450;450;-0.456237;0.456237
450;450;0.684009;-0.399005
450;450;1.88097;-0.170997
450;450;-0.456122;-0.456122
450;450;-0.85512;0.228032
450;450;-0.85512;0.228032
450;450;-0.85512;0.228032
450;450;-0.284941;-0.170964
450;450;-0.911926;0.0569954
450;450;-0.227981;-0.512958
450;450;1.53897;0.341994
450;450;-0.570405;0.171122
450;450;-0.228133;0.798466
450;450;-0.228133;0.798466
450;450;1.25509;-1.48329
450;450;1.25509;-1.48329
450;450;-0.627545;-0.399347
450;450;-0.627545;-0.399347
450;450;-0.171132;-0.0570441
450;450;-0.171132;-0.0570441
450;450;-0.113994;-0.683966
450;450;-0.513137;-0.0570152
450;450;1.93913;-0.399233
450;450;0.114092;1.14092
450;450;-2.16795;0.285257
450;450;-1.02696;0.285266
450;450;-5.68434e-14;0.114077
450;450;-5.68434e-14;-0.342221
450;450;0.627227;-0.570206
450;450;2.16678;-0.513186
450;450;2.16678;-0.513186
450;450;-0.627346;-0.114063
450;450;0.228068;0.741221
450;450;-0.399069;-0.342059
450;450;-0.399069;-0.342059
450;450;0.399119;0.456136
450;450;0.399119;0.456136
450;450;1.42529;-5.68434e-14
450;450;1.19713;-0.285031
450;450;-0.399284;-1.25489
450;450;0.228177;-0.228177
450;450;-0.0570477;-0.114095
450;450;-1.48338;1.02696
450;450;-1.48338;1.02696
450;450;0.855472;0.228126
450;450;-0.570315;-1.36876
450;450;-0.570315;-1.36876
450;450;-0.570315;-1.36876
450;450;1.70954;0.62683
450;450;-0.683988;-0.797986
450;450;0.227981;-5.68434e-14
450;450;0.39893;0.28495
450;450;0.341961;0.170981
450;450;-0.056999;-0.797986
450;450;-0.056999;-0.797986
450;450;-0.968553;0.740658
450;450;-0.284769;0.626493
450;450;-0.284769;0.626493
450;450;0.968277;0.45566
450;450;-1.59506;-0.398765
450;450;1.48136;-1.02556
450;450;0.569827;-0.398879
450;450;-1.19641;0.398803
450;450;0.740822;-0.968768
450;450;0.9684;1.42412
450;450;0.284851;0.911522
450;450;-0.96889;-1.02588
450;450;1.31085;0.341961
450;450;1.31085;0.341961
450;450;-0.741127;0.285049
450;450;0.741221;-0.513153
450;450;0.741221;-0.513153
450;450;-0.969013;-0.0570008
450;450;-0.74101;-0.114002
450;450;0.569773;1.02559
450;450;0.683598;1.70899
450;450;-0.284914;-0.797758
450;450;-0.284914;-0.797758
450;450;-0.284914;-0.797758
450;450;1.02575;-0.170959
450;450;1.02575;-0.170959
450;450;1.02575;-0.170959
450;450;1.02575;-0.170959
450;450;-0.569972;0.170991
450;450;0.854957;1.53892
450;450;-0.0569954;0.113991
450;450;-0.912012;0.285004
450;450;-0.912012;0.285004
450;450;-0.0569863;-0.683836
450;450;1.99465;-0.740869
450;450;-0.341983;-5.68434e-14
450;450;-1.4815;0.911695
450;450;-0.797556;1.19633
450;450;1.0252;-5.68434e-14
450;450;1.0252;-5.68434e-14
450;450;-2.16411;-0.455602
450;450;-2.16411;-0.455602
450;450;-2.16411;-0.455602
450;450;0.512504;0.341669
450;450;0.113904;-0.0569521
450;450;0.113904;-0.0569521
450;450;0.113904;-0.0569521
450;450;1.19679;0.569899
450;450;-0.171019;-1.25414
450;450;-0.171019;-1.25414
450;450;0.854903;0.0569936
450;450;0.113998;0.284995
450;450;0.113998;0.284995
450;450;-1.36772;-0.227953
450;450;-0.170883;0.398728
450;450;2.04943;-0.626215
450;450;0.853903;-1.65088
450;450;0.853903;-1.65088
450;450;0.113789;1.0241
450;450;0.113789;1.0241
450;450;-0.0569143;-0.113829
450;450;0.796901;-0.39845
450;450;-0.967695;0.0569233
450;450;-0.967695;0.0569233
450;450;1.13865;0.113865
450;450;0.113868;-0.170802
450;450;-0.967879;0.512407
450;450;2.16288;1.08144
450;450;2.16288;1.08144
450;450;-0.797077;-5.68434e-14
450;450;-0.797077;-5.68434e-14
450;450;-0.0569341;0.910945
450;450;-0.0569341;0.910945
450;450;-1.08216;-1.65171
450;450;1.99269;0.797077
450;450;1.99269;0.797077
450;450;-0.0569431;-1.25275
450;450;1.08199;-0.0569467
450;450;0.398702;-0.170872
450;450;-1.08264;0.968676
450;450;-0.797708;1.70937
450;450;0.341951;0.569918
450;450;0.626889;-0.39893
450;450;0.284941;-0.512893
450;450;0.113958;0.284896
450;450;0.0569737;1.0825
450;450;0.0569737;1.0825
450;450;-0.170954;0.341907
450;450;-1.13984;0.0569918
450;450;-0.22788;-0.0569701
450;450;1.59526;-0.911579
450;450;1.02575;-1.88055
450;450;-0.91181;0.170964
450;450;-1.36789;-0.626949
450;450;0.854633;0.398829
450;450;-0.911377;0.968339
450;450;1.65198;-0.227859
450;450;0.398765;-1.5381
450;450;0.398765;-1.5381
450;450;0.113922;-0.626572
450;450;0.227772;1.36663
450;450;-0.569413;0.569413
450;450;0.569431;-5.68434e-14
450;450;0.113897;-0.227794
450;450;0.284796;-0.79743
450;450;0.170872;0.626532
450;450;0.170878;0.683511
450;450;-0.968216;0.227816
450;450;-0.968216;0.227816
450;450;-0.74033;-0.284742
450;450;0.967971;-0.227758
450;450;0.569341;-0.227736
450;450;-2.27765;-0.227765
450;450;0.113886;-0.569431
450;450;-0.341604;-5.68434e-14
450;450;-1.59451;1.19588
450;450;-1.19599;0.227808
450;450;1.48052;0.0569431
450;450;0.626394;-0.455559
450;450;0.626394;-0.455559
450;450;-0.683641;-0.512731
450;450;0.911435;1.42412
450;450;-1.19641;-0.28486
450;450;-0.398816;-0.968553
450;450;0.170943;-0.284905
450;450;0.113958;0.398854
450;450;-0.170975;0.0569918
450;450;-0.170975;0.0569918
450;450;2.10963;-5.68434e-14
450;450;-0.798491;0.11407
450;450;-0.798491;0.11407
450;450;-0.570315;0.684378
450;450;0.399208;0.171089
450;450;0.399208;0.171089
450;450;0.0570333;-0.228133
450;450;0.0570333;-0.228133
450;450;-0.969658;-5.68434e-14
450;450;-1.02657;-0.0570315
450;450;-1.02657;-0.0570315
450;450;0.855635;-0.513381
450;450;0.741527;-0.798567
450;450;-0.171116;-0.513348
450;450;-0.171116;-0.513348
450;450;0.285076;0.171046
450;450;0.285076;0.171046
450;450;-0.683814;0.683814
450;450;-0.683814;0.683814
450;450;1.13987;-0.626929
450;450;-0.0569809;1.36754
450;450;-0.0569809;1.36754
450;450;-1.59597;-1.36798
450;450;-1.59597;-1.36798
450;450;0.170932;1.13955
450;450;-1.59552;-0.227931
450;450;-0.170954;-0.341907
450;450;0.911781;-0.341918
450;450;0.911781;-0.341918
450;450;0.911781;-0.341918
450;450;-1.19736;0.114034
450;450;-0.114045;0.45618
450;450;-0.171089;0.285148
450;450;0.171116;-0.0570387
450;450;0.171116;-0.0570387
450;450;0.570405;-0.513365
450;450;0.0570279;-0.228111
450;450;0.0570279;-0.228111
450;450;-0.513121;-0.0570134
450;450;1.76708;-0.171008
450;450;0.228018;-0.741057
450;450;-2.1661;1.31106
450;450;-5.68434e-14;0.570044
450;450;0.684226;-0.228075
450;450;-0.342113;0.855282
450;450;-0.513169;-0.285094
450;450;2.28126;-0.285157
450;450;2.28126;-0.285157
450;450;-1.48343;-0.68466
450;450;1.08384;0.285221
450;450;1.08384;0.285221
450;450;-2.16781;0.171143
450;450;-0.171073;0.570242
450;450;1.48244;-0.342102
450;450;-0.0570152;-1.36837
450;450;-0.0570152;-1.36837
450;450;-0.0570062;-0.912099
450;450;-0.0570062;-0.912099
450;450;-0.228061;-0.342091
450;450;0.854795;1.02575
450;450;0.512942;-1.19686
450;450;-1.59592;0.683966
450;450;1.59557;0.683814
450;450;1.59557;0.683814
450;450;0.0570116;0.0570116
450;450;0.684096;-0.057008
450;450;0.684096;-0.057008
450;450;-1.48249;-0.285094
450;450;0.798289;-0.513186
450;450;0.684139;0.34207
450;450;-1.36845;0.798264
450;450;-1.25445;0.513186
450;450;0.342189;-1.25469
450;450;-5.68434e-14;0.741386
450;450;-1.19755;0.741339
450;450;-1.19755;0.741339
450;450;-0.171094;-0.627346
450;450;-0.171094;-0.627346
450;450;-0.627684;0.114124
450;450;-1.54112;0.171235
450;450;-0.0570749;0.570749
450;450;1.19812;0.741691
450;450;-0.855798;0.342319
450;450;-0.513527;-0.285293
450;450;1.25541;-0.456512
450;450;-0.171208;-0.285347
450;450;-1.59805;-0.171219
450;450;0.114157;-5.68434e-14
450;450;0.114157;-5.68434e-14
450;450;-1.82622;0.399486
450;450;0.171214;-0.114143
450;450;-0.0570568;-0.0570568
450;450;0.342265;-0.114088
450;450;2.33866;-1.25489
450;450;2.33866;-1.25489
450;450;-0.0570315;-0.114063
450;450;-1.25445;1.71062
450;450;-1.25445;1.71062
450;450;0.342113;-0.456151
450;450;0.342113;-0.456151
450;450;-5.68434e-14;-0.627148
450;450;2.50788;0.968952
450;450;0.341961;-0.0569936
450;450;-2.22338;-0.399069
450;450;-0.285076;0.228061
450;450;-0.285076;0.228061
450;450;0.11403;0.342091
450;450;0.342124;-5.68434e-14
450;450;1.36854;-0.627247
450;450;-0.285103;1.02637
450;450;-0.171062;-1.14041
450;450;-0.0570152;0.798213
450;450;-0.0570152;0.798213
450;450;0.0570098;-1.25422
450;450;0.284914;1.36759
450;450;0.170948;0.512845
450;450;-0.0569845;-0.740799
450;450;-1.19668;1.02572
450;450;-1.19668;1.02572
450;450;0.170975;0.284959
450;450;0.968798;-1.13976
450;450;-1.19671;-0.0569863
450;450;-0.39898;-5.68434e-14
450;450;0.512991;0.227996
450;450;-1.13998;0.227996
450;450;-1.13998;0.227996
450;450;-0.114009;0.0570044
450;450;-0.114009;0.0570044
450;450;0.969812;0.51343
450;450;-0.970027;-0.970027
450;450;-0.970027;-0.970027
450;450;0.684595;0.798694
450;450;0.0570441;0.171132
450;450;-0.0570514;-5.68434e-14
450;450;1.99667;-0.456382
450;450;0.513446;-1.02689
450;450;0.399372;-0.570532
450;450;-0.855581;1.25485
450;450;-0.399309;-0.513397
450;450;-0.399309;-0.513397
450;450;-0.399309;-0.513397
450;450;-0.399258;0.513332
450;450;1.71122;0.114081
450;450;-2.22536;-1.25533
450;450;-0.627664;0.114121
450;450;0.171154;0.741668
450;450;0.171154;0.741668
450;450;0.171154;0.741668
450;450;-1.88275;-0.0570532
450;450;1.82541;-1.88246
450;450;1.0267;-0.627426
450;450;-0.399182;0.969443
450;450;-0.741503;-1.31189
450;450;-0.741503;-1.31189
450;450;0.342113;0.456151
450;450;-0.912677;-1.4831
450;450;0.684378;1.36876
450;450;-5.68434e-14;-0.399182
450;450;-1.25481;-1.31185
450;450;-0.684139;1.4823
450;450;-0.684139;1.4823
450;450;0.455992;0.740987
450;450;0.455992;0.740987
450;450;-1.02621;-0.684139
450;450;-1.02621;-0.684139
450;450;0.684313;-5.68434e-14
450;450;-0.39922;-0.171094
450;450;-0.39922;-0.171094
450;450;0.96932;0.96932
450;450;0.513267;-1.14059
450;450;0.855364;1.31156
450;450;-1.0266;0.855499
450;450;-0.285293;-0.456469
450;450;0.456483;1.02709
450;450;0.798947;-0.285338
450;450;-0.570586;0.285293
450;450;-0.513527;0.285293
450;450;0.969935;-1.82576
450;450;0.969935;-1.82576
450;450;0.969935;-1.82576
450;450;-0.399423;-0.684725
450;450;0.171203;-1.02722
450;450;1.08404;1.82576
450;450;-0.856042;-0.798972
450;450;1.71208;-0.0570694
450;450;1.71208;-0.0570694
450;450;-0.114186;-1.54151
450;450;-0.114186;-1.54151
450;450;-1.31318;0.171284
450;450;0.228256;-0.114128
450;450;0.228256;-0.114128
450;450;1.19796;0.114092
450;450;1.19796;0.114092
450;450;0.0570622;-0.114124
450;450;-1.19834;0.228256
450;450;-0.342341;-5.68434e-14
450;450;-5.68434e-14;1.71111
450;450;1.02702;-1.48348
450;450;1.36906;0.513397
450;450;-0.570387;0.342232
450;450;-0.399296;-0.0570423
450;450;0.285347;-1.3126
450;450;0.285347;-1.3126
450;450;1.36958;0.570658
450;450;-1.7117;0.0570568
450;450;-1.7117;0.0570568
450;450;-1.7117;0.0570568
450;450;1.99661;-1.42615
450;450;1.99661;-1.42615
450;450;-1.08332;-0.057017
450;450;0.741315;1.19751
450;450;0.456252;0.570315
450;450;-1.4261;-5.68434e-14
450;450;-5.68434e-14;-0.456411
450;450;0.741621;1.59734
450;450;0.0570586;-1.71176
450;450;-0.513625;-0.285347
450;450;-0.513625;-0.285347
450;450;1.36941;1.08411
450;450;-1.59759;0.17117
450;450;0.684725;-5.68434e-14
450;450;0.228198;-0.684595
450;450;-1.59698;-0.22814
450;450;-0.798188;1.99547
450;450;0.342037;-0.74108
450;450;1.19686;0.170981
450;450;-1.70943;0.740752
450;450;1.82385;-0.398968
450;450;0.114052;0.399182
450;450;0.114052;0.399182
450;450;-5.68434e-14;1.02676
450;450;-5.68434e-14;1.02676
450;450;-0.912648;-0.741527
450;450;-0.912648;-0.741527
450;450;-0.912648;-0.741527
450;450;0.456194;-5.68434e-14
450;450;-0.0570279;-0.741362
450;450;-1.82426;1.31118
450;450;-1.82426;1.31118
450;450;-1.82426;1.31118
450;450;-1.14027;-0.570134
450;450;-1.14027;-0.570134
450;450;1.76753;-0.456136
450;450;-5.68434e-14;1.4823
450;450;-5.68434e-14;1.4823
450;450;-0.114056;0.228111
450;450;-0.228119;-0.228119
450;450;0.114052;-1.0835
450;450;1.19747;0.570224
450;450;0.285121;0.513218
450;450;-1.19793;-0.342265
450;450;-0.0570441;1.48315
450;450;0.513413;0.513413
450;450;0.456411;-0.114103
450;450;-0.114103;-0.171154
450;450;-1.65438;-5.68434e-14
450;450;-1.65438;-5.68434e-14
450;450;0.171149;-0.0570496
450;450;-0.513658;0.171219
450;450;2.5109;-0.855987
450;450;0.684833;-1.48381
450;450;0.684833;-1.48381
450;450;0.285257;0.627565
450;450;0.285257;0.627565
450;450;0.285257;0.627565
450;450;-0.34233;1.42637
450;450;-0.627804;-1.54097
450;450;0.11411;0.79877
450;450;0.11411;0.79877
450;450;-0.5133;-0.1711
450;450;-0.912677;-0.969719
450;450;0.855689;-0.684551
450;450;0.456208;0.969443
450;450;-0.684204;1.48244
450;450;-0.456252;-0.741409
450;450;1.5397;-0.513235
450;450;-0.171062;0.456165
450;450;-0.798264;0.456151
450;450;-5.68434e-14;0.741127
450;450;0.798011;-0.171002
450;450;-1.19694;-0.39898
450;450;0.626989;-0.341994
450;450;0.626989;-0.341994
450;450;0.398879;0.797758
450;450;-1.2539;-5.68434e-14
450;450;0.741221;-0.114034
450;450;0.741221;-0.114034
450;450;-0.969566;-0.912533
450;450;-1.25489;-1.19785
450;450;1.02663;0.0570351
450;450;1.02663;0.0570351
450;450;-0.741292;0.513202
450;450;-0.741292;0.513202
450;450;1.31135;-0.171046
450;450;1.31135;-0.171046
450;450;-0.285175;0.570351
450;450;-0.285194;0.741503
450;450;0.171127;-0.228169
450;450;0.0570297;0.513267
450;450;-0.741362;-0.114056
450;450;0.399107;-0.0570152
450;450;1.1974;-0.171056
450;450;-0.399182;-0.513235
450;450;0.0570405;-0.456324
450;450;-0.342254;0.228169
450;450;-0.342254;0.228169
450;450;-0.342254;0.228169
450;450;0.11407;0.22814
450;450;0.456223;-0.228111
450;450;0.456223;-0.228111
450;450;0.456223;-0.228111
450;450;-0.513072;1.4252
450;450;-0.513072;1.4252
450;450;-0.513072;1.4252
450;450;0.0570026;0.0570026
450;450;0.0570026;0.0570026
450;450;1.02618;-1.36824
450;450;0.342026;-0.285022
450;450;0.342026;-0.285022
450;450;0.342026;-0.285022
450;450;-0.512877;0.455891
450;450;1.65245;1.13962
450;450;1.65245;1.13962
450;450;0.0569827;-0.569827
450;450;0.0569827;-0.569827
450;450;1.93796;-0.170997
450;450;1.93796;-0.170997
450;450;1.93796;-0.170997
450;450;1.93796;-0.170997
450;450;1.93796;-0.170997
450;450;0.114027;0.228054
450;450;0.114027;0.228054
450;450;0.114038;-0.0570188
450;450;0.285085;-0.171051
450;450;0.285085;-0.171051
450;450;-0.11402;1.59627
450;450;0.684269;-0.399157
450;450;-0.570423;-0.285212
450;450;-1.42565;0.456208
450;450;-1.42565;0.456208
450;450;-0.399208;-0.285148
450;450;0.85531;-0.228083
450;450;-0.513121;1.2543
450;450;0.399005;1.02601
450;450;-1.7104;-0.855201
450;450;1.82414;0.627048
450;450;0.627048;-1.08308
450;450;-0.798137;0.627108
450;450;2.84986;0.626969
450;450;1.02601;0.798011
450;450;-1.36824;-0.342059
450;450;-0.456194;-0.285121
450;450;1.31135;-0.285076
450;450;-1.08271;1.13969
450;450;-0.854795;-1.48164
450;450;-0.854795;-1.48164
450;450;0.797455;2.0506
450;450;-0.284932;-1.70959
450;450;-0.284932;-1.70959
450;450;-0.284932;-1.70959
450;450;0.62687;-0.0569881
450;450;0.62687;-0.0569881
450;450;0.455977;0.512974
450;450;1.02588;0.569936
450;450;0.228061;-0.513137
450;450;-2.05294;-0.28513
450;450;-2.05294;-0.28513
450;450;0.399031;1.76714
450;450;0.399031;1.76714
450;450;-0.285139;0.114056
450;450;-0.285139;0.114056
450;450;0.570224;1.0264
450;450;0.570224;1.0264
450;450;0.570224;1.0264
450;450;-5.68434e-14;0.513267
450;450;0.855228;0.11403
450;450;0.855228;0.11403
450;450;0.912186;-0.912186
450;450;0.342005;0.74101
450;450;0.342005;0.74101
450;450;-2.68099;-0.228169
450;450;0.114074;0.684443
450;450;-0.171122;0.285203
450;450;-0.0570568;-0.114114
450;450;-0.0570568;-0.114114
450;450;0.912764;0.285239
450;450;0.912764;0.285239
450;450;-1.36941;2.22529
450;450;-1.36941;2.22529
450;450;-1.36941;2.22529
450;450;-0.228177;1.48315
450;450;-0.171138;-1.19796
450;450;-0.513446;-0.513446
450;450;0.285239;-0.741621
450;450;-0.285148;1.82495
450;450;-0.399296;-1.4831
450;450;-0.39917;1.36858
450;450;-0.171067;0.45618
450;450;-0.171067;-0.114045
450;450;1.99541;-0.114023
450;450;-0.114023;-0.114023
450;450;-0.114023;-0.114023
450;450;-0.627247;-0.285112
450;450;1.36832;-0.855201
450;450;-0.741221;-5.68434e-14
450;450;-1.88168;0.285103
450;450;0.627167;0.171046
450;450;0.513072;0.798112
450;450;0.513072;0.798112
450;450;0.513072;0.798112
450;450;2.16658;0.228061
450;450;2.16658;0.228061
450;450;-0.912417;-0.228104
450;450;1.48277;1.02653
450;450;1.48277;1.02653
450;450;1.48277;1.02653
450;450;1.02673;0.171122
450;450;0.45644;-0.741715
450;450;0.45644;-0.741715
450;450;-0.285383;0.17123
450;450;1.36945;1.31239
450;450;-0.399435;-0.342373
450;450;-0.228292;-0.171219
450;450;0.741903;0.342417
450;450;1.02745;0.399562
450;450;0.399537;0.228307
450;450;-1.54166;0.0570984
450;450;-1.54166;0.0570984
450;450;1.42723;-0.627983
450;450;0.399549;-0.399549
450;450;-1.7123;-0.456613
450;450;0.399664;0.11419
450;450;1.37019;-0.114182
450;450;-1.36993;1.14161
450;450;0.456657;-0.913314
450;450;2.39752;-1.02751
450;450;0.342504;0.171252
450;450;-1.31318;-0.342569
450;450;-0.856259;0.456671
450;450;0.799074;0.913227
450;450;0.799074;0.913227
450;450;-0.456657;-5.68434e-14
450;450;0.171241;-0.0570803
450;450;0.628003;-1.19891
450;450;-1.88431;-0.342601
450;450;-0.171306;0.171306
450;450;0.799479;1.48475
450;450;0.228481;-1.65648
450;450;-0.342667;-5.68434e-14
450;450;-0.342667;-5.68434e-14
450;450;-0.342667;-5.68434e-14
450;450;-0.570875;-0.970488
450;450;-0.228249;0.456498
450;450;-0.855879;0.342352
450;450;2.225;-0.513462
450;450;-5.68434e-14;-1.36928
450;450;-0.171116;0.342232
450;450;-0.855364;-0.171073
450;450;1.99585;0.627267
450;450;-1.93968;0.741644
450;450;-1.93968;0.741644
450;450;0.799251;-1.14179
450;450;-0.513739;0.171246
450;450;-0.970642;-0.17129
450;450;1.02764;-0.456729
450;450;1.02764;-0.456729
450;450;1.88383;-0.742115
450;450;-0.91343;-0.513804
450;450;1.5982;0.799099
450;450;0.171241;0.684964
450;450;0.171241;0.684964
450;450;-0.114211;-0.970796
450;450;-0.114211;-0.970796
450;450;1.42832;1.14266
450;450;1.42832;1.14266
450;450;-5.68434e-14;0.114327
450;450;-5.68434e-14;0.114327
450;450;1.14248;0.228495
450;450;-2.11237;-0.913459
450;450;-5.68434e-14;1.42696
450;450;1.76921;-0.171214
450;450;-2.39737;-0.285402
450;450;0.97055;-0.685094
450;450;2.05502;0.28542
450;450;-0.171268;-5.68434e-14
450;450;-0.856503;-0.628102
450;450;0.342569;-0.171284
450;450;0.342569;-0.171284
450;450;0.342569;-0.171284
450;450;1.02705;-1.42646
450;450;1.02705;-1.42646
450;450;0.228227;0.912909
450;450;0.228227;0.912909
450;450;-1.1415;-0.799048
450;450;0.456469;-0.114117
450;450;-0.0570441;0.513397
450;450;-0.228242;-0.684725
450;450;-0.342406;-0.856015
450;450;1.14164;-0.171246
450;450;-1.0849;0.1142
450;450;-1.59916;-0.171339
450;450;0.513772;1.25589
450;450;1.08466;-0.4567
450;450;1.08466;-0.4567
450;450;0.628083;0.228394
450;450;0.228357;0.799251
450;450;0.228357;0.799251
450;450;0.628003;0.342547
450;450;-0.685072;-0.171268
450;450;-0.570785;-0.228314
450;450;-0.570785;-0.228314
450;450;-0.570785;-0.228314
450;450;1.02751;-0.799175
450;450;1.02751;-0.799175
450;450;0.171268;0.114179
450;450;-2.2267;-0.513853
450;450;-0.0570912;-0.0570912
450;450;-0.0570912;-0.0570912
450;450;-0.0570912;-0.0570912
450;450;-1.76983;-0.228365
450;450;-0.0570857;-1.5984
450;450;0.741973;-0.285374
450;450;-1.48404;-5.68434e-14
450;450;-1.48404;-5.68434e-14
450;450;0.34246;0.228307
450;450;-0.74202;1.19865
450;450;-0.74202;1.19865
450;450;-0.285474;-0.685137
450;450;-0.285474;-0.685137
450;450;0.171322;-5.68434e-14
450;450;0.399765;-0.0571093
450;450;-0.571183;-0.228473
450;450;-0.399943;-5.68434e-14
450;450;-0.171448;0.914387
450;450;0.114284;1.54283
450;450;1.48545;-0.514196
450;450;-1.99959;0.856965
450;450;-1.99959;0.856965
450;450;2.34185;0.628302
450;450;2.34185;0.628302
450;450;-0.114211;-0.114211
450;450;0.570857;-0.114171
450;450;0.85615;-1.42692
450;450;-0.0570767;-0.0570767
450;450;-0.913256;-0.570785
450;450;0.513576;0.399448
450;450;0.513576;0.399448
450;450;0.513576;0.399448
450;450;0.171165;0.057055
450;450;0.171165;0.057055
450;450;0.627645;1.25529
450;450;0.627645;1.25529
450;450;0.627645;1.25529
450;450;-0.513658;0.228292
450;450;-0.513658;0.228292
450;450;-0.228328;-0.114164
450;450;-0.114193;-0.570966
450;450;1.54259;-1.42832
450;450;-0.514245;-5.68434e-14
450;450;-1.2574;-0.342928
450;450;-0.114287;1.65717
450;450;0.400019;0.285728
450;450;0.457164;0.400019
450;450;0.685572;-5.68434e-14
450;450;-1.54244;-0.285637
450;450;0.514032;-0.0571147
450;450;0.514032;-0.0571147
450;450;-1.36993;0.456642
450;450;-0.171165;-0.285275
450;450;-0.171165;-0.285275
450;450;-0.171165;-0.285275
450;450;0.0570532;-0.0570532
450;450;-2.16878;-0.627804
450;450;0.0570785;-5.68434e-14
450;450;1.54058;1.59764
450;450;-0.970211;-0.684855
450;450;-0.456599;-1.3698
450;450;-0.456599;-1.3698
450;450;1.19838;-0.285329
450;450;1.19838;-0.285329
450;450;-0.228278;0.570694
450;450;-1.42723;0.171268
450;450;0.285365;0.171219
450;450;-0.456585;-0.513658
450;450;1.71197;0.0570658
450;450;1.71197;0.0570658
450;450;1.71197;0.0570658
450;450;-0.342384;0.114128
450;450;-0.342471;0.0570785
450;450;-0.342471;0.0570785
450;450;-0.342471;0.0570785
450;450;-0.856313;-0.114175
450;450;-0.856313;-0.114175
450;450;0.285456;-0.171274
450;450;0.285456;-0.171274
450;450;-0.627983;0.114179
450;450;1.02735;-0.2283
450;450;1.02735;-0.2283
450;450;-0.799352;-0.114193
450;450;-0.799352;-0.114193
450;450;0.742444;-1.59911
450;450;0.742444;-1.59911
450;450;0.742444;-1.59911
450;450;-0.799327;0.285474
450;450;2.34111;-1.48461
450;450;2.34111;-1.48461
450;450;-2.11123;0.0570604
450;450;-2.11123;0.0570604
450;450;1.93975;1.88269
450;450;0.0570676;-1.14135
450;450;-0.456382;0.684573
450;450;-0.28523;0.513413
450;450;1.42606;-5.68434e-14
450;450;-1.65459;-0.627605
450;450;0.285329;-0.285329
450;450;1.76854;1.08394
450;450;0.342341;-0.456454
450;450;-1.99768;-0.570767
450;450;1.08398;1.76859
450;450;-2.0545;-0.228278
450;450;-0.342362;0.741785
450;450;0.513576;-0.399448
450;450;0.513576;-0.399448
450;450;0.513576;-0.399448
450;450;0.684899;-1.25565
450;450;0.684899;-1.25565
450;450;0.570803;-0.114161
450;450;0.570803;-0.114161
450;450;-0.685224;0.57102
450;450;-0.685224;0.57102
450;450;0.513821;0.285456
450;450;-1.08466;-0.342525
450;450;1.998;0.627943
450;450;-5.68434e-14;-5.68434e-14
450;450;-1.99781;-0.627883
450;450;-0.513755;0.456671
450;450;0.456498;0.51356
450;450;1.08418;-0.114124
450;450;0.570604;-0.228242
450;450;0.570604;-0.228242
450;450;0.342449;-1.1415
450;450;-0.285347;-5.68434e-14
450;450;-0.285347;-5.68434e-14
450;450;-0.399322;-0.0570459
450;450;-0.399322;-0.0570459
450;450;-0.0570297;0.684356
450;450;2.1674;-1.48296
450;450;0.228184;0.456367
450;450;-1.1415;-1.1415
450;450;-5.68434e-14;-1.08456
450;450;0.798998;1.94042
450;450;-1.99806;-1.31301
450;450;0.684942;0.456628
450;450;0.684942;0.456628
450;450;-1.71246;0.285411
450;450;-0.799048;0.913198
450;450;-0.799048;0.913198
450;450;-5.68434e-14;-0.0570912
450;450;-1.48423;-0.228343
450;450;1.36993;0.456642
450;450;0.913053;0.399461
450;450;-0.11415;-1.94055
450;450;-0.28532;1.54073
450;450;-0.28532;1.54073
450;450;-0.684899;-5.68434e-14
450;450;0.741879;0.114135
450;450;0.741879;0.114135
450;450;0.570713;-1.54092
450;450;-0.570604;1.59769
450;450;-0.570604;1.59769
450;450;-5.68434e-14;-0.627784
450;450;0.342395;1.31251
450;450;0.17123;-0.399537
450;450;0.285411;-0.171246
450;450;-0.0570912;-0.171274
450;450;0.742326;0.228408
450;450;-2.11284;0.399727
450;450;-2.11284;0.399727
450;450;0.399575;-0.228328
450;450;1.19891;-1.71274
450;450;-1.42732;-0.456744
450;450;-0.685355;-0.114226
450;450;1.54122;0.456657
450;450;1.54122;0.456657
450;450;1.54122;0.456657
450;450;0.342449;0.2283
450;450;2.11157;0.171208
450;450;2.11157;0.171208
450;450;-0.856259;0.799175
450;450;-0.856259;0.799175
450;450;0.628063;0.799352
450;450;-0.742162;1.31306
450;450;-0.114197;-0.513886
450;450;2.16919;-0.742091
450;450;0.685029;-0.171257
450;450;-0.285465;-5.68434e-14
450;450;-1.5984;0.570857
450;450;-0.513658;1.31268
450;450;-0.513658;1.31268
450;450;-0.171203;0.171203
450;450;-0.171203;0.171203
450;450;1.42651;-0.0570604
450;450;-1.31281;-0.570785
450;450;1.25561;-0.684877
450;450;-0.285302;1.19827
450;450;-2.11184;-0.456613
450;450;1.19872;-1.14164
450;450;0.114135;0.399473
450;450;-0.741903;0.513625
450;450;-5.68434e-14;-0.399435
450;450;0.171225;0.11415
450;450;-0.171268;0.799251
450;450;-0.171268;0.799251
450;450;0.342634;-1.19922
450;450;0.399702;1.1991
450;450;-0.285628;-1.31389
450;450;-1.08549;-0.114262
450;450;0.34271;1.37084
450;450;-0.913893;0.114237
450;450;-0.171355;-0.171355
450;450;0.228473;-0.228473
450;450;0.971012;-1.2566
450;450;0.971012;-1.2566
450;450;-0.171328;1.14219
450;450;-1.14211;0.0571057
450;450;-0.22843;-0.0571075
450;450;-0.22843;-0.0571075
450;450;1.77022;-0.74235
450;450;-0.91372;0.0571075
450;450;-0.171333;0.285555
450;450;0.571111;-0.171333
450;450;0.456932;-0.0571165
450;450;-0.74268;-1.54249
450;450;-0.74268;-1.54249
450;450;0.628262;0.399803
450;450;-2.28473;-1.37084
450;450;-0.285565;0.628242
450;450;1.14222;0.742444
450;450;-0.456947;0.114237
450;450;-1.02826;-0.685507
450;450;2.68482;0.228495
450;450;2.68482;0.228495
450;450;-2.51313;0.0571165
450;450;0.514163;-1.02833
450;450;0.742515;1.31368
450;450;-1.54254;-0.57131
