target.x;target.y;delta.x;delta.y
450;450;-3.90486;5.0933
450;450;-3.50739;5.26109
450;450;-3.90265;5.37322
450;450;-4.30006;5.43165
450;450;-3.6778;5.26208
450;450;-3.95959;4.97776
450;450;-5.09026;5.20337
450;450;-3.78906;5.03322
450;450;-4.24188;5.14681
450;450;-5.3722;5.42875
450;450;-4.1848;5.42892
450;450;-4.52297;5.14487
450;450;-3.9002;4.74807
450;450;-4.6356;4.91826
450;450;-4.29709;5.1452
450;450;-3.7311;5.42705
450;450;-3.56139;5.0877
450;450;-5.0885;5.54081
450;450;-3.61917;5.3722
450;450;-4.69538;5.37423
450;450;-4.13019;5.48806
450;450;-4.52652;5.48841
450;450;-4.52439;5.37271
450;450;-4.41169;5.42978
450;450;-4.13058;5.60175
450;450;-3.6219;5.37626
450;450;-3.7906;5.71419
450;450;-4.75225;5.82716
450;450;-3.79072;5.71437
450;450;-5.09106;6.27897
450;450;-4.80913;6.05384
450;450;-4.07477;6.11215
450;450;-5.09426;6.22631
450;450;-3.96021;5.82716
450;450;-4.52666;5.82808
450;450;-4.30019;5.65815
450;450;-5.20468;5.48754
450;450;-4.35486;5.03354
450;450;-4.92197;5.0917
450;450;-5.20403;5.37372
450;450;-5.14843;5.77077
450;450;-4.80792;6.27857
450;450;-5.20239;6.38989
450;450;-5.25861;6.33295
450;450;-4.91842;6.10562
450;450;-5.14407;6.10505
450;450;-5.31215;6.21635
450;450;-5.19896;6.27266
450;450;-6.04833;5.93527
450;450;-5.53924;5.48272
450;450;-5.59559;5.53907
450;450;-5.59664;5.70971
450;450;-6.106;5.42756
450;450;-5.42807;5.54116
450;450;-5.99613;5.60016
450;450;-5.65602;5.20354
450;450;-5.20092;4.91826
450;450;-5.14504;4.91888
450;450;-4.24135;4.75031
450;450;-4.97792;5.09106
450;450;-4.58137;5.37322
450;450;-4.63735;5.82497
450;450;-5.03022;5.99105
450;450;-4.46531;5.76533
450;450;-3.90081;5.48375
450;450;-4.24028;5.42756
450;450;-4.01703;5.03544
450;450;-4.52723;4.697
450;450;-4.64085;4.92383
450;450;-4.5278;4.75419
450;450;-4.75494;4.4153
450;450;-4.5288;4.47219
450;450;-4.69907;4.69907
450;450;-5.09666;4.92677
450;450;-4.75718;4.98372
450;450;-4.35952;5.26539
450;450;-4.13331;5.4922
450;450;-4.9823;6.00141
450;450;-4.41308;6.167
450;450;-4.58382;6.05517
450;450;-5.2073;5.77331
450;450;-4.75658;5.26622
450;450;-3.68115;5.26688
450;450;-3.8513;5.66367
450;450;-3.39767;5.66278
450;450;-3.00052;5.71797
450;450;-3.96295;5.66135
450;450;-4.1894;5.4349
450;450;-4.18887;5.66064
450;450;-4.86938;5.94517
450;450;-4.52951;5.66189
450;450;-4.92398;5.60315
450;450;-4.75329;5.54551
450;450;-4.3006;5.09282
450;450;-4.92336;5.3195
450;450;-4.92306;5.71527
450;450;-4.98168;5.83083
450;450;-6.17088;6.00104
450;450;-4.47261;5.77476
450;450;-5.37896;5.71869
450;450;-4.92646;5.71923
450;450;-5.04003;5.71959
450;450;-4.07656;5.32217
450;450;-4.75569;5.37846
450;450;-4.19006;5.66224
450;450;-3.7372;6.11542
450;450;-4.13435;5.94667
450;450;-3.28451;5.9461
450;450;-4.13201;5.60368
450;450;-4.69937;5.49203
450;450;-3.79263;5.71725
450;450;-4.58555;5.71779
450;450;-4.58512;5.49082
450;450;-4.13253;5.37795
450;450;-4.92398;5.48996
450;450;-4.07515;5.09394
450;450;-3.90572;5.20763
450;450;-4.35842;5.66029
450;450;-4.01842;5.65975
450;450;-3.90535;5.49013
450;450;-4.46966;5.43148
450;450;-3.45125;5.71437
450;450;-4.18769;5.54586
450;450;-3.84791;5.20599
450;450;-3.79132;6.39431
450;450;-3.84609;5.88226
450;450;-3.62019;5.14746
450;450;-4.12876;5.65584
450;450;-3.67722;6.16642
450;450;-4.35637;6.44968
450;450;-4.41197;6.84421
450;450;-3.45115;6.50626
450;450;-4.46924;5.88355
450;450;-3.67849;5.20648
450;450;-4.47163;5.60368
450;450;-4.30155;5.99953
450;450;-3.45267;6.05632
450;450;-3.34009;5.94423
450;450;-4.18703;5.99764
450;450;-3.45039;6.10888
450;450;-3.61928;5.82478
450;450;-4.01438;5.88023
450;450;-3.61849;5.99312
450;450;-3.6178;5.76588
450;450;-4.46517;5.82167
450;450;-4.63633;5.65406
450;450;-4.40975;5.54046
450;450;-4.57936;5.82314
450;450;-3.67537;5.71096
450;450;-3.50673;5.37322
450;450;-4.24228;5.7695
450;450;-3.56385;5.77004
450;450;-3.33789;5.37457
450;450;-4.35705;5.60192
450;450;-3.79001;5.31732
450;450;-3.61917;5.2591
450;450;-4.74911;5.31449
450;450;-3.67468;5.20108
450;450;-4.0699;5.93527
450;450;-3.56184;6.5583
450;450;-3.05367;5.99425
450;450;-3.61871;5.5977
450;450;-3.44952;5.9377
450;450;-3.56251;5.99406
450;450;-3.67537;5.82405
450;450;-3.84452;5.65371
450;450;-4.12721;5.4841
450;450;-3.95722;5.48358
450;450;-3.78668;5.53872
450;450;-3.50387;5.6514
450;450;-3.44865;5.7666
450;450;-3.44898;5.7106
450;450;-4.0164;5.4872
450;450;-3.3382;5.54481
450;450;-3.67514;5.7106
450;450;-3.90155;5.71096
450;450;-3.39265;5.76751
450;450;-3.67618;6.05156
450;450;-3.73192;5.65442
450;450;-3.39191;5.70971
450;450;-3.2773;5.76352
450;450;-3.55938;5.7628
450;450;-3.78501;5.76226
450;450;-4.00998;5.2525
450;450;-4.34939;4.85776
450;450;-3.95511;5.14164
450;450;-3.61701;5.369
450;450;-4.18335;5.59664
450;450;-3.84525;5.71132
450;450;-3.67687;5.7133
450;450;-4.07259;5.71294
450;450;-4.18414;5.54116
450;450;-3.73051;5.31315
450;450;-3.78644;5.2558
450;450;-3.61769;5.37001
450;450;-3.16637;5.54116
450;450;-3.6178;5.59629
450;450;-2.99581;5.36984
450;450;-3.67376;5.42586
450;450;-4.29695;5.59735
450;450;-3.67641;5.37322
450;450;-4.46769;5.99462
450;450;-4.52353;6.10677
450;450;-4.07272;5.76968
450;450;-4.80792;5.7695
450;450;-4.07387;5.54499
450;450;-4.3029;5.60509
450;450;-3.9632;5.66171
450;450;-4.35705;5.77168
450;450;-4.69538;6.05308
450;450;-3.62167;5.60227
450;450;-4.18861;5.54708
450;450;-4.52652;5.65815
450;450;-3.84549;5.42892
450;450;-4.24108;5.37203
450;450;-4.40975;5.25778
450;450;-3.67433;5.25712
450;450;-4.24055;5.20174
450;450;-4.41072;5.37203
450;450;-3.61962;5.37288
450;450;-3.50629;5.48565
450;450;-4.35404;5.76769
450;450;-3.95722;5.65318
450;450;-3.33527;5.653
450;450;-4.35267;5.76588
450;450;-3.61871;5.76733
450;450;-3.50354;5.98992
450;450;-4.35062;5.87616
450;450;-4.06837;5.481
450;450;-4.01161;5.59366
450;450;-4.91425;5.30965
450;450;-4.23855;5.14277
450;450;-4.40851;5.2563
450;450;-4.97433;5.25696
450;450;-4.12643;5.25696
450;450;-4.57821;5.53907
450;450;-4.97401;5.65229
450;450;-4.57893;5.53994
450;450;-4.97714;5.93863
450;450;-4.92027;6.27759
450;450;-4.12734;6.04966
450;450;-3.84235;5.76352
450;450;-3.56016;5.82058
450;450;-2.99487;5.82021
450;450;-3.67295;5.7637
450;450;-4.0685;5.7637
450;450;-3.67376;5.53889
450;450;-4.29412;5.59366
450;450;-4.68978;5.76334
450;450;-3.84331;5.70845
450;450;-3.90057;5.76606
450;450;-4.74837;5.53976
450;450;-3.84175;5.42364
450;450;-3.78394;5.5912
450;450;-3.44616;5.31048
450;450;-3.163;5.42228
450;450;-4.06684;5.42245
450;450;-4.06671;4.91394
450;450;-4.51871;5.08355
450;450;-4.68801;5.19635
450;450;-4.29358;4.97152
450;450;-4.35021;5.25415
450;450;-4.23602;5.42211
450;450;-3.66915;5.41905
450;450;-4.23297;5.30532
450;450;-4.34735;5.36361
450;450;-3.78228;5.19358
450;450;-4.23576;5.42177
450;450;-4.12332;5.9308
450;450;-3.72957;5.8769
450;450;-4.35185;5.76479
450;450;-3.89934;5.42517
450;450;-4.18309;5.42671
450;450;-4.57864;5.37001
450;450;-4.18138;4.85944
450;450;-4.63211;4.97105
450;450;-4.23642;5.19668
450;450;-4.29345;5.81875
450;450;-3.95673;6.04814
450;450;-3.39148;5.48289
450;450;-3.73039;5.53907
450;450;-3.33443;5.82112
450;450;-3.05166;5.82076
450;450;-3.55848;5.64839
450;450;-3.67099;5.30882
450;450;-4.0662;5.47807
450;450;-4.06582;5.42109
450;450;-4.18033;5.36664
450;450;-3.89849;5.31098
450;450;-3.89898;4.9161
450;450;-3.72875;5.36715
450;450;-4.01061;5.70523
450;450;-4.01098;5.70576
450;450;-4.06977;5.48289
450;450;-3.78656;5.59506
450;450;-4.18243;5.70845
450;450;-4.29412;5.76316
450;450;-4.68684;5.87266
450;450;-4.34912;5.9871
450;450;-4.68904;5.87543
450;450;-4.40837;5.76479
450;450;-3.7291;5.93267
450;450;-4.4074;5.87653
450;450;-3.78691;5.70863
450;450;-4.46615;5.82295
450;450;-4.0135;6.10505
450;450;-4.12747;5.88023
450;450;-3.61951;5.71204
450;450;-4.46755;5.88133
450;450;-4.46882;5.65673
450;450;-4.75031;5.20272
450;450;-4.74911;5.08834
450;450;-4.35322;5.31432
450;450;-4.9144;5.47928
450;450;-4.85578;5.30748
450;450;-4.12177;5.08163
450;450;-4.85609;5.19488
450;450;-4.46349;4.97198
450;450;-4.12552;5.02975
450;450;-4.69272;5.20157
450;450;-3.95859;5.20272
450;450;-4.07105;5.42807
450;450;-4.74911;5.71024
450;450;-4.07054;5.82314
450;450;-4.01338;5.65264
450;450;-4.63488;5.36967
450;450;-4.23935;5.42637
450;450;-3.95623;5.76479
450;450;-4.57821;5.76515
450;450;-3.78727;5.42654
450;450;-3.95511;5.48065
450;450;-4.29372;5.59313
450;450;-4.07016;5.70953
450;450;-4.23988;5.93583
450;450;-4.24001;5.70989
450;450;-4.01565;5.48616
450;450;-4.35472;5.54237
450;450;-4.86173;5.31398
450;450;-4.63517;5.48306
450;450;-4.46713;5.59805
450;450;-5.37541;5.432
450;450;-4.5831;5.31866
450;450;-5.1473;5.88263
450;450;-4.86387;6.27778
450;450;-4.80822;6.16583
450;450;-5.08962;6.10754
450;450;-4.92089;5.939
450;450;-4.63939;5.77095
450;450;-4.35527;5.54307
450;450;-5.14617;5.59858
450;450;-4.74777;5.59559
450;450;-5.08514;5.42415
450;450;-4.80263;5.42415
450;450;-4.51814;5.47825
450;450;-4.57562;5.42296
450;450;-3.90008;5.08706
450;450;-4.63458;5.65193
450;450;-4.01413;5.99293
450;450;-4.41017;5.88023
450;450;-5.03148;5.99255
450;450;-4.29628;5.82259
450;450;-5.19945;6.04719
450;450;-4.23842;6.15983
450;450;-4.40795;5.93378
450;450;-4.57692;6.04605
450;450;-4.01287;5.82149
450;450;-4.12539;5.70773
450;450;-4.18204;5.6514
450;450;-3.78584;5.70702
450;450;-3.8438;5.37001
450;450;-4.12798;4.9762
450;450;-3.90216;5.14633
450;450;-4.01577;5.03386
450;450;-4.63633;5.08866
450;450;-3.33621;5.03259
450;450;-3.90437;5.319
450;450;-4.92398;5.54656
450;450;-3.16777;5.37389
450;450;-3.84561;5.65531
450;450;-4.07169;5.76823
450;450;-2.88375;5.54133
450;450;-4.35431;5.54185
450;450;-4.2983;5.37288
450;450;-4.12798;5.20239
450;450;-4.24135;5.03306
450;450;-3.84549;4.91996
450;450;-3.61792;5.20076
450;450;-3.78941;5.42961
450;450;-3.11071;5.42961
450;450;-3.22373;5.42944
450;450;-3.8473;5.43148
450;450;-3.62201;5.26324
450;450;-4.02057;5.37964
450;450;-3.8496;5.32151
450;450;-3.50971;4.92491
450;450;-4.18927;5.26489
450;450;-4.07669;5.4922
450;450;-3.7372;5.32268
450;450;-4.30303;5.32217
450;450;-3.79215;5.32033
450;450;-3.45136;5.31849
450;450;-3.9612;5.26274
450;450;-3.22606;5.32017
450;450;-3.28266;5.60315
450;450;-3.79072;5.60122
450;450;-4.07297;5.71347
450;450;-3.90412;5.88448
450;450;-4.24468;5.60298
450;450;-4.35924;5.54813
450;450;-4.4698;5.54481
450;450;-4.69449;5.31666
450;450;-4.80777;5.26026
450;450;-4.24175;5.25977
450;450;-4.5251;5.26043
450;450;-4.63939;5.14859
450;450;-4.64027;5.20615
450;450;-4.92367;5.54621
450;450;-4.4705;5.14956
450;450;-4.41419;5.0367
450;450;-4.3006;5.48892
450;450;-3.96158;5.82918
450;450;-4.01741;5.60175
450;450;-4.24335;5.26175
450;450;-4.35582;5.14778
450;450;-4.29979;5.03528
450;450;-3.84609;5.42978
450;450;-4.46952;5.54446
450;450;-4.58238;5.43097
450;450;-4.63852;5.43046
450;450;-4.97745;5.31682
450;450;-5.20435;5.20435
450;450;-5.54534;5.60192
450;450;-5.54551;6.39431
450;450;-5.1494;6.73383
450;450;-5.48858;6.67683
450;450;-4.97823;6.90164
450;450;-4.92012;7.06913
450;450;-4.52524;7.18382
450;450;-4.52353;6.84185
450;450;-4.57993;6.27621
450;450;-4.46531;6.16099
450;450;-4.40754;6.38528
450;450;-4.69051;6.32937
450;450;-4.91672;6.78168
450;450;-4.91826;6.84034
450;450;-4.46405;6.61131
450;450;-4.80444;6.55665
450;450;-5.31398;6.78381
450;450;-4.91749;6.72622
450;450;-4.74911;6.16254
450;450;-5.14358;6.10447
450;450;-4.58094;6.05137
450;450;-4.92058;5.65584
450;450;-4.46839;5.99557
450;450;-4.58051;5.65495
450;450;-5.82405;5.54133
450;450;-5.03069;5.59594
450;450;-4.86158;5.76606
450;450;-4.69272;5.76696
450;450;-4.97386;5.87819
450;450;-4.86051;5.53872
450;450;-5.0869;5.42603
450;450;-4.12643;5.7657
450;450;-4.91811;5.25729
450;450;-5.03275;5.31549
450;450;-5.0917;5.94031
450;450;-5.14552;6.10677
450;450;-5.03322;5.59875
450;450;-5.2019;5.42807
450;450;-5.5977;5.88041
450;450;-5.25712;5.65282
450;450;-4.74762;5.76497
450;450;-4.80384;5.369
450;450;-4.80233;5.53681
450;450;-4.29331;5.64909
450;450;-4.74807;5.31332
450;450;-4.97495;5.37068
450;450;-4.46657;5.20157
450;450;-5.03354;5.25977
450;450;-4.35582;5.43063
450;450;-4.41225;5.48703
450;450;-4.52496;5.59963
450;450;-4.41211;5.82625
450;450;-3.90179;5.37203
450;450;-4.24015;5.14471
450;450;-4.01426;5.37119
450;450;-3.11032;5.37237
450;450;-3.90265;5.14698
450;450;-3.90327;5.03465
450;450;-3.62076;5.20484
450;450;-4.29965;4.97855
450;450;-5.03528;5.26158
450;450;-4.46938;5.43114
450;450;-4.63881;5.4308
450;450;-4.75135;5.54325
450;450;-4.1285;5.59893
450;450;-4.01514;5.93789
450;450;-4.18466;5.9377
450;450;-4.30074;5.88522
450;450;-4.47106;6.05574
450;450;-4.58411;5.99896
450;450;-4.18782;5.82899
450;450;-4.58166;5.7695
450;450;-5.14649;5.76859
450;450;-5.31799;5.82716
450;450;-5.48685;5.82625
450;450;-5.8257;5.8257
450;450;-4.74971;5.93714
450;450;-5.0318;5.87986
450;450;-5.08738;5.31348
450;450;-4.40726;5.42432
450;450;-5.19896;5.9336
450;450;-5.31348;5.9918
450;450;-4.46447;5.93378
450;450;-5.53455;5.76045
450;450;-5.42194;5.81729
