target.x;target.y;delta.x;delta.y
450;450;-23.8214;32.4473
450;450;-3.42743;31.6466
450;450;1.43068;36.3966
450;450;1.43068;36.3966
450;450;4.73496;11.1814
450;450;2.68414;-17.0757
450;450;9.55483;-37.4755
450;450;9.55483;-37.4755
450;450;11.3303;-50.0135
450;450;9.51425;3.20963
450;450;9.51425;3.20963
450;450;9.67111;15.6798
450;450;7.83366;17.8974
450;450;12.588;17.2227
450;450;15.1176;-22.1038
450;450;15.1176;-22.1038
450;450;17.7568;-34.5972
450;450;0.458124;-15.6335
450;450;0.458124;-15.6335
450;450;-17.8566;41.4365
450;450;-20.4165;80.8654
450;450;-22.2233;105.632
450;450;-10.4424;66.5345
450;450;-10.4424;66.5345
450;450;5.42469;7.19486
450;450;15.3126;-19.6549
450;450;24.2064;-21.5168
450;450;36.193;-23.0215
450;450;17.0847;-11.9822
450;450;17.0847;-11.9822
450;450;17.0847;-11.9822
450;450;-28.461;-4.9821
450;450;-37.3801;-1.48834
450;450;-37.3801;-1.48834
450;450;-285.392;-2.37732
450;450;-262.038;-1.58983
450;450;-262.038;-1.58983
450;450;-262.038;-1.58983
450;450;32.0172;20.8511
450;450;32.0172;20.8511
450;450;32.0172;20.8511
450;450;257.655;-0.573458
450;450;243.557;1.09141
450;450;243.557;1.09141
450;450;73.7095;-2.64068
450;450;2.06294;-6.41803
450;450;-58.1227;-11.636
450;450;-58.1227;-11.636
450;450;-58.1227;-11.636
450;450;-113.944;-3.52345
450;450;-74.4293;17.3118
450;450;-74.4293;17.3118
450;450;-10.6521;6.83555
450;450;-10.6521;6.83555
450;450;-10.6521;6.83555
450;450;45.255;8.971
450;450;45.255;8.971
450;450;49.1448;10.5965
450;450;49.1448;10.5965
450;450;37.7825;6.0773
450;450;37.7825;6.0773
450;450;2.06373;-6.59246
450;450;2.06373;-6.59246
450;450;-48.6339;-17.0133
450;450;-48.6339;-17.0133
450;450;-48.6339;-17.0133
450;450;-74.103;-32.9918
450;450;-74.103;-32.9918
450;450;22.3766;12.4187
450;450;22.3766;12.4187
450;450;22.3766;12.4187
450;450;38.3766;-0.745733
450;450;38.3766;-0.745733
450;450;23.0015;-22.4853
450;450;23.0015;-22.4853
450;450;5.78713;-32.259
450;450;5.78713;-32.259
450;450;5.78713;-32.259
450;450;-21.0305;28.3654
450;450;-21.0305;28.3654
450;450;-21.0305;28.3654
450;450;6.75153;14.533
450;450;6.75153;14.533
450;450;37.6388;-8.98069
450;450;37.6388;-8.98069
450;450;52.2613;-30.2656
450;450;24.6367;-32.4469
450;450;19.2329;-42.3124
450;450;19.2329;-42.3124
450;450;-6.70113;-30.3556
450;450;-22.8439;-0.400769
450;450;-22.8439;-0.400769
450;450;-28.6962;7.54561
450;450;-28.6962;7.54561
450;450;-7.98668;22.762
450;450;-7.98668;22.762
450;450;-7.98668;22.762
450;450;25.673;-6.11807
450;450;25.673;-6.11807
450;450;25.673;-6.11807
450;450;-9.71135;-40.2164
450;450;-9.71135;-40.2164
450;450;-24.3409;-39.8254
450;450;-20.4757;-53.1338
450;450;-20.4757;-53.1338
450;450;-20.4757;-53.1338
450;450;46.3701;25.4435
450;450;46.3701;25.4435
450;450;46.3701;25.4435
450;450;11.9979;30.109
450;450;11.9979;30.109
450;450;-21.7167;17.4876
450;450;-21.7167;17.4876
450;450;-41.5571;24.0894
450;450;-14.2809;9.08268
450;450;4.34596;-9.0922
450;450;13.1539;-12.1245
450;450;13.1539;-12.1245
450;450;13.1539;-12.1245
450;450;10.26;4.52815
450;450;10.26;4.52815
450;450;-6.18822;25.3259
450;450;-17.8056;28.8554
450;450;-14.1784;27.099
450;450;1.6579;8.86122
450;450;1.6579;8.86122
450;450;-11.7238;-10.0081
450;450;-11.7238;-10.0081
450;450;-11.7238;-10.0081
450;450;22.6048;-14.593
450;450;22.6048;-14.593
450;450;59.1907;13.2679
450;450;61.5986;28.6545
450;450;53.6604;37.6424
450;450;53.727;30.9303
450;450;53.727;30.9303
450;450;45.4356;37.3098
450;450;26.0508;13.9701
450;450;26.0508;13.9701
450;450;-8.98983;-18.9531
450;450;-60.7677;-55.1029
450;450;-60.7677;-55.1029
450;450;-75.2124;-52.4778
450;450;-75.2124;-52.4778
450;450;-29.1551;-15.576
450;450;-26.4743;-13.6366
450;450;-26.4743;-13.6366
450;450;40.1582;49.5971
450;450;56.2669;62.9
450;450;56.2669;62.9
450;450;43.1539;5.38707
450;450;41.8305;4.41225
450;450;41.8305;4.41225
450;450;5.55759;2.06261
450;450;5.55759;2.06261
450;450;-34.7028;-2.68703
450;450;-54.9587;-11.0375
450;450;-54.9587;-11.0375
450;450;-19.3287;12.8095
450;450;10.2414;14.7614
450;450;46.2677;9.34528
450;450;46.2677;9.34528
450;450;46.2677;9.34528
450;450;44.6169;13.5168
450;450;-81.1462;17.9562
450;450;-183.078;17.9042
450;450;-156.087;-3.85821
450;450;-156.087;-3.85821
450;450;-75.0768;-14.0627
450;450;-75.0768;-14.0627
450;450;64.8628;-22.3999
450;450;68.0611;-22.402
450;450;68.0611;-22.402
450;450;88.6303;-22.889
450;450;88.6303;-22.889
450;450;17.6614;-9.28943
450;450;17.6614;-9.28943
450;450;-69.9407;12.5916
450;450;-128.679;20.6501
450;450;-146.402;19.902
450;450;-86.9357;12.3305
450;450;-11.1218;16.2287
450;450;41.881;5.80415
450;450;92.369;-7.35077
450;450;79.5507;-3.36934
450;450;79.5507;-3.36934
450;450;41.8358;0.343386
450;450;18.7795;-0.629801
450;450;-6.64006;-0.400693
450;450;-6.64006;-0.400693
450;450;-28.9248;5.94502
450;450;-32.1331;-5.03152
450;450;-4.46373;-12.7617
450;450;12.604;-12.2603
450;450;11.9792;-8.02432
450;450;11.9792;-8.02432
450;450;11.9792;-8.02432
450;450;-34.5829;4.00795
450;450;-53.7629;5.71946
450;450;-65.3652;5.53749
450;450;-27.9318;-6.16898
450;450;-27.9318;-6.16898
450;450;29.2129;-6.41537
450;450;29.9097;-2.17734
450;450;13.6791;2.28938
450;450;2.4037;4.57848
450;450;-17.396;3.83399
450;450;-17.396;3.83399
450;450;-25.6321;1.54479
450;450;7.44405;2.17595
450;450;23.1638;5.94824
450;450;37.111;7.94828
450;450;25.4411;4.57368
450;450;25.4411;4.57368
450;450;-10.4613;-0.800317
450;450;-10.4613;-0.800317
450;450;-21.4596;-27.0677
450;450;-21.4596;-27.0677
450;450;8.9844;8.9844
450;450;23.2432;29.8841
450;450;31.0666;30.7227
450;450;31.0666;30.7227
450;450;11.0727;13.7691
450;450;10.1544;13.1376
450;450;10.1544;13.1376
450;450;-3.27591;-2.98855
450;450;-3.27591;-2.98855
450;450;-23.6974;-38.788
450;450;-25.0633;-35.0428
450;450;-30.4323;-29.0023
450;450;-3.49042;-17.681
450;450;-3.49042;-17.681
450;450;-3.49042;-17.681
450;450;33.1318;6.79773
450;450;31.9985;33.7127
450;450;18.1071;53.3502
450;450;-12.5481;32.8533
450;450;-12.5481;32.8533
450;450;-19.0023;13.353
450;450;13.9208;-43.8822
450;450;13.9208;-43.8822
450;450;27.6566;-48.8428
450;450;35.7042;-35.2464
450;450;26.2518;-29.1178
450;450;3.09539;-15.305
450;450;3.09539;-15.305
450;450;3.09539;-15.305
450;450;-3.09303;-4.92593
450;450;-5.90304;33.527
450;450;-5.90304;33.527
450;450;-13.404;61.9218
450;450;-12.7849;45.005
450;450;-13.6947;-9.45453
450;450;-13.6947;-9.45453
450;450;-13.6947;-9.45453
450;450;4.36412;-41.172
450;450;4.36412;-41.172
450;450;9.99058;-46.5079
450;450;17.7091;15.0155
450;450;21.7741;25.4413
450;450;-0.229011;17.5194
450;450;-0.229011;17.5194
450;450;-0.229011;17.5194
450;450;-18.3723;-29.1324
450;450;-18.3723;-29.1324
450;450;-11.0291;-111.148
450;450;15.1964;-103.69
450;450;15.1964;-103.69
450;450;29.1887;-22.7214
450;450;29.1887;-22.7214
450;450;29.1887;-22.7214
450;450;21.6885;2.80405
450;450;21.6885;2.80405
450;450;-5.61685;17.0798
450;450;-26.4129;10.0839
450;450;-45.7508;10.0205
450;450;107.218;-174.287
450;450;107.218;-174.287
450;450;215.038;-283.152
450;450;215.038;-283.152
450;450;215.038;-283.152
450;450;-30.0033;56.692
450;450;-30.0033;56.692
450;450;-57.236;91.3268
450;450;-42.3227;65.4234
450;450;-11.02;-1.99844
450;450;10.6193;-61.1466
450;450;25.7547;-66.0141
450;450;25.7547;-66.0141
450;450;44.3773;-65.4795
450;450;44.7045;-33.6571
450;450;34.9509;-2.06267
450;450;34.9509;-2.06267
450;450;-28.3055;52.3881
450;450;-38.8992;53.6147
450;450;-22.8682;14.1429
450;450;-22.8682;14.1429
450;450;-5.4216;-12.5553
450;450;8.1643;-23.9791
450;450;8.1643;-23.9791
450;450;27.2619;-38.9782
450;450;29.1433;-22.8575
450;450;39.4956;-12.2494
450;450;16.4138;4.4037
450;450;16.4138;4.4037
450;450;-16.5904;11.2883
450;450;-17.2175;11.8584
450;450;-17.2175;11.8584
450;450;-14.7084;12.133
450;450;-14.7084;12.133
450;450;35.2576;1.3759
450;450;59.1647;-8.3621
450;450;73.2733;-17.4844
450;450;52.1889;-21.6926
450;450;52.1889;-21.6926
450;450;52.1889;-21.6926
450;450;-6.65869;-0.746232
450;450;-6.65869;-0.746232
450;450;-53.8014;20.8559
450;450;-53.8014;20.8559
450;450;-82.0584;24.8575
450;450;-77.1041;23.8384
450;450;-77.1041;23.8384
450;450;295.144;-12.2381
450;450;333.561;-28.3784
450;450;180.094;-3.7794
450;450;52.9134;0.572655
450;450;5.88711;9.71659
450;450;-114.255;9.29319
450;450;-114.255;9.29319
450;450;-171.204;-1.36417
450;450;-171.204;-1.36417
450;450;-29.698;-2.61706
450;450;-29.698;-2.61706
450;450;-29.698;-2.61706
450;450;78.8939;3.1466
450;450;78.8939;3.1466
450;450;111.279;3.04165
450;450;72.0975;-3.21454
450;450;39.3718;5.45237
450;450;-1.37669;4.24481
450;450;-1.37669;4.24481
450;450;-39.5308;-0.916657
450;450;-39.415;-1.31765
450;450;-39.415;-1.31765
450;450;-10.4144;-1.14444
450;450;-10.4144;-1.14444
450;450;34.0945;9.72493
450;450;59.3089;15.728
450;450;73.5862;20.8447
450;450;73.5862;20.8447
450;450;73.5862;20.8447
450;450;2.52201;-37.8302
450;450;-32.9812;-36.4801
450;450;-34.4868;-9.35333
450;450;-34.4868;-9.35333
450;450;-29.744;16.5308
450;450;-9.82872;22.5718
450;450;8.44842;23.6327
450;450;8.44842;23.6327
450;450;3.59321;14.8862
450;450;17.9642;-10.9845
450;450;15.8429;-57.8809
450;450;15.8429;-57.8809
450;450;15.8429;-57.8809
450;450;-6.69964;-46.6684
450;450;-6.69964;-46.6684
450;450;-28.3185;-37.8152
450;450;-31.2183;3.03035
450;450;-31.0862;22.1146
450;450;-9.78836;21.0078
450;450;-9.78836;21.0078
450;450;-9.78836;21.0078
450;450;16.9316;-12.1678
450;450;16.9316;-12.1678
450;450;18.6178;-44.339
450;450;-0.573257;-46.2045
450;450;-8.12189;-34.661
450;450;-2.74726;-7.03985
450;450;-2.74726;-7.03985
450;450;-2.74726;-7.03985
450;450;-13.3141;-2.4571
450;450;-13.3141;-2.4571
450;450;-31.6105;10.67
450;450;2.16706;11.0064
450;450;15.6276;7.92788
450;450;17.4627;-24.1396
450;450;17.4627;-24.1396
450;450;11.4779;-50.7653
450;450;-120.085;-43.6001
450;450;-120.085;-43.6001
450;450;-250.251;-20.2722
450;450;-224.238;23.3475
450;450;-224.238;23.3475
450;450;-224.238;23.3475
450;450;30.6023;26.4576
450;450;30.6023;26.4576
450;450;30.6023;26.4576
450;450;54.7864;2.05235
450;450;54.7864;2.05235
450;450;34.7425;-40.6378
450;450;0.400413;-39.3549
450;450;-25.0297;-40.5162
450;450;-25.0297;-40.5162
450;450;-25.0297;-40.5162
450;450;17.5781;58.3063
450;450;17.5781;58.3063
450;450;17.5781;58.3063
450;450;23.8285;37.2321
450;450;11.6227;4.98115
450;450;11.0466;-18.8308
450;450;-2.74525;-21.7904
450;450;-2.74525;-21.7904
450;450;-2.74525;-21.7904
450;450;-3.1441;10.9758
450;450;-3.1441;10.9758
450;450;2.68277;95.21
450;450;-0.114229;78.5327
450;450;-9.23851;76.1892
450;450;-16.5799;70.1369
450;450;-16.5799;70.1369
450;450;-10.0949;57.1474
450;450;4.62424;14.3294
450;450;4.62424;14.3294
450;450;14.6822;-58.3861
450;450;31.0893;-110.017
450;450;37.5449;-128.274
450;450;36.2939;-111.873
450;450;36.2939;-111.873
450;450;37.7937;-83.1118
450;450;13.365;-7.9731
450;450;13.365;-7.9731
450;450;-32.7413;109.538
450;450;-45.9676;164.618
450;450;-45.9676;164.618
450;450;-35.2667;77.3703
450;450;-26.5037;6.26969
450;450;-9.57401;-37.5552
450;450;-9.57401;-37.5552
450;450;14.3076;-64.8119
450;450;21.6279;-25.2802
450;450;-86.2524;198.352
450;450;-200.148;394.969
450;450;-176.177;348.682
450;450;-143.562;249.781
450;450;-143.562;249.781
450;450;-143.562;249.781
450;450;50.2101;-69.4781
450;450;108.867;-157.132
450;450;108.867;-157.132
450;450;108.867;-157.132
450;450;108.867;-157.132
450;450;48.7035;-81.5541
450;450;48.7035;-81.5541
450;450;48.7035;-81.5541
450;450;-58.0322;26.2744
450;450;-58.0322;26.2744
450;450;-147.304;109.429
450;450;-147.304;109.429
450;450;-187.348;131.211
450;450;-117.081;64.6273
450;450;-27.9;22.32
450;450;37.029;-20.4337
450;450;101.533;-50.7098
450;450;90.5892;-39.5298
450;450;90.5892;-39.5298
450;450;55.1023;-9.11724
450;450;55.1023;-9.11724
450;450;55.1023;-9.11724
450;450;-39.3184;0.741856
450;450;-39.3184;0.741856
450;450;-100.702;4.67851
450;450;-135.991;11.7341
450;450;-135.991;11.7341
450;450;-60.5271;3.74745
450;450;-4.21792;5.98489
450;450;40.2336;12.2525
450;450;55.3609;20.1468
450;450;31.4303;9.18381
450;450;31.4303;9.18381
450;450;31.4303;9.18381
450;450;20.5203;4.27506
450;450;-4.74142;-8.68309
450;450;-9.2016;-6.80118
450;450;-5.88805;-2.05796
450;450;-5.88805;-2.05796
450;450;-10.5518;-3.65036
450;450;-10.624;-12.1091
450;450;5.3142;-8.68557
450;450;17.9329;-8.68089
450;450;26.8251;-10.0666
450;450;26.8251;-10.0666
450;450;26.8251;-10.0666
450;450;11.1;33.4144
450;450;10.4696;33.64
450;450;10.4696;33.64
450;450;-20.9931;9.2095
450;450;-26.1652;2.17091
450;450;3.9448;-4.00197
450;450;3.9448;-4.00197
450;450;26.378;-16.9532
450;450;26.318;-17.5262
450;450;-93.2331;142.481
450;450;-205.729;333.193
450;450;-177.202;289.817
450;450;-177.202;289.817
450;450;-143.923;221.455
450;450;17.6545;-18.5599
450;450;17.6545;-18.5599
450;450;170.981;-246.056
450;450;170.981;-246.056
450;450;209.672;-288.034
450;450;209.672;-288.034
450;450;151.616;-153.397
450;450;61.4923;-18.8148
450;450;-48.3497;149.336
450;450;-118.342;203.58
450;450;-118.342;203.58
450;450;-118.342;203.58
450;450;-149.421;245.433
450;450;-91.6842;152.638
450;450;-45.26;67.129
450;450;12.472;-2.25737
450;450;61.7967;-73.3977
450;450;54.6236;-84.2585
450;450;54.6236;-84.2585
450;450;54.6236;-84.2585
450;450;-32.0437;5.63469
450;450;-63.8002;84.3479
450;450;-63.8002;84.3479
450;450;-38.121;76.5257
450;450;-38.121;76.5257
450;450;3.80592;40.3313
450;450;3.80592;40.3313
450;450;65.1514;-77.8276
450;450;71.2469;-111.07
450;450;31.8614;-86.5464
450;450;31.8614;-86.5464
450;450;-35.5716;-24.5913
450;450;-35.5716;-24.5913
450;450;-39.0279;3.88565
450;450;-39.0279;3.88565
450;450;-8.6471;21.99
450;450;5.26843;19.5275
450;450;-4.17573;-12.6416
450;450;-4.17573;-12.6416
450;450;-7.9455;-29.7242
450;450;-8.29295;-17.7298
450;450;-8.29295;-17.7298
450;450;-4.18398;-24.8173
450;450;-5.78566;-22.3979
450;450;-15.3389;-29.3613
450;450;-21.8836;-15.5655
450;450;-21.8836;-15.5655
450;450;-21.2658;6.07595
450;450;-1.94511;20.3664
450;450;46.777;19.123
450;450;66.2924;20.38
450;450;42.202;9.04738
450;450;42.202;9.04738
450;450;9.10319;11.7941
450;450;9.10319;11.7941
450;450;-2.86191;13.3937
450;450;-2.86191;13.3937
450;450;-13.8464;-63.6818
450;450;-16.1186;-87.7379
450;450;-16.1186;-87.7379
450;450;6.93023;-47.0225
450;450;25.3719;-24.7991
450;450;37.2305;-19.447
450;450;-92.3869;-11.1689
450;450;-92.3869;-11.1689
450;450;-167.917;0.854687
450;450;-165.224;1.53829
450;450;-165.224;1.53829
450;450;11.7166;18.0299
450;450;11.7166;18.0299
450;450;100.53;25.3886
450;450;181.326;27.0449
450;450;181.326;27.0449
450;450;125.907;-66.1884
450;450;125.907;-66.1884
450;450;26.1687;-97.6888
450;450;-67.4982;-63.7324
450;450;-67.4982;-63.7324
450;450;-93.3928;1.13617
450;450;-90.9472;3.18116
450;450;-90.9472;3.18116
450;450;-49.3174;41.8175
450;450;1.70576;43.3262
450;450;47.1426;41.1002
450;450;48.3998;11.9147
450;450;48.3998;11.9147
450;450;48.3998;11.9147
450;450;34.2623;-23.3555
450;450;34.2623;-23.3555
450;450;8.1687;-37.7588
450;450;8.1687;-37.7588
450;450;-38.952;-36.8928
450;450;-41.675;-15.1493
450;450;-53.5712;7.24552
450;450;-27.7682;27.6541
450;450;-27.7682;27.6541
450;450;-27.7682;27.6541
450;450;25.3493;24.9496
450;450;25.3493;24.9496
450;450;64.9323;17.506
450;450;61.7932;-8.54099
450;450;46.2766;-27.4104
450;450;-113.437;-37.4506
450;450;-113.437;-37.4506
450;450;-204.401;-42.7684
450;450;-163.128;-27.6796
450;450;-163.128;-27.6796
450;450;62.9921;-13.0878
450;450;161.396;-5.52802
450;450;161.396;-5.52802
450;450;161.396;-5.52802
450;450;161.396;-5.52802
450;450;247.357;1.77914
450;450;247.357;1.77914
450;450;91.5288;2.69878
450;450;91.5288;2.69878
450;450;11.2391;-1.4909
450;450;7.68336;-1.31879
450;450;-31.7021;-7.10862
450;450;-31.7021;-7.10862
450;450;-46.8602;-7.55256
450;450;-25.4194;-14.0265
450;450;9.11044;-11.9181
450;450;9.11044;-11.9181
450;450;9.11044;-11.9181
450;450;39.7073;36.4366
450;450;37.8785;225.268
450;450;30.3807;430.962
450;450;8.67333;366.717
450;450;-0.679469;270.882
450;450;-0.679469;270.882
450;450;-0.679469;270.882
450;450;17.4139;-76.2215
450;450;17.8831;-78.5602
450;450;17.8831;-78.5602
450;450;16.6591;-450
450;450;13.0011;-450
450;450;13.0011;-450
450;450;5.58752;-450
450;450;9.98975;-170.847
450;450;9.98975;-170.847
450;450;3.46815;-37.8085
450;450;-7.44442;395.175
450;450;-13.8909;442.935
450;450;-13.1135;450
450;450;0.729938;214.321
450;450;0.729938;214.321
450;450;2.94168;-43.6727
450;450;14.6164;-149.563
450;450;18.4053;-151.957
450;450;18.4053;-151.957
450;450;7.59048;-58.9546
450;450;7.59048;-58.9546
450;450;7.59048;-58.9546
450;450;3.54291;93.2586
450;450;1.94153;129.454
450;450;-0.742326;150.635
450;450;9.98589;-148.533
450;450;21.7015;-348.132
450;450;14.8429;-266.319
450;450;14.8429;-266.319
450;450;8.49177;-202.777
450;450;-12.7702;90.5316
450;450;-12.7702;90.5316
450;450;-12.7702;90.5316
450;450;-21.9046;374.586
450;450;-21.9046;374.586
450;450;-21.9046;374.586
450;450;319.809;-104.556
450;450;319.809;-104.556
450;450;300.325;-324.824
450;450;300.325;-324.824
450;450;300.325;-324.824
450;450;37.128;-304.858
450;450;37.128;-304.858
450;450;37.128;-304.858
450;450;37.128;-304.858
450;450;-181.14;-186.514
450;450;-202.58;31.3745
450;450;-202.58;31.3745
450;450;-202.58;31.3745
450;450;-65.856;74.4753
450;450;-65.856;74.4753
450;450;-65.856;74.4753
450;450;-10.8976;75.4883
450;450;38.3856;48.4511
450;450;71.0395;32.6998
450;450;55.6592;-0.399195
450;450;55.6592;-0.399195
450;450;38.6071;-33.5813
450;450;38.6071;-33.5813
450;450;38.6071;-33.5813
450;450;-3.83325;-18.022
450;450;-3.83325;-18.022
450;450;-52.2129;11.4502
450;450;-52.2129;11.4502
450;450;-64.7443;46.3848
450;450;-64.448;46.4918
450;450;243.247;31.6106
450;450;317.278;8.24545
450;450;317.278;8.24545
450;450;343.597;9.57461
450;450;114.132;-12.7576
450;450;114.132;-12.7576
450;450;29.2008;-16.5471
450;450;-39.0738;0.858137
450;450;-39.0738;0.858137
450;450;-119.506;19.946
450;450;-102.097;22.158
450;450;-94.5768;18.2905
450;450;-94.5768;18.2905
450;450;-52.5995;8.69085
450;450;-52.5995;8.69085
450;450;52.346;-13.3006
450;450;52.346;-13.3006
450;450;111.103;-8.1643
450;450;99.4424;-0.800571
450;450;82.2202;9.79085
450;450;30.4973;14.7623
450;450;-35.2947;3.37502
450;450;-67.4474;-9.55362
450;450;-67.4474;-9.55362
450;450;-67.4474;-9.55362
450;450;-40.6021;-9.53664
450;450;20.7601;-21.0453
450;450;55.872;-4.28905
450;450;60.7401;8.5953
450;450;60.7401;8.5953
450;450;42.69;-3.32352
450;450;42.69;-3.32352
450;450;38.2227;5.16524
450;450;23.4664;9.86851
450;450;23.4664;9.86851
450;450;-8.09014;13.3114
450;450;-46.2561;-1.83647
450;450;-52.0859;-2.57851
450;450;-50.5622;-3.89381
450;450;-50.5622;-3.89381
450;450;-11.4495;3.54933
450;450;11.7342;8.29981
450;450;33.5897;9.51516
450;450;45.8145;9.3581
450;450;32.0797;10.8657
450;450;32.0797;10.8657
450;450;31.7006;3.22183
450;450;9.93697;-13.9577
450;450;-15.7143;-5.50572
450;450;-42.0942;-2.23357
450;450;-31.5252;8.98269
450;450;-19.8658;9.41915
450;450;-19.8658;9.41915
450;450;13.4786;-1.88473
450;450;13.4786;-1.88473
450;450;68.1946;-20.2694
450;450;42.7337;-21.3096
450;450;37.3583;-24.7334
450;450;11.3119;-18.9489
450;450;11.3119;-18.9489
450;450;11.3119;-18.9489
450;450;-0.114455;2.57523
450;450;-12.1341;14.5953
450;450;-12.1341;14.5953
450;450;1.65806;29.159
450;450;1.65806;29.159
450;450;1.65806;29.159
450;450;7.48916;8.06085
450;450;7.48916;8.06085
450;450;2.50899;-23.5503
450;450;3.08058;-33.1447
450;450;10.957;-38.6348
450;450;12.2222;-9.13807
450;450;12.2222;-9.13807
450;450;9.56;13.3954
450;450;8.58737;13.3963
450;450;-13.6652;-33.9628
450;450;-12.0976;-71.4442
450;450;-12.2812;-38.9572
450;450;-12.2812;-38.9572
450;450;-10.9751;-10.5749
450;450;-2.34371;26.524
450;450;1.60292;43.737
450;450;1.60292;43.737
450;450;39.1797;38.2045
450;450;36.4146;20.0137
450;450;5.15964;-20.7532
450;450;5.15964;-20.7532
450;450;-5.3415;-13.3825
450;450;-5.45654;-12.8085
450;450;-5.45654;-12.8085
450;450;-4.69428;-3.60658
450;450;-5.09485;0.457964
450;450;-5.09485;0.457964
450;450;-7.10477;5.15669
450;450;-7.09416;2.86055
450;450;-7.09416;2.86055
450;450;-4.62438;6.05166
450;450;-4.62438;6.05166
450;450;-13.4893;6.00162
450;450;-9.25376;3.59868
450;450;-10.5847;8.75383
450;450;-10.1344;6.75626
450;450;-10.1344;6.75626
450;450;-6.69666;12.0196
450;450;16.5429;10.8187
450;450;16.5429;10.8187
450;450;39.1124;-26.0558
450;450;39.1124;-26.0558
450;450;5.49312;-58.3072
450;450;-10.4124;-35.9285
450;450;-23.2306;-28.7235
450;450;-15.1887;175.012
450;450;-15.1887;175.012
450;450;-15.1887;175.012
450;450;1.87231;340.76
450;450;1.87231;340.76
450;450;15.643;189.7
450;450;15.643;189.7
450;450;16.659;5.23082
450;450;16.659;5.23082
450;450;5.28834;-217.448
450;450;5.28834;-217.448
450;450;4.09576;-212.183
450;450;4.09576;-212.183
450;450;0.283782;220.101
450;450;0.283782;220.101
450;450;6.16738;312.16
450;450;10.459;221.11
450;450;10.459;221.11
450;450;8.29899;20.918
450;450;8.29899;20.918
450;450;8.29899;20.918
450;450;31.0192;-86.3863
450;450;35.0792;-120.288
450;450;37.4299;-143.798
450;450;37.4299;-143.798
450;450;9.96559;-23.9635
450;450;9.96559;-23.9635
450;450;9.96559;-23.9635
450;450;-36.8412;223.613
450;450;-39.3076;252.603
450;450;-39.3076;252.603
450;450;-9.25274;160.135
450;450;45.333;-36.0733
450;450;45.333;-36.0733
450;450;50.0134;-166.901
450;450;25.7993;-181.677
450;450;25.7993;-181.677
450;450;-33.373;-103.033
450;450;-33.373;-103.033
450;450;-67.2444;146.637
450;450;-57.9204;232.137
450;450;-57.9204;232.137
450;450;-47.8849;285.491
450;450;-47.8849;285.491
450;450;44.921;-38.7721
450;450;44.921;-38.7721
450;450;44.921;-38.7721
450;450;42.8156;-182.409
450;450;-0.228713;-164.216
450;450;-14.899;-160.508
450;450;-24.0791;-65.3002
450;450;-24.0791;-65.3002
450;450;-21.4133;97.4161
450;450;-21.4133;97.4161
450;450;-21.4133;97.4161
450;450;17.0439;43.0127
450;450;17.2775;42.1571
450;450;17.2775;42.1571
450;450;16.3581;-86.3986
450;450;8.22456;-98.5221
450;450;1.20869;-44.664
450;450;1.20869;-44.664
450;450;-15.3804;32.7121
450;450;-15.3211;35.2902
450;450;-1.6598;89.4004
450;450;0.514735;87.5621
450;450;2.34647;32.1638
450;450;2.34647;32.1638
450;450;3.83899;-5.44334
450;450;-1.89091;-29.9107
450;450;-1.89091;-29.9107
450;450;-7.44594;-41.0099
450;450;-7.44594;-41.0099
450;450;-9.84403;-39.4906
450;450;-9.84403;-39.4906
450;450;-7.45044;-23.0964
450;450;-11.6762;9.32953
450;450;-6.4671;29.3595
450;450;11.9082;23.1866
450;450;11.9082;23.1866
450;450;34.4982;17.2205
450;450;34.4982;17.2205
450;450;34.4982;17.2205
450;450;14.6721;-23.4983
450;450;14.6721;-23.4983
450;450;10.8664;-81.8142
450;450;-18.7377;-37.0731
450;450;-22.6754;-17.2793
450;450;-18.3061;31.2754
450;450;-18.3061;31.2754
450;450;-3.83801;34.5994
450;450;-2.86419;33.3391
450;450;15.2618;-20.3108
450;450;15.2618;-20.3108
450;450;15.2618;-20.3108
450;450;5.494;-17.226
450;450;-15.742;-11.735
450;450;-15.742;-11.735
450;450;-32.1372;2.4589
450;450;-7.37271;7.88709
450;450;-7.37271;7.88709
450;450;33.5459;-5.83904
450;450;33.5459;-5.83904
450;450;38.926;-11.775
450;450;36.3873;-10.9276
450;450;34.9743;-16.1111
450;450;11.5195;6.13229
450;450;11.5195;6.13229
450;450;11.5195;6.13229
450;450;-16.6807;14.5025
450;450;-41.675;0.114335
450;450;-28.983;0.228213
450;450;-8.51577;0.114306
450;450;-8.51577;0.114306
450;450;1.88455;0.22843
450;450;7.48393;2.97072
450;450;8.05548;3.02794
450;450;8.05548;3.02794
450;450;3.71859;-0.400464
450;450;-0.114575;2.23421
450;450;4.80923;2.69088
450;450;4.80923;2.69088
450;450;5.20653;8.98269
450;450;1.31652;2.80476
450;450;-0.458124;2.11882
450;450;23.9943;13.9395
450;450;26.508;14.9107
450;450;20.9239;4.87269
450;450;20.9239;4.87269
450;450;3.72238;-10.7663
450;450;3.72238;-10.7663
450;450;-20.1594;-20.9612
450;450;-20.1594;-20.9612
450;450;-40.2257;-11.1579
450;450;-19.7591;-0.744547
450;450;-19.7591;-0.744547
450;450;18.2348;6.82372
450;450;18.2348;6.82372
450;450;23.4709;-12.2806
450;450;19.1041;-9.86757
450;450;11.877;15.5491
450;450;11.0836;26.8764
450;450;11.0836;26.8764
450;450;5.17018;1.26382
450;450;5.17018;1.26382
450;450;1.89489;-62.9332
450;450;-5.49644;-81.3588
450;450;-9.21301;-86.9227
450;450;-2.51664;-20.5907
450;450;-2.51664;-20.5907
450;450;-8.9232;59.1448
450;450;-9.0376;61.3184
450;450;-9.0376;61.3184
450;450;-5.99039;43.9866
450;450;-4.62497;24.381
450;450;-4.62497;24.381
450;450;3.34388;-450
450;450;-5.98635;-450
450;450;-5.98635;-450
450;450;-14.7451;-359.983
450;450;-14.7451;-359.983
450;450;-1.6419;319.83
450;450;-1.41214;450
450;450;-1.41214;450
450;450;0.44988;274.033
450;450;0.44988;274.033
450;450;12.567;96.3472
450;450;12.567;96.3472
450;450;12.567;96.3472
450;450;-9.33925;-89.9757
450;450;-9.33925;-89.9757
450;450;-2.4596;-162.848
450;450;-2.4596;-162.848
450;450;-4.58139;-121.521
450;450;-0.0573075;2.75076
450;450;-1.54809;84.9156
450;450;-1.54809;84.9156
450;450;-1.54809;84.9156
450;450;-0.685812;41.3773
450;450;-3.71599;12.177
450;450;-4.11775;-14.4121
450;450;-4.11775;-14.4121
450;450;-2.57416;-28.8306
450;450;-2.68857;-28.0298
450;450;-6.63879;-17.5127
450;450;-2.23506;-8.88294
450;450;-5.72746;16.7815
450;450;-5.72746;16.7815
450;450;-4.12037;20.7163
450;450;-4.12037;20.7163
450;450;-4.12037;20.7163
450;450;-1.6043;-35.753
450;450;-1.6043;-35.753
450;450;12.1007;-56.4319
450;450;9.26514;-40.6861
450;450;4.5348;-28.0124
450;450;4.5348;-28.0124
450;450;-0.631186;-4.64782
450;450;-0.631186;-4.64782
450;450;-16.6447;28.6563
450;450;-16.6447;28.6563
450;450;-6.12137;47.9412
450;450;0.458241;17.1268
450;450;-4.87657;-6.54034
450;450;-3.38125;-30.3739
450;450;-3.38125;-30.3739
450;450;8.40413;-14.9216
450;450;8.63227;-13.0913
450;450;8.63227;-13.0913
450;450;7.81827;43.1431
450;450;7.81827;43.1431
450;450;15.5096;138.104
450;450;15.0587;124.976
450;450;14.3072;106.876
450;450;19.4838;-188.628
450;450;19.4838;-188.628
450;450;7.94714;-311.982
450;450;7.94714;-311.982
450;450;7.94714;-311.982
450;450;-10.064;74.9395
450;450;-10.064;74.9395
450;450;7.95015;126.464
450;450;8.2346;125.166
450;450;8.2346;125.166
450;450;7.84648;60.1563
450;450;7.84648;60.1563
450;450;11.4074;-59.3184
450;450;9.41825;-144.299
450;450;19.5227;-179.244
450;450;19.5227;-179.244
450;450;19.5227;-179.244
450;450;9.029;91.6615
450;450;9.029;91.6615
450;450;9.029;91.6615
450;450;-2.16678;117.234
450;450;-6.61335;57.2397
450;450;3.94455;22.6954
450;450;1.0858;-40.1174
450;450;1.0858;-40.1174
450;450;1.0858;-40.1174
450;450;-5.60828;12.9906
450;450;-15.7767;54.8754
450;450;-15.9113;72.1996
450;450;-4.39853;32.3892
450;450;-4.39853;32.3892
450;450;-3.88762;2.85855
450;450;7.61341;9.84591
450;450;7.61341;9.84591
450;450;6.02957;-5.68502
450;450;12.8849;-2.99113
450;450;12.8849;-2.99113
450;450;4.79284;-8.95048
450;450;4.79284;-8.95048
450;450;4.79284;-8.95048
450;450;-2.19017;9.27938
450;450;0.805253;4.25634
450;450;-10.7917;6.48648
450;450;-16.3065;6.25847
450;450;-16.3065;6.25847
450;450;7.68434;5.73458
450;450;7.68434;5.73458
450;450;7.68434;5.73458
450;450;21.1066;-1.60594
450;450;23.4232;11.9412
450;450;24.982;7.58076
450;450;7.56531;4.52772
450;450;7.56531;4.52772
450;450;-6.92626;1.48829
450;450;3.54877;-15.7405
450;450;4.57818;-13.9635
450;450;1.03029;-3.54877
450;450;-3.32024;36.2364
450;450;-3.32024;36.2364
450;450;-7.51158;37.6726
450;450;-7.28315;36.3584
450;450;7.06975;20.692
450;450;9.87386;13.433
450;450;13.3284;-3.10231
450;450;6.43298;-16.944
450;450;-13.8976;-16.4244
450;450;-13.8976;-16.4244
450;450;-13.8976;-16.4244
450;450;-0.746613;-14.5302
450;450;11.3101;-16.4771
450;450;11.3101;-16.4771
450;450;11.3101;-16.4771
450;450;-1.88904;26.4466
450;450;-10.5405;69.3156
450;450;-25.1129;69.8596
450;450;-22.1233;33.7551
450;450;-22.1233;33.7551
450;450;-11.7387;-12.9984
450;450;-1.77422;-45.3283
450;450;-1.77422;-45.3283
450;450;25.5145;-64.3582
450;450;25.5145;-64.3582
450;450;46.999;-50.6011
450;450;46.8817;-50.1977
450;450;46.8817;-50.1977
450;450;-8.52497;59.2171
450;450;-30.9258;97.399
450;450;-37.7536;73.7964
450;450;-37.7536;73.7964
450;450;-9.75393;6.9019
450;450;-8.44226;2.90916
450;450;21.4493;-51.4554
450;450;15.3293;-56.1885
450;450;0.513283;-16.254
450;450;0.513283;-16.254
450;450;-5.68434e-14;13.0366
450;450;4.11579;48.875
450;450;4.11579;48.875
450;450;0.74431;50.0978
450;450;0.74431;50.0978
450;450;4.52196;45.9065
450;450;5.15259;33.7781
450;450;-1.37472;16.0384
450;450;-1.31744;-1.48928
450;450;-1.31744;-1.48928
450;450;1.03209;-6.47925
450;450;-2.40806;-10.7216
450;450;-2.40806;-10.7216
450;450;-6.81981;-5.32976
450;450;-12.3133;-2.00448
450;450;-1.89;-9.56456
450;450;24.9026;-12.1937
450;450;24.9026;-12.1937
450;450;33.8946;-20.073
450;450;33.8946;-20.073
450;450;-0.743293;26.1868
450;450;-12.1708;38.1696
450;450;-9.89089;9.83372
450;450;-9.89089;9.83372
450;450;-19.1334;-9.39483
450;450;-19.1334;-9.39483
450;450;-13.9155;-7.27272
450;450;-18.88;-11.592
450;450;-22.224;-20.6775
450;450;-5.43642;-17.1104
450;450;22.9171;-10.5992
450;450;22.9171;-10.5992
450;450;30.4469;5.26525
450;450;29.9318;6.12371
450;450;8.64737;0.916278
450;450;8.64737;0.916278
450;450;8.64737;0.916278
450;450;-21.9823;4.00718
450;450;-16.2875;11.9442
450;450;-11.8506;22.8424
450;450;-11.8506;22.8424
450;450;-11.8506;22.8424
450;450;34.5851;-8.76079
450;450;46.2502;-21.6905
450;450;21.5102;-30.8599
450;450;21.5102;-30.8599
450;450;-6.87427;-39.928
450;450;-8.02049;-40.1597
450;450;-25.2364;-36.1093
450;450;-28.3302;-39.3761
450;450;-4.52182;-22.7808
450;450;16.8874;-10.3042
450;450;20.5649;32.8809
450;450;20.5649;32.8809
450;450;20.5649;32.8809
450;450;10.8191;38.1815
450;450;10.8191;38.1815
450;450;25.23;9.66865
450;450;20.196;-33.3349
450;450;7.6185;-53.7305
450;450;-6.1317;-16.504
450;450;-7.29593;0.976621
450;450;-7.29593;0.976621
450;450;-22.6566;16.9781
450;450;-22.6566;16.9781
450;450;-23.3004;11.7361
450;450;-23.3004;11.7361
450;450;-3.77532;17.3894
450;450;-3.77532;17.3894
450;450;37.7511;-10.2435
450;450;40.0414;-242.887
450;450;42.1383;-412.373
450;450;42.1383;-412.373
450;450;42.1383;-412.373
450;450;15.9385;-178.523
450;450;-11.1462;-81.2244
450;450;-11.1462;-81.2244
450;450;-11.1462;-81.2244
450;450;-43.3482;373.055
450;450;-44.0706;431.363
450;450;5.28411;211.758
450;450;26.6825;91.2734
450;450;42.4869;-20.6203
450;450;42.4869;-20.6203
450;450;40.9421;-132.577
450;450;19.4307;-127.043
450;450;19.4307;-127.043
450;450;-7.83541;-106.893
450;450;-22.2634;-38.647
450;450;-22.2634;-38.647
450;450;-22.2634;-38.647
450;450;-10.4586;37.1481
450;450;-10.4586;37.1481
450;450;40.4687;122.719
450;450;40.4687;122.719
450;450;37.8059;172.379
450;450;37.8059;172.379
450;450;16.0763;93.3221
450;450;16.0763;93.3221
450;450;-21.4425;-43.8571
450;450;-46.2074;-129.232
450;450;-46.2074;-129.232
450;450;-21.9307;-181.728
450;450;-8.22087;-129.821
450;450;9.42632;-16.9674
450;450;24.5562;108.904
450;450;27.1747;157.124
450;450;27.1747;157.124
450;450;31.0467;186.736
450;450;31.0467;186.736
450;450;12.0807;113.171
450;450;12.0807;113.171
450;450;12.0807;113.171
450;450;-13.6409;-44.5184
450;450;-8.81076;-101.839
450;450;-12.0242;-190.384
450;450;-8.25753;-119.677
450;450;-21.4323;-51.5751
450;450;-21.4323;-51.5751
450;450;-30.4254;14.8976
450;450;-30.4254;14.8976
450;450;-4.46203;97.8214
450;450;3.42482;138.42
450;450;3.42482;138.42
450;450;325.338;63.2141
450;450;343.349;-2.96827
450;450;343.349;-2.96827
450;450;282.964;-47.8369
450;450;282.964;-47.8369
450;450;-30.2526;-99.0657
450;450;-30.1604;-97.1073
450;450;-30.1604;-97.1073
450;450;-55.1897;-93.6569
450;450;-55.1897;-93.6569
450;450;-67.4447;-30.5582
450;450;-67.4447;-30.5582
450;450;20.3461;151.541
450;450;59.3535;165.814
450;450;86.927;171.515
450;450;51.9596;111.799
450;450;51.9596;111.799
450;450;29.0705;44.6623
450;450;29.0705;44.6623
450;450;-22.5374;-148.804
450;450;-34.795;-179.86
450;450;-34.795;-179.86
450;450;-22.4167;-107.108
450;450;-22.4167;-107.108
450;450;-20.4204;0.1716
450;450;-20.4204;0.1716
450;450;4.00999;88.2198
450;450;4.00999;88.2198
450;450;43.1709;129.341
450;450;59.1806;129.35
450;450;59.1806;129.35
450;450;39.2132;-13.281
450;450;-8.06597;-76.0833
450;450;-31.0586;-67.7799
450;450;-32.0381;-58.7556
450;450;-4.92531;-23.6529
450;450;-4.92531;-23.6529
450;450;7.84812;12.6601
450;450;7.84812;12.6601
450;450;3.67013;-28.0994
450;450;6.36012;-60.9654
450;450;5.39119;-17.4353
450;450;5.39119;-17.4353
450;450;5.39119;-17.4353
450;450;-3.03807;59.6723
450;450;-3.03807;59.6723
450;450;-2.86273;69.3926
450;450;-0.5718;32.5354
450;450;9.33814;11.3433
450;450;7.10183;-16.4946
450;450;3.03826;-27.287
450;450;-16.0231;19.8
450;450;-16.0231;19.8
450;450;10.6599;11.1184
450;450;12.3796;10.9468
450;450;12.3796;10.9468
450;450;44.9806;-26.6785
450;450;48.4629;-73.298
450;450;45.2779;-89.0045
450;450;48.0444;-88.0526
450;450;48.0444;-88.0526
450;450;13.5271;-38.0594
450;450;13.5271;-38.0594
450;450;13.5271;-38.0594
450;450;-19.0152;79.1536
450;450;-31.8868;105.621
450;450;-48.3875;132.396
450;450;-46.4964;124.275
450;450;-46.4964;124.275
450;450;1.54088;36.981
450;450;1.54088;36.981
450;450;1.54088;36.981
450;450;33.2216;-42.7135
450;450;27.6108;-58.3149
450;450;27.6108;-58.3149
450;450;-0.459117;-33.9173
450;450;-15.972;9.73204
450;450;-9.67787;28.1746
450;450;-9.67787;28.1746
450;450;2.34856;19.6477
450;450;2.34856;19.6477
450;450;-8.29163;0.457469
450;450;-8.29163;0.457469
450;450;-11.2863;4.75516
450;450;-5.67163;2.00512
450;450;22.0753;5.5045
450;450;22.0753;5.5045
450;450;22.0753;5.5045
450;450;19.3934;5.62293
450;450;19.3934;5.62293
450;450;4.86989;5.6147
450;450;4.86989;5.6147
450;450;-0.688808;-6.65848
450;450;-9.79365;-6.58637
450;450;-1.59997;1.48569
450;450;5.43141;3.94492
450;450;5.43141;3.94492
450;450;3.66371;9.56
450;450;-5.78584;11.9727
450;450;-3.09096;12.0776
450;450;-22.4131;-4.00235
450;450;-23.6853;-40.3337
450;450;-23.6853;-40.3337
450;450;-17.7089;-45.9861
450;450;4.90844;0.399524
450;450;4.90844;0.399524
450;450;26.3282;59.9666
450;450;26.3282;59.9666
450;450;27.6365;82.3385
450;450;17.9763;53.9289
450;450;17.9763;53.9289
450;450;17.9763;53.9289
450;450;13.8639;30.8087
450;450;10.912;-2.62803
450;450;10.912;-2.62803
450;450;5.88917;-28.9884
450;450;-9.2779;-36.8253
450;450;-9.2779;-36.8253
450;450;-8.22765;-12.97
450;450;-8.22765;-12.97
450;450;-5.82774;-0.685616
450;450;-10.6876;6.40111
450;450;-9.08643;20.3445
450;450;16.5764;19.2629
450;450;16.5764;19.2629
450;450;16.5764;19.2629
450;450;21.3431;-6.17976
450;450;21.3431;-6.17976
450;450;30.7037;-4.68846
450;450;10.722;-15.8249
450;450;-12.5451;-4.5827
450;450;-35.49;15.2263
450;450;-35.49;15.2263
450;450;-48.8902;22.903
450;450;-18.4759;16.9932
450;450;-18.4759;16.9932
450;450;65.0302;-12.2396
450;450;82.43;-27.3242
450;450;96.625;-37.3922
450;450;60.6912;-19.9634
450;450;60.6912;-19.9634
450;450;32.6362;-18.2648
450;450;-105.803;-19.7348
450;450;-105.803;-19.7348
450;450;-243.511;-4.32302
450;450;-214.445;24.3109
450;450;-162.707;37.6214
450;450;-162.707;37.6214
450;450;-89.1794;38.5093
450;450;27.6197;39.9328
450;450;27.6197;39.9328
450;450;124.312;23.6352
450;450;124.312;23.6352
450;450;140.454;-18.5063
450;450;64.9951;-23.8373
450;450;15.481;-31.4191
450;450;9.78618;-34.3375
450;450;9.78618;-34.3375
450;450;9.78618;-34.3375
450;450;-3.08811;6.80529
450;450;-4.57237;27.0341
450;450;-4.57237;27.0341
450;450;4.51995;11.3285
450;450;4.51995;11.3285
450;450;-3.54798;-13.2191
450;450;-3.54798;-13.2191
450;450;4.24508;-423.206
450;450;11.6353;-419.436
450;450;11.6353;-419.436
450;450;1.70017;-56.5023
450;450;-7.20374;80.5458
450;450;-7.54693;126.085
450;450;-7.54693;126.085
450;450;2.60882;113.54
450;450;2.60882;113.54
450;450;2.60882;113.54
450;450;14.3262;-5.59352
450;450;12.8414;-108.952
450;450;12.3305;-156.529
450;450;12.3305;-156.529
450;450;12.3305;-156.529
450;450;-12.5764;22.2945
450;450;-17.8379;100.281
450;450;-13.7223;72.4997
450;450;-13.7223;72.4997
450;450;-3.42384;42.5698
450;450;7.89059;1.14356
450;450;19.2985;-12.8847
450;450;19.2985;-12.8847
450;450;9.25331;-19.7136
450;450;-11.0734;-10.9586
450;450;-15.8843;19.3249
450;450;-15.8843;19.3249
450;450;-0.228909;53.6792
450;450;0.858273;53.8423
450;450;0.858273;53.8423
450;450;24.8043;54.7524
450;450;24.8043;54.7524
450;450;20.3361;-2.74194
450;450;20.0111;-35.048
450;450;14.5893;-67.1106
450;450;8.42286;-38.6191
450;450;8.42286;-38.6191
450;450;8.42286;-38.6191
450;450;-3.83325;-4.06211
450;450;-3.83325;-4.06211
450;450;-3.54033;56.3597
450;450;-5.42039;54.6604
450;450;2.11257;56.9253
450;450;5.71147;7.71049
450;450;5.71147;7.71049
450;450;-10.05;3.76873
450;450;-12.7084;12.0815
450;450;18.5588;6.05301
450;450;30.3314;10.5302
450;450;27.8426;9.85375
450;450;27.8426;9.85375
450;450;27.8426;9.85375
450;450;20.7051;-28.2186
450;450;13.1887;-14.2209
450;450;13.1887;-14.2209
450;450;10.8394;-2.06465
450;450;-11.7948;17.635
450;450;-40.344;8.86995
450;450;-40.344;8.86995
450;450;-40.344;8.86995
450;450;-67.9439;20.7654
450;450;-35.6244;17.0427
450;450;-6.44354;25.9452
450;450;22.4219;18.8275
450;450;22.4219;18.8275
450;450;48.5428;13.951
450;450;32.4582;-8.07162
450;450;32.4582;-8.07162
450;450;-11.2141;-31.6397
450;450;-11.2141;-31.6397
450;450;-76.9766;-31.6828
450;450;-81.3008;-21.9084
450;450;-80.1115;-9.52214
450;450;11.8833;4.62761
450;450;11.8833;4.62761
450;450;11.8833;4.62761
450;450;23.2365;2.40378
450;450;23.2365;2.40378
450;450;0.916365;6.41456
450;450;-17.8538;1.2017
450;450;-26.5997;4.57629
450;450;132.304;8.133
450;450;132.304;8.133
450;450;240.432;9.06641
450;450;176.705;8.88973
450;450;25.8237;6.19769
450;450;25.8237;6.19769
450;450;25.8237;6.19769
450;450;-85.5957;0.686597
450;450;-85.5957;0.686597
450;450;-130.009;-4.82566
450;450;-78.8619;1.02197
450;450;-78.8619;1.02197
450;450;-78.8619;1.02197
450;450;10.5335;-0.626314
450;450;10.5335;-0.626314
450;450;80.3895;10.2771
450;450;80.3895;10.2771
450;450;81.3691;8.4175
450;450;44.899;0.0572692
450;450;9.72091;9.20628
450;450;-15.3873;8.00826
450;450;-15.3873;8.00826
450;450;-37.6541;0.0571383
450;450;-4.39937;0.342808
450;450;-4.39937;0.342808
450;450;36.269;-0.456932
450;450;64.6184;-11.8114
450;450;65.6643;-6.60087
450;450;35.6339;11.0925
450;450;35.6339;11.0925
450;450;35.6339;11.0925
450;450;-3.55363;13.6413
450;450;-20.7788;8.58628
450;450;-20.7788;8.58628
450;450;-25.0813;7.4844
450;450;-25.0813;7.4844
450;450;-25.0813;7.4844
450;450;17.4272;10.2278
450;450;17.4272;10.2278
450;450;24.0341;10.2921
450;450;3.73366;2.29764
450;450;-3.84965;-8.33133
450;450;-5.35431;-18.9416
450;450;-5.35431;-18.9416
450;450;-5.35431;-18.9416
450;450;-15.3348;7.81097
450;450;-24.6712;53.006
450;450;-24.5295;63.9252
450;450;-4.4599;23.4431
450;450;-4.4599;23.4431
450;450;-4.4599;23.4431
450;450;4.87067;-41.6585
450;450;5.09955;-42.1716
450;450;5.09955;-42.1716
450;450;14.3118;-43.6797
450;450;22.9898;-15.0781
450;450;21.2234;12.2178
450;450;21.2234;12.2178
450;450;21.2234;12.2178
450;450;1.94635;20.6656
450;450;-7.14705;12.7503
450;450;-7.14705;12.7503
450;450;-41.9462;-19.773
450;450;-31.5393;-24.283
450;450;-4.51493;-17.4882
450;450;-4.51493;-17.4882
450;450;20.3131;25.3485
450;450;20.3703;27.5228
450;450;20.3703;27.5228
450;450;11.9355;51.9678
450;450;7.60036;11.372
450;450;8.51874;-9.6622
450;450;13.2132;-38.2668
450;450;13.2132;-38.2668
450;450;13.2132;-38.2668
450;450;2.86428;-28.7574
450;450;2.86428;-28.7574
450;450;-1.65928;15.334
450;450;-1.65928;15.334
450;450;-7.88608;42.2877
450;450;-9.94143;28.3388
450;450;-5.32315;15.855
450;450;-5.32315;15.855
450;450;-5.32315;15.855
450;450;3.72096;-17.4599
450;450;2.0592;-40.1544
450;450;0.286127;-4.63526
450;450;0.286127;-4.63526
450;450;0.286127;-4.63526
450;450;-1.25652;27.4151
450;450;-1.25656;27.0732
450;450;-1.25656;27.0732
450;450;3.25874;5.14539
450;450;3.25874;5.14539
450;450;2.0048;-2.23392
450;450;2.0048;-2.23392
450;450;2.0048;-2.23392
450;450;-5.68434e-14;8.9767
450;450;-12.2253;5.59849
450;450;-12.2253;5.59849
450;450;26.4524;-6.82828
450;450;26.4524;-6.82828
450;450;26.4524;-6.82828
450;450;39.6297;-14.0511
450;450;39.6297;-14.0511
450;450;23.2143;-9.65347
450;450;23.2143;-9.65347
450;450;8.64317;-5.87736
450;450;-17.9606;-2.41777
450;450;-39.4866;3.4436
450;450;-15.8219;9.91735
450;450;-15.8219;9.91735
450;450;-15.8219;9.91735
450;450;26.8447;8.94823
450;450;26.8447;8.94823
450;450;57.7794;14.9311
450;450;54.7236;1.77823
450;450;42.8332;-2.06702
450;450;6.31226;-4.30381
450;450;6.31226;-4.30381
450;450;-19.9965;5.55776
450;450;-22.3471;5.78732
450;450;-22.3471;5.78732
450;450;4.45863;5.48754
450;450;27.7886;3.20198
450;450;35.7303;1.54602
450;450;14.7952;-6.93884
450;450;14.7952;-6.93884
450;450;2.2335;-24.9121
450;450;2.2335;-24.9121
450;450;-26.7119;24.1434
450;450;-19.7629;50.0357
450;450;8.28216;34.9564
450;450;8.28216;34.9564
450;450;25.1233;24.4952
450;450;26.5155;-0.628601
450;450;30.8954;-22.4537
450;450;18.7706;-21.2963
450;450;2.0659;-19.7408
450;450;2.0659;-19.7408
450;450;-10.5844;42.6807
450;450;-10.5844;42.6807
450;450;-10.5844;42.6807
450;450;1.42996;49.7052
450;450;1.42996;49.7052
450;450;23.8794;-18.3688
450;450;23.3166;-46.5183
450;450;19.0801;-67.4127
450;450;8.20699;-23.9897
450;450;8.20699;-23.9897
450;450;7.10432;25.9537
450;450;1.89085;40.2807
450;450;-5.68434e-14;15.1754
450;450;-11.2141;-0.114429
450;450;-7.20583;-40.9474
450;450;-7.20583;-40.9474
450;450;11.0762;-32.9991
450;450;10.6748;-28.1792
450;450;8.03789;-3.55964
450;450;8.03789;-3.55964
450;450;-4.4697;41.7745
450;450;0.343484;41.2753
450;450;-1.48862;17.9207
450;450;-1.48862;17.9207
450;450;1.94295;8.68612
450;450;2.00136;-29.7346
450;450;2.00136;-29.7346
450;450;1.20396;-51.7701
450;450;5.05239;-48.2273
450;450;5.05239;-48.2273
450;450;1.14626;-41.9531
450;450;1.89042;-21.4248
450;450;-11.3893;5.37988
450;450;-11.2756;7.04008
450;450;-11.2756;7.04008
450;450;12.6658;44.3588
450;450;37.6867;47.2516
450;450;59.3762;43.7298
450;450;35.0071;21.9439
450;450;35.0071;21.9439
450;450;12.1395;7.55857
450;450;-2.6322;4.00553
450;450;-9.21213;3.37587
450;450;-12.1019;-14.2814
450;450;-18.2968;-12.6758
450;450;-18.2968;-12.6758
450;450;-18.2968;-12.6758
450;450;-3.77796;6.81178
450;450;15.2409;18.7229
450;450;15.2409;18.7229
450;450;59.8693;28.8471
450;450;52.3507;11.4553
450;450;22.5698;-17.2424
450;450;22.5698;-17.2424
450;450;-6.30041;-29.0964
450;450;-23.0024;-23.5174
450;450;-23.0024;-23.5174
450;450;-44.15;-20.1306
450;450;-18.7527;1.08628
450;450;13.4412;-6.406
450;450;37.72;-1.77438
450;450;37.72;-1.77438
450;450;37.72;-1.77438
450;450;30.7447;-0.400769
450;450;30.7447;-0.400769
450;450;7.60036;4.05733
450;450;-7.61123;4.23482
450;450;-19.8535;-0.400502
450;450;-27.7561;-4.97893
450;450;-27.7561;-4.97893
450;450;10.5298;-7.66846
450;450;30.5284;-8.24781
450;450;17.5316;-9.22415
450;450;6.77198;-7.00154
450;450;-8.89568;-6.60002
450;450;-8.89568;-6.60002
450;450;-16.5555;-6.12956
450;450;-15.355;-3.78145
450;450;-6.66443;-7.87092
450;450;-6.66443;-7.87092
450;450;24.8976;-8.83463
450;450;18.1896;-17.7306
450;450;-2.52281;-12.5567
450;450;-2.52281;-12.5567
450;450;-14.2582;12.7694
450;450;-14.2582;12.7694
450;450;-22.7034;34.3696
450;450;-18.3401;33.7573
450;450;-3.15402;9.6341
450;450;-3.15402;9.6341
450;450;-3.6636;-15.7993
450;450;-3.6636;-15.7993
450;450;-3.6636;-15.7993
450;450;-3.89084;-4.92077
450;450;-3.89084;-4.92077
450;450;6.76443;0.458606
450;450;6.76443;0.458606
450;450;-3.67095;0.516227
450;450;-2.34893;2.06248
450;450;0.172065;2.35155
450;450;-1.14651;2.17838
450;450;-1.14651;2.17838
450;450;8.01692;15.6903
450;450;2.46054;16.766
450;450;2.52121;-19.8832
450;450;10.0922;-40.3115
450;450;11.9941;-3.44327
450;450;11.9941;-3.44327
450;450;10.3394;4.13575
450;450;-5.6921;10.8667
450;450;-18.8746;9.35124
450;450;-21.1876;9.67757
450;450;2.57687;3.20677
450;450;2.57687;3.20677
450;450;25.6697;-17.6479
450;450;28.7826;-10.4144
450;450;18.824;28.35
450;450;29.6447;8.46991
450;450;18.0821;-20.0276
450;450;4.11984;-34.1604
450;450;-19.7711;-24.5849
450;450;-19.7711;-24.5849
450;450;-19.7711;-24.5849
450;450;-15.4131;-4.3956
450;450;-15.4131;-4.3956
450;450;4.63364;-15.1595
450;450;32.3664;-5.09842
450;450;41.9051;3.15291
450;450;25.6827;5.38879
450;450;20.2141;18.8398
450;450;-5.37356;20.1223
450;450;-5.37356;20.1223
450;450;-5.71946;-19.1602
450;450;-5.71946;-19.1602
450;450;-5.71946;-19.1602
450;450;-17.3349;-3.71871
450;450;-12.8852;14.2596
450;450;-30.3073;27.7341
450;450;128.312;-177.258
450;450;128.312;-177.258
450;450;128.312;-177.258
450;450;188.376;-215.409
450;450;188.376;-215.409
450;450;188.376;-215.409
450;450;-23.3978;62.4132
450;450;-23.3978;62.4132
450;450;-176.229;194.078
450;450;-177.221;194.841
450;450;-177.221;194.841
450;450;-74.7823;52.2459
450;450;-74.7823;52.2459
450;450;-74.7823;52.2459
450;450;54.694;-69.3735
450;450;54.694;-69.3735
450;450;154.37;-96.1385
450;450;189.196;-118.255
450;450;-37.5385;388.922
450;450;-37.5385;388.922
450;450;-94.8428;450
450;450;-94.8428;450
450;450;-209.991;450
450;450;-209.991;450
450;450;-209.991;450
450;450;-81.8579;62.69
450;450;-81.8579;62.69
450;450;-81.8579;62.69
450;450;-81.8579;62.69
450;450;94.1165;-450
450;450;160.214;-450
450;450;203.759;-450
450;450;203.759;-450
450;450;169.23;-450
450;450;78.1255;-315.867
450;450;78.1255;-315.867
450;450;-41.1732;67.9245
450;450;-41.1732;67.9245
450;450;-46.942;164.749
450;450;-45.7006;162.384
450;450;-45.7006;162.384
450;450;6.64888;-12.6726
450;450;44.3082;-103.177
450;450;44.3082;-103.177
450;450;72.2951;-186.577
450;450;51.8215;-139.861
450;450;9.8147;-5.07854
450;450;9.8147;-5.07854
450;450;9.8147;-5.07854
450;450;-39.2102;146.654
450;450;-34.0358;139.729
450;450;-40.8489;143.825
450;450;-13.3146;73.1163
450;450;-13.3146;73.1163
450;450;6.78503;9.74991
450;450;21.1465;-43.3218
450;450;21.1465;-43.3218
450;450;37.7116;-70.044
450;450;37.7116;-70.044
450;450;34.1031;-80.4514
450;450;14.9302;-28.4874
450;450;2.69122;11.223
450;450;-4.69562;40.4282
450;450;-4.69562;40.4282
450;450;-11.9968;52.5001
450;450;-11.9968;52.5001
450;450;-11.9968;52.5001
450;450;9.87364;1.99756
450;450;17.4599;-27.0199
450;450;15.5432;-54.774
450;450;15.5432;-54.774
450;450;4.06611;-42.3219
450;450;1.60369;-16.8387
450;450;1.60369;-16.8387
450;450;-9.49762;50.6921
450;450;-17.8956;61.1196
450;450;-18.1169;21.203
450;450;-18.1169;21.203
450;450;10.3101;-12.3148
450;450;29.6157;-13.0034
450;450;17.3383;-8.89881
450;450;17.3383;-8.89881
450;450;17.3383;-8.89881
450;450;-2.12498;-14.0134
450;450;-27.991;-17.1502
450;450;-32.3989;-24.843
450;450;-4.06417;-6.23936
450;450;-4.06417;-6.23936
450;450;18.4879;12.1345
450;450;27.6257;6.64851
450;450;20.2405;-17.5456
450;450;15.9376;-33.4804
450;450;-1.83396;-33.8136
450;450;-1.83396;-33.8136
450;450;-1.83396;-33.8136
450;450;-21.4671;-16.9447
450;450;-21.4671;-16.9447
450;450;-21.137;-3.32235
450;450;7.67749;16.3863
450;450;7.67749;16.3863
450;450;21.5047;28.8449
450;450;21.9033;-7.62602
450;450;21.9033;-7.62602
450;450;14.3787;-72.2371
450;450;14.3787;-72.2371
450;450;13.0474;-117.827
450;450;-0.514833;-91.8119
450;450;-0.858191;-65.9663
450;450;4.74474;-26.0103
450;450;4.74474;-26.0103
450;450;4.74474;-26.0103
450;450;-0.114411;9.89655
450;450;-0.114411;9.89655
450;450;15.3624;52.4834
450;450;12.8431;73.0057
450;450;8.90933;60.9375
450;450;8.34166;15.5978
450;450;8.34166;15.5978
450;450;4.05605;-14.1676
450;450;3.37577;-67.8014
450;450;2.92064;-38.5409
450;450;5.60542;-19.3902
450;450;5.60169;10.1173
450;450;5.60169;10.1173
450;450;13.0424;40.2714
450;450;17.7796;15.893
450;450;13.8126;-9.36058
450;450;13.8126;-9.36058
450;450;-17.5593;4.7473
450;450;-27.2801;4.80404
450;450;-0.286082;3.43298
450;450;-0.286082;3.43298
450;450;9.1552;-0.11444
450;450;10.3558;-0.972648
450;450;10.3558;-0.972648
450;450;4.75864;-6.30663
450;450;-9.10464;-2.34774
450;450;-20.475;-2.45929
450;450;-14.0051;3.88713
450;450;-14.0051;3.88713
450;450;-4.58226;0.171835
450;450;17.0749;-2.80762
450;450;17.0749;-2.80762
