target.x;target.y;delta.x;delta.y
450;450;-5.68434e-14;0.439322;on
450;450;-0.0627712;0.627712;on
450;450;-5.68434e-14;-0.376614;on
450;450;-5.68434e-14;-0.37664;on
450;450;-0.502082;-0.376562;on
450;450;-0.69058;0.18834;on
450;450;0.31402;0.376824;on
450;450;0.502415;0.502415;on
450;450;0.0627931;-0.376759;on
450;450;-0.501785;-0.627231;on
450;450;-0.814889;0.250735;on
450;450;0.501855;0.501855;on
450;450;0.815827;-0.125512;on
450;450;-0.56437;-0.752494;on
450;450;-0.564646;0.501907;on
450;450;0.879472;0.125639;on
450;450;-0.251137;-0.690628;on
450;450;-0.376522;0.376522;on
450;450;0.502625;0.251313;on
450;450;-0.753281;-0.313867;on
450;450;-0.18811;-0.564331;on
450;450;0.250901;0.313626;on
450;450;0.690435;0.564902;on
450;450;-5.68434e-14;0.188333;on
450;450;-0.627187;-0.376312;on
450;450;-0.564429;-0.125429;on
450;450;0.25084;0.06271;on
450;450;-0.0627012;-0.125402;on
450;450;0.313648;-5.68434e-14;on
450;450;-0.0627471;-0.0627471;on
450;450;-5.68434e-14;-0.188163;on
450;450;0.313594;-5.68434e-14;on
450;450;0.313692;0.188215;on
450;450;-0.0627428;-5.68434e-14;on
450;450;-0.25098;0.12549;on
450;450;-5.68434e-14;0.251059;on
450;450;0.125556;0.188333;on
450;450;-0.0627428;0.0627428;on
450;450;-0.062734;0.188202;on
450;450;0.188182;-0.0627275;on
450;450;-0.689786;-0.0627078;on
450;450;-0.439123;0.125464;on
450;450;0.439108;-0.313648;on
450;450;0.752677;-0.376339;on
450;450;-0.125407;-0.438924;on
450;450;-0.250805;0.313506;on
450;450;0.125468;0.501872;on
450;450;0.125529;0.439353;on
450;450;-0.188097;-0.376194;on
450;450;-0.0626598;-0.563938;on
450;450;-0.438771;-0.188045;on
450;450;-0.0626991;0.0626991;on
450;450;0.501837;0.376378;on
450;450;-0.0627362;0.376417;on
450;450;0.0627275;-5.68434e-14;on
450;450;-0.0626816;-0.438771;on
450;450;0.75231;-0.0626925;on
450;450;-1.25372;-0.188058;on
450;450;0.438786;-0.0626838;on
450;450;-5.68434e-14;-5.68434e-14;on
450;450;-0.877451;-0.188025;on
450;450;-5.68434e-14;0.250744;on
450;450;0.125376;0.188064;on
450;450;0.250831;0.125416;on
450;450;0.313484;-0.0626969;on
450;450;-0.0627012;-0.188104;on
450;450;0.313484;-0.188091;on
450;450;-0.125464;0.188196;on
450;450;-0.125521;0.251041;on
450;450;-0.25098;0.25098;on
450;450;-0.313605;0.250884;on
450;450;0.8154;0.125446;on
450;450;-0.564547;-0.439092;on
450;450;0.313626;-0.376352;on
450;450;-5.68434e-14;-0.313615;on
450;450;-0.439046;0.313605;on
450;450;-0.501837;0.439108;on
450;450;0.878307;0.250945;on
450;450;-0.689642;-0.438863;on
450;450;-0.0626532;-0.563879;on
450;450;0.376129;0.626881;on
450;450;0.0627362;0.439154;on
450;450;-0.0626903;-0.376142;on
450;450;-0.438832;-0.438832;on
450;450;-0.0627012;-0.50161;on
450;450;-0.438955;0.313539;on
450;450;0.627406;0.815628;on
450;450;-0.0627297;-0.501837;on
450;450;-5.68434e-14;-0.376234;on
450;450;-0.439077;-5.68434e-14;on
450;450;0.062686;0.188058;on
450;450;-5.68434e-14;0.376194;on
450;450;0.188084;0.0626947;on
450;450;-0.501365;-5.68434e-14;on
450;450;0.877665;0.125381;on
450;450;-0.188117;-0.376234;on
450;450;-0.438618;-0.501278;on
450;450;0.814747;0.125346;on
450;450;-0.626969;0.438878;on
450;450;0.501627;0.376221;on
450;450;1.00301;-0.250753;on
450;450;-0.313321;-0.626641;on
450;450;-1.06511;-0.18796;on
450;450;0.627012;0.564311;on
450;450;-0.690195;0.690195;on
450;450;0.125346;-0.814747;on
450;450;-0.125354;0.188032;on
450;450;0.815315;0.627165;on
450;450;-1.00301;-0.188064;on
450;450;0.313255;-0.438557;on
450;450;-0.0626336;-0.125267;on
450;450;0.876901;0.0626358;on
450;450;-1.002;-0.12525;on
450;450;0.0626205;-0.375723;on
450;450;0.626794;0.814832;on
450;450;-0.250796;0.564292;on
450;450;-0.626314;-1.06473;on
450;450;-0.313179;0.250543;on
450;450;1.31544;0.313201;on
450;450;-1.44052;-0.125263;on
450;450;0.376168;-0.188084;on
450;450;0.501767;0.0627209;on
450;450;0.439123;0.0627318;on
450;450;-1.31618;-5.68434e-14;on
450;450;0.501174;-0.0626467;on
450;450;0.940191;-0.188038;on
450;450;0.313375;-0.0626751;on
450;450;0.250857;0.627144;on
450;450;0.313615;0.501785;on
450;450;-0.751865;-0.501243;on
450;450;-0.438527;-0.56382;on
450;450;0.250552;-0.501104;on
450;450;1.19132;0.815116;on
450;450;-1.12807;-0.0626707;on
450;450;0.375723;-0.688826;on
450;450;-0.250517;-0.438405;on
450;450;0.626772;0.438741;on
450;450;-0.501715;0.501715;on
450;450;-0.125446;-5.68434e-14;on
450;450;0.313594;0.0627187;on
450;450;-0.313615;-0.8154;on
450;450;0.438909;-0.0627012;on
450;450;-0.564606;0.125468;on
450;450;0.502082;0.690363;on
450;450;-0.753176;-0.0627647;on
450;450;0.752887;-0.439184;on
450;450;-0.940978;-0.313659;on
450;450;-5.68434e-14;-0.0627297;on
450;450;-0.25091;-0.188182;on
450;450;1.06678;-5.68434e-14;on
450;450;-1.06648;0.062734;on
450;450;0.125446;0.0627231;on
450;450;0.0627078;-0.188123;on
450;450;0.6271;0.25084;on
450;450;-0.188156;0.0627187;on
450;450;-0.877756;0.0626969;on
450;450;0.8154;0.376339;on
450;450;0.125433;0.18815;on
450;450;-0.501435;-0.752153;on
450;450;-0.438573;0.0626532;on
450;450;0.188104;1.44213;on
450;450;0.250561;-1.06488;on
450;450;-5.68434e-14;-5.68434e-14;on
450;450;0.439016;0.878032;on
450;450;-0.062745;-0.188235;on
450;450;0.125424;-0.627122;on
450;450;-0.376194;0.376194;on
450;450;-0.0626969;0.940453;on
450;450;0.313452;-0.501523;on
450;450;-0.438573;0.125306;on
450;450;0.0627078;1.00332;on
450;450;0.501523;-0.501523;on
450;450;0.376037;-0.564056;on
450;450;-0.75252;0.75252;on
450;450;0.689594;-0.626903;on
450;450;-1.1278;-0.877176;on
450;450;-0.0627078;0.56437;on
450;450;1.31755;0.313703;on
450;450;-0.438909;1.88104;on
450;450;-0.689066;-1.12756;on
450;450;0.941207;-5.68434e-14;on
450;450;0.188169;0.250892;on
450;450;-5.68434e-14;-1.87953;on
450;450;0.501697;0.752546;on
450;450;-1.19137;0.0627034;on
450;450;0.438817;-0.752258;on
450;450;-0.501558;0.250779;on
450;450;1.69358;0.752703;on
450;450;-1.5041;-0.313353;on
450;450;1.37948;0.438924;on
450;450;-0.690387;0.313812;on
450;450;1.44384;-0.125551;on
450;450;-0.0627318;-0.250927;on
450;450;0.564351;-0.752467;on
450;450;0.188301;1.00427;on
450;450;-0.376194;-0.940486;on
450;450;0.815173;1.81846;on
450;450;-2.06763;0.939831;on
450;450;0.626445;-0.501156;on
450;450;-0.439031;2.06972;on
450;450;-0.188064;1.0657;on
450;450;0.438512;-5.68434e-14;on
450;450;-0.187999;-0.501331;on
450;450;-0.438741;0.68945;on
450;450;-5.68434e-14;-0.12525;on
450;450;1.00305;0.626903;on
450;450;0.125372;-0.125372;on
450;450;-1.06485;-0.563742;on
450;450;1.00193;-0.187862;on
450;450;-0.438466;0.438466;on
450;450;-0.250735;1.00294;on
450;450;-0.313059;-1.25224;on
450;450;0.187973;0.187973;on
450;450;-0.125368;0.626838;on
450;450;1.37938;-0.125398;on
450;450;-1.06525;-0.31331;on
450;450;-0.438496;0.751708;on
450;450;0.37588;-0.56382;on
450;450;-0.689018;-5.68434e-14;on
450;450;-0.876444;-1.18946;on
450;450;-5.68434e-14;1.37813;on
450;450;0.187809;-1.56508;on
450;450;0.563703;-0.751603;on
450;450;-0.187901;0.187901;on
450;450;-0.626598;-0.438618;on
450;450;0.81435;0.313212;on
450;450;-0.375959;0.501278;on
450;450;1.00266;0.250665;on
450;450;-1.12721;-0.250491;on
450;450;0.563663;-0.688922;on
450;450;0.438329;-0.187855;on
450;450;-5.68434e-14;0.250718;on
450;450;-1.12847;0.815003;on
450;450;0.0626598;-0.814577;on
450;450;1.25302;0.375906;on
450;450;-0.125381;0.877665;on
450;450;0.501174;-0.438527;on
450;450;-1.62887;1.00238;on
450;450;0.18794;-1.19029;on
450;450;-1.94225;0.689186;on
450;450;0.250587;-0.626467;on
450;450;0.501435;1.19091;on
450;450;-0.563801;-0.626445;on
450;450;-0.0626532;0.877145;on
450;450;1.63046;-0.31355;on
450;450;-1.50389;0.250648;on
450;450;0.751708;-1.1902;on
450;450;-0.751682;0.876962;on
450;450;-0.438771;0.125363;on
450;450;0.376011;-0.125337;on
450;450;-0.250569;-0.626423;on
450;450;0.751499;0.688874;on
450;450;-1.00231;-0.250578;on
450;450;-5.68434e-14;-0.375919;on
450;450;0.187907;0.313179;on
450;450;-0.0626816;-0.501453;on
450;450;-1.62785;-0.751316;on
450;450;-0.125341;0.94006;on
450;450;-0.501226;-0.375919;on
450;450;1.00266;0.250665;on
450;450;-1.12725;-0.688874;on
450;450;0.313233;0.250587;on
450;450;-5.68434e-14;1.06577;on
450;450;0.18796;-0.375919;on
450;450;0.815031;1.31659;on
450;450;-5.68434e-14;-0.501418;on
450;450;0.43842;-0.125263;on
450;450;0.564115;0.689474;on
450;450;0.438802;-0.250744;on
450;450;-0.939406;-0.876779;on
450;450;0.626685;0.689354;on
450;450;-5.68434e-14;0.0626925;on
450;450;-0.814747;-0.125346;on
450;450;0.125298;-0.56384;on
450;450;0.564154;-0.376103;on
450;450;-1.19099;0.250735;on
450;450;0.188058;0.062686;on
450;450;0.313408;-0.0626816;on
450;450;0.68969;0.313495;on
450;450;-0.439;0.188143;on
450;450;-0.689762;-0.188117;on
450;450;0.56439;0.06271;on
450;450;-0.627122;-0.0627122;on
450;450;-5.68434e-14;-0.125424;on
450;450;-0.188084;-0.376168;on
450;450;0.81523;0.25084;on
450;450;-1.12961;0.564803;on
450;450;1.6316;0.376522;on
450;450;0.125437;0.250875;on
450;450;-0.188058;-0.752232;on
450;450;-0.752179;0.37609;on
450;450;0.439046;0.627209;on
450;450;-0.0627122;0.0627122;on
450;450;1.50436;-1.00291;on
450;450;-0.251041;1.19245;on
450;450;-5.68434e-14;-0.815798;on
450;450;-1.31709;-0.627187;on
450;450;0.878828;1.00437;on
450;450;-0.313615;-0.627231;on
450;450;-5.68434e-14;-0.689642;on
450;450;0.313659;1.00371;on
450;450;-0.752336;-0.752336;on
450;450;-0.814861;-0.313408;on
450;450;-0.12542;0.18813;on
450;450;0.125521;-0.0627603;on
450;450;0.753228;-0.062769;on
450;450;-0.0627931;-0.125586;on
450;450;-0.815656;-0.250971;on
450;450;0.564724;-0.0627471;on
450;450;-0.376325;-0.250884;on
450;450;-0.689474;-0.125359;on
450;450;0.752415;0.188104;on
450;450;-0.627122;-0.125424;on
450;450;0.188104;0.125402;on
450;450;0.627275;0.313637;on
450;450;0.50182;0.125455;on
450;450;-1.00291;-0.125363;on
450;450;0.940617;-5.68434e-14;on
450;450;-0.125411;-5.68434e-14;on
450;450;0.125407;-0.0627034;on
450;450;-0.939995;-0.250665;on
450;450;0.563977;-0.250657;on
450;450;0.187979;-0.250639;on
450;450;0.12532;-0.375959;on
450;450;-0.68957;0.68957;on
450;450;0.690219;0.43923;on
450;450;-0.438756;-0.376076;on
450;450;0.0626489;-0.250595;on
450;450;0.563938;-0.0626598;on
450;450;0.564115;-0.250718;on
450;450;-0.438832;0.0626903;on
450;450;-0.626554;0.375933;on
450;450;1.12862;0.627012;on
450;450;-0.814492;-0.626532;on
450;450;0.939635;-0.375854;on
450;450;-5.68434e-14;0.375972;on
450;450;-0.188091;0.376181;on
450;450;-0.751891;-0.375946;on
450;450;0.689162;-0.438557;on
450;450;-1.00273;-5.68434e-14;on
450;450;0.501365;0.376024;on
450;450;-5.68434e-14;0.689786;on
450;450;0.0627144;-0.250857;on
450;450;-0.188012;-0.250683;on
450;450;-0.125272;-0.563722;on
450;450;1.62825;0.814124;on
450;450;-1.62836;0.939439;on
450;450;0.0626162;-0.438313;on
450;450;-1.00252;0.877206;on
450;450;1.3165;0.125381;on
450;450;-1.06485;-0.689018;on
450;450;1.19049;0.0626576;on
450;450;-1.69229;1.06551;on
450;450;1.69229;-1.06551;on
450;450;-0.438786;1.00294;on
450;450;1.44092;-1.19033;on
450;450;-1.0657;0.940322;on
450;450;0.689546;-0.31343;on
450;450;0.250718;-0.501435;on
450;450;-0.501383;0.188019;on
450;450;0.815514;0.815514;on
450;450;-0.376247;-0.752494;on
450;450;-1.00305;0.0626903;on
450;450;0.376522;0.564783;on
450;450;0.627647;0.502117;on
450;450;-1.00305;-1.00305;on
450;450;1.1289;0.689882;on
450;450;-1.00385;0.690146;on
450;450;0.376142;-1.06574;on
450;450;-0.125503;1.31778;on
450;450;0.125477;-0.627384;on
450;450;-5.68434e-14;-0.501558;on
450;450;-0.0627559;1.25512;on
450;450;1.12886;-1.00343;on
450;450;-1.63091;0.50182;on
450;450;-0.12549;0.37647;on
450;450;-0.877909;-0.188123;on
450;450;1.31581;-0.751891;on
450;450;-1.12729;-5.68434e-14;on
450;450;-0.313473;0.376168;on
450;450;0.376391;0.564587;on
450;450;-1.0657;-5.68434e-14;on
450;450;0.376181;-0.125394;on
450;450;0.627078;-0.250831;on
450;450;-0.313408;-0.125363;on
450;450;-5.68434e-14;-0.0626925;on
450;450;0.188078;-0.0626925;on
450;450;0.313517;0.501627;on
450;450;0.438756;-0.564115;on
450;450;-1.19004;-0.814237;on
450;450;0.501278;1.06522;on
450;450;-1.12744;-1.12744;on
450;450;1.31641;0.250744;on
450;450;-0.815003;0.125385;on
450;450;-0.313517;0.376221;on
450;450;0.31355;0.25084;on
450;450;0.815315;-0.18815;on
450;450;-0.0627231;-0.0627231;on
450;450;-0.501767;-0.125442;on
450;450;-0.438832;-0.0626903;on
450;450;-0.188123;-5.68434e-14;on
450;450;0.68981;0.12542;on
450;450;-0.501662;0.125416;on
450;450;-0.438878;0.125394;on
450;450;0.0626925;0.25077;on
450;450;1.06562;-0.50147;on
450;450;-1.19066;-0.375998;on
450;450;1.62808;-0.250473;on
450;450;-1.18958;0.500877;on
450;450;1.25276;0.187914;on
450;450;-1.00193;0.250482;on
450;450;0.68885;-0.375736;on
450;450;-1.189;-0.876108;on
450;450;0.689186;1.31572;on
450;450;0.626205;-1.12717;on
450;450;-0.876962;0.375841;on
450;450;1.06503;0.0626489;on
450;450;-0.564056;0.125346;on
450;450;-0.18815;0.250866;on
450;450;0.250814;-5.68434e-14;on
450;450;-0.940748;-0.0627165;on
450;450;1.25433;0.501732;on
450;450;-1.25402;-5.68434e-14;on
450;450;0.438878;-0.752363;on
450;450;-0.56439;-0.12542;on
450;450;0.940289;-0.31343;on
450;450;-1.75502;-0.0626794;on
450;450;-0.376417;0.0627362;on
450;450;-1.37924;-0.50154;on
450;450;-0.187992;-0.626641;on
450;450;0.438863;0.376168;on
450;450;-0.438542;1.37828;on
450;450;1.12709;-1.87849;on
450;450;0.501488;0.250744;on
450;450;0.187992;-1.31595;on
450;450;0.125433;2.19508;on
450;450;0.375919;-1.75429;on
450;450;-0.877267;-0.31331;on
450;450;0.188064;1.37914;on
450;450;0.501331;-0.751996;on
450;450;-0.250989;0.376483;on
450;450;-0.689834;-5.68434e-14;on
450;450;0.125446;0.0627231;on
450;450;0.690387;0.0627625;on
450;450;-0.627318;-0.69005;on
450;450;-0.125486;0.250971;on
450;450;2.06993;-0.689978;on
450;450;-0.627559;0.251024;on
450;450;0.501627;-1.12866;on
450;450;-0.501802;0.501802;on
450;450;-5.68434e-14;-0.627581;on
450;450;-0.56439;-5.68434e-14;on
450;450;0.752887;0.439184;on
450;450;-0.439092;-0.50182;on
450;450;-0.626881;-0.501505;on
450;450;0.627078;0.313539;on
450;450;-0.438985;-0.0627122;on
450;450;-0.313495;0.815088;on
450;450;0.188064;-0.68957;on
450;450;0.0626707;-0.0626707;on
450;450;1.0657;0.438817;on
450;450;-0.626991;0.501593;on
450;450;-0.250726;-0.188045;on
450;450;0.376103;-0.376103;on
450;450;0.689258;-0.751917;on
450;450;-1.12839;0.0626881;on
450;450;0.250866;-5.68434e-14;on
450;450;0.313725;-5.68434e-14;on
450;450;-1.38058;0.0627537;on
450;450;0.564705;-0.188235;on
450;450;-0.627056;-5.68434e-14;on
450;450;0.878032;0.125433;on
450;450;0.439108;0.250919;on
450;450;0.313528;-0.125411;on
450;450;-1.1285;0.0626947;on
450;450;0.501593;-5.68434e-14;on
450;450;-0.125389;-5.68434e-14;on
450;450;0.313452;0.125381;on
450;450;-0.626947;0.313473;on
450;450;0.626925;-1.63001;on
450;450;0.376234;0.438939;on
450;450;0.375867;-1.1276;on
450;450;-1.25376;1.0657;on
450;450;0.563761;-1.37808;on
450;450;-0.68933;1.25333;on
450;450;0.43842;-0.939472;on
450;450;0.626794;0.313397;on
450;450;-0.75163;-0.125272;on
450;450;-5.68434e-14;0.313244;on
450;450;0.500895;-1.18962;on
450;450;-0.877115;0.187953;on
450;450;0.939995;0.313332;on
450;450;-1.06588;0.68969;on
450;450;0.814464;-0.563859;on
450;450;0.313212;-0.689066;on
450;450;0.0626663;0.501331;on
450;450;-0.564272;0.626969;on
450;450;-0.563624;-0.313124;on
450;450;0.50086;-0.50086;on
450;450;0.501069;-0.0626336;on
450;450;-0.250491;-0.125245;on
450;450;-0.751551;0.0626293;on
450;450;0.313255;0.689162;on
450;450;0.501243;0.0626554;on
450;450;0.375606;-0.751211;on
450;450;-0.751081;0.563311;on
450;450;-0.375697;0.81401;on
450;450;-5.68434e-14;-0.312983;on
450;450;-5.68434e-14;-0.125202;on
450;450;0.62614;-0.125228;on
450;450;0.0626336;-0.250534;on
450;450;-1.00148;-0.250369;on
450;450;1.00245;0.689186;on
450;450;-0.375985;-0.75197;on
450;450;-0.93957;-0.31319;on
450;450;0.876871;-0.187901;on
450;450;-0.0626314;0.688946;on
450;450;-0.813727;-1.75264;on
450;450;1.06503;-5.68434e-14;on
450;450;-1.00186;0.688778;on
450;450;0.814407;-0.250587;on
450;450;-5.68434e-14;-0.626097;on
450;450;-1.00137;-0.625857;on
450;450;0.877359;1.75472;on
450;450;-1.18954;-0.187822;on
450;450;0.751656;0.062638;on
450;450;-0.062662;0.689282;on
450;450;-0.313321;0.125328;on
450;450;-0.0626293;-0.375776;on
450;450;1.00238;-5.68434e-14;on
450;450;-2.25387;-0.25043;on
450;450;0.752101;0.2507;on
450;450;0.125385;-0.376155;on
450;450;-1.94137;0.2505;on
450;450;-0.0625944;-1.87783;on
450;450;1.31567;0.814464;on
450;450;-0.43839;-0.751525;on
450;450;-0.250691;0.125346;on
450;450;1.31663;1.25394;on
450;450;-1.12646;-0.375488;on
450;450;1.87894;-1.81631;on
450;450;-0.814691;1.31604;on
450;450;1.3154;-0.125276;on
450;450;-0.940355;0.188071;on
450;450;0.501523;0.626903;on
450;450;-1.00249;0.250622;on
450;450;-0.125411;-0.250822;on
450;450;0.376129;-0.438817;on
450;450;-0.50182;0.376365;on
450;450;-0.250735;-1.00294;on
450;450;-0.313747;0.564744;on
450;450;-0.376037;0.313364;on
450;450;-0.814549;-0.375946;on
450;450;0.752179;-0.626816;on
450;450;0.376339;0.501785;on
450;450;1.69435;-0.188261;on
450;450;-1.25328;0.313321;on
450;450;0.626947;0.250779;on
450;450;0.0626532;-0.751839;on
450;450;-0.813812;-0.187803;on
450;450;1.00301;0.250753;on
450;450;1.37876;0.376024;on
450;450;-0.626271;-0.939406;on
450;450;0.626838;-1.00294;on
450;450;-0.564744;1.56873;on
450;450;0.815741;-0.752992;on
450;450;-0.815798;0.50203;on
450;450;-0.502257;0.125564;on
450;450;2.07152;-0.251094;on
450;450;-2.00826;1.81998;on
450;450;1.0667;-0.313736;on
450;450;-5.68434e-14;1.50499;on
450;450;-0.438237;-1.1269;on
450;450;-0.250265;-0.375397;on
450;450;1.31535;2.19225;on
450;450;1.5031;0.751551;on
450;450;-1.93881;-0.813049;on
450;450;0.250404;-0.68861;on
450;450;0.187894;0.814209;on
450;450;0.0625792;-0.75095;on
450;450;-0.813473;-0.563173;on
450;450;0.125145;0.312863;on
450;450;-0.187594;-0.187594;on
450;450;0.0625879;0.500703;on
450;450;1.75423;-0.689162;on
450;450;-2.44433;1.19083;on
450;450;2.94737;-1.31691;on
450;450;-1.69329;1.25429;on
450;450;0.250744;-0.125372;on
450;450;-0.626772;2.25638;on
450;450;-3.49084;2.30645;on
450;450;-0.685108;1.86848;on
450;450;-2.74024;6.16554;on
450;450;1.43185;-2.67694;on
450;450;-0.622976;-1.05906;on
450;450;0.936864;3.87237;on
450;450;-0.374395;-1.37278;on
450;450;0.187451;-1.56209;on
450;450;3.06787;1.44002;on
450;450;-1.56394;-1.00092;on
450;450;0.12532;0.689258;on
450;450;-1.06518;0.814549;on
450;450;0.93957;-3.25717;on
450;450;-2.69728;1.31728;on
450;450;2.19561;-0.878246;on
450;450;0.376299;-0.940748;on
450;450;0.878062;0.815343;on
450;450;0.376312;0.376312;on
450;450;-1.0667;1.75692;on
450;450;1.81916;-1.94462;on
450;450;0.626903;-1.50457;on
450;450;1.80945;5.9899;on
450;450;0.37459;-1.68565;on
450;450;-0.436612;-0.498985;on
450;450;-0.187308;1.31115;on
450;450;2.68288;-4.11791;on
450;450;-2.05767;0.311769;on
450;450;3.55342;0.997452;on
450;450;-1.93297;0.872952;on
450;450;0.187009;-1.55841;on
450;450;-5.68434e-14;2.68065;on
450;450;0.561106;0.561106;on
450;450;-0.685701;-0.374019;on
450;450;-2.24411;1.80776;on
450;450;1.62142;-0.685986;on
450;450;-2.43424;-5.68434e-14;on
450;450;1.9985;0.124906;on
450;450;0.31219;1.99802;on
450;450;-0.808498;2.3633;on
450;450;3.11036;0.43545;on
450;450;-0.994731;3.97892;on
450;450;1.24384;-2.54988;on
450;450;-1.05781;-0.186673;on
450;450;0.186893;2.36731;on
450;450;-5.68434e-14;-0.871654;on
450;450;-3.73656;-1.49463;on
450;450;0.187301;-0.0624338;on
450;450;-0.312407;-5.68434e-14;on
450;450;2.2574;-0.438939;on
450;450;-2.07073;0.125499;on
450;450;1.37962;-0.43897;on
450;450;0.50224;-2.1973;on
450;450;-2.38764;-0.0628326;on
450;450;-0.627056;-1.37952;on
450;450;4.30778;6.55532;on
450;450;-0.312581;-5.814;on
450;450;-1.37288;-0.18721;on
450;450;-0.561943;1.8107;on
450;450;-5.68434e-14;-1.8097;on
450;450;-0.999738;0.499869;on
450;450;2.5003;0.812597;on
450;450;-1.56301;1.81309;on
450;450;0.374928;-1.68717;on
450;450;-0.312602;0.437643;on
450;450;0.250447;2.25403;on
450;450;3.32166;-0.564056;on
450;450;-1.75496;0.250709;on
450;450;2.19485;-0.06271;on
450;450;-3.99812;-8.62094;on
450;450;1.68559;0.749153;on
450;450;-4.68237;2.3724;on
450;450;2.49648;-3.24543;on
450;450;-3.55109;0.872197;on
450;450;-1.30802;1.12116;on
450;450;-0.248751;-1.24376;on
450;450;-0.1246;0.311499;on
450;450;2.55518;0.373928;on
450;450;-2.67713;-0.747106;on
450;450;2.18412;-0.811245;on
450;450;-0.811189;1.37278;on
450;450;2.49527;-0.436673;on
450;450;-5.9195;-0.186932;on
450;450;1.92649;2.4858;on
450;450;-2.74034;-3.61226;on
450;450;2.62085;-4.6801;on
450;450;-2.80806;2.37125;on
450;450;3.31186;-0.687367;on
450;450;-2.87674;0.187614;on
450;450;3.50358;0.750767;on
450;450;-0.187738;-0.938688;on
450;450;0.877115;-0.187953;on
450;450;-0.501191;2.5686;on
450;450;-0.125416;2.50831;on
450;450;0.0626227;-0.125245;on
450;450;-2.49908;0.43734;on
450;450;-1.92882;-3.29767;on
450;450;-3.3571;0.310843;on
450;450;-4.6599;2.36102;on
450;450;2.73381;-3.91432;on
450;450;-1.42874;-0.74543;on
450;450;1.30784;3.36302;on
450;450;0.186919;-1.37074;on
450;450;1.25145;1.56432;on
450;450;1.88006;-0.814691;on
450;450;-0.877237;-0.814577;on
450;450;0.376732;-0.0627887;on
450;450;-0.43992;0.816995;on
450;450;1.38174;-1.31893;on
450;450;4.70833;0.941667;on
450;450;6.18996;5.12704;on
450;450;-0.312451;-4.24933;on
450;450;-2.61949;0.124738;on
450;450;-0.871774;1.12085;on
450;450;1.80557;-2.17913;on
450;450;-2.24186;-0.0622739;on
450;450;2.05589;2.61659;on
450;450;-0.31165;-0.12466;on
450;450;-0.87265;-2.68028;on
450;450;-0.124798;1.06079;on
450;450;2.18503;-0.686724;on
450;450;2.56112;-1.99892;on
450;450;4.86713;6.36471;on
450;450;1.92756;8.82946;on
450;450;0.871081;-0.808861;on
450;450;0.311294;0.996141;on
450;450;0.124772;2.99454;on
450;450;0.374654;-3.18456;on
450;450;-0.0625379;1.87614;on
450;450;1.43842;-0.06254;on
450;450;-1.87738;-0.938688;on
450;450;0.87742;-5.68434e-14;on
450;450;-0.250691;1.31613;on
450;450;0.689954;-0.313615;on
450;450;-1.19157;-0.188143;on
450;450;-6.80953;-8.18393;on
450;450;0.249268;-1.86951;on
450;450;-2.86629;0.685416;on
450;450;2.61623;-4.04892;on
450;450;-1.9938;-0.373837;on
450;450;1.30979;1.06031;on
450;450;-1.11981;-3.11057;on
450;450;2.43087;2.05689;on
450;450;-0.436506;1.49659;on
450;450;-0.49902;-0.623775;on
450;450;0.49928;0.43687;on
450;450;1.18554;-0.062397;on
450;450;2.43306;-2.99454;on
450;450;-8.03778;-3.30235;on
450;450;5.96324;3.23009;on
450;450;-1.36742;-3.3564;on
450;450;-0.12426;-0.621299;on
450;450;-1.61789;3.9825;on
450;450;2.06303;1.06277;on
450;450;-2.00226;-1.00113;on
450;450;0.502292;0.879012;on
450;450;1.1954;0.566244;on
450;450;-0.81808;-0.377575;on
450;450;-0.126017;1.63822;on
450;450;-0.189092;2.39516;on
450;450;-0.0629336;-2.07681;on
450;450;-2.62222;7.49205;on
450;450;2.37092;1.18546;on
450;450;-0.933301;5.47537;on
450;450;0.684185;-2.73674;on
450;450;0.0622804;0.124561;on
450;450;0.374356;3.3692;on
450;450;0.124751;-1.24751;on
450;450;-0.312852;1.75197;on
450;450;1.94212;-0.313244;on
450;450;-1.81467;1.12635;on
450;450;2.12814;-2.50369;on
450;450;-0.876291;0.375553;on
450;450;-2.80398;2.18087;on
450;450;-0.311144;0.995659;on
450;450;-1.30495;5.77908;on
450;450;2.42474;-2.7356;on
450;450;-0.684729;0.186744;on
450;450;0.186977;3.24093;on
450;450;-0.685084;-2.67806;on
450;450;-0.374732;1.24911;on
450;450;3.75345;-0.375345;on
450;450;-2.37537;-0.250039;on
450;450;1.81581;-1.37751;on
450;450;-2.00532;1.19066;on
450;450;7.56445;-0.375097;on
450;450;-0.996624;4.67167;on
450;450;0.311887;-5.42684;on
450;450;-1.37026;1.80626;on
450;450;-5.68434e-14;1.61862;on
450;450;-0.436159;-2.86619;on
450;450;0.0624078;2.62113;on
450;450;0.686034;-0.249467;on
450;450;-2.12304;-0.624424;on
450;450;2.68838;0.125041;on
450;450;-1.56182;1.56182;on
450;450;1.87646;-0.875682;on
450;450;-2.87974;0.563428;on
450;450;-6.24511;-7.55658;on
450;450;-3.86072;-1.30766;on
450;450;-2.05739;0.311725;on
450;450;-0.374174;-0.498899;on
450;450;-1.05972;4.05187;on
450;450;1.24928;-1.12435;on
450;450;-1.06414;-1.25193;on
450;450;3.13845;1.88307;on
450;450;-1.4453;1.00543;on
450;450;-0.188623;-1.38323;on
450;450;-5.68434e-14;1.51136;on
450;450;-0.314866;1.00757;on
450;450;-0.0629622;-0.755547;on
450;450;-3.06777;-3.50602;on
450;450;3.63199;-0.438344;on
450;450;0.125224;5.38462;on
450;450;1.56535;-2.56717;on
450;450;-0.375828;0.31319;on
450;450;0.878154;2.00721;on
450;450;-1.12756;-2.12984;on
450;450;-0.878613;2.38481;on
450;450;2.5729;2.13363;on
450;450;-2.69437;-1.31586;on
450;450;3.57709;-2.32197;on
450;450;-2.1986;0.628172;on
450;450;-6.06913;-8.38415;on
450;450;3.12071;2.30933;on
450;450;-0.437537;-0.687558;on
450;450;0.62514;-1.50034;on
450;450;-1.06318;5.3159;on
450;450;2.31664;-1.12701;on
450;450;-3.1942;-0.814209;on
450;450;0.94124;1.44323;on
450;450;0.439782;-0.502608;on
450;450;0.188465;-0.816681;on
450;450;3.77417;0.691931;on
450;450;-0.188379;0.816311;on
450;450;-0.0626293;-1.25259;on
450;450;-5.85577;-1.80657;on
450;450;-3.61039;0.248992;on
450;450;-3.17861;3.49024;on
450;450;1.3696;-2.0544;on
450;450;-1.05752;-0.808694;on
450;450;0.998005;2.68214;on
450;450;0.187451;-0.812287;on
450;450;0.626925;-2.31962;on
450;450;3.14371;1.88623;on
450;450;-1.19415;-0.2514;on
450;450;0.755653;-1.44833;on
450;450;-0.0630416;1.07171;on
450;450;-0.502801;2.76541;on
450;450;3.62606;5.00147;on
450;450;0.312526;-2.3752;on
450;450;-2.74509;-0.686271;on
450;450;-1.37045;3.55072;on
450;450;1.5576;-1.93143;on
450;450;-4.36295;0.0623278;on
450;450;1.18505;-1.18505;on
450;450;-1.93524;0.6867;on
450;450;0.437643;-1.00033;on
450;450;-0.562645;1.50039;on
450;450;0.312678;-0.625357;on
450;450;0.375841;0.12528;on
450;450;-6.66954;1.86996;on
450;450;3.30773;0.561689;on
450;450;-0.437006;3.24633;on
450;450;1.18583;-2.43407;on
450;450;-0.0623991;-3.80635;on
450;450;-1.62802;1.81587;on
450;450;0.564272;-0.752363;on
450;450;-0.314514;0.251611;on
450;450;2.58136;0.37776;on
450;450;-1.00645;0.817737;on
450;450;2.20383;-0.251867;on
450;450;-1.82501;-5.68434e-14;on
450;450;-3.81906;-9.39112;on
450;450;-0.50039;0.625487;on
450;450;-2.00246;0.250308;on
450;450;3.75358;-4.62941;on
450;450;-1.93578;1.06156;on
450;450;1.1242;1.18665;on
450;450;-2.36706;-3.36372;on
450;450;3.42862;1.05976;on
450;450;-5.68434e-14;2.36879;on
450;450;-0.747701;-1.30848;on
450;450;-0.0623861;-5.68434e-14;on
450;450;3.37177;-0.187321;on
450;450;-0.687749;0.437659;on
450;450;-6.29685;-9.22707;on
450;450;0.498415;-0.809925;on
450;450;-1.43637;-1.18657;on
450;450;-0.312169;-3.93333;on
450;450;-0.563291;1.94022;on
450;450;3.0166;0.565612;on
450;450;-1.88537;-2.57668;on
450;450;0.75703;-0.820116;on
450;450;2.65649;-0.252999;on
450;450;-0.884752;3.34942;on
450;450;0.946155;-2.27077;on
450;450;-1.0087;1.89131;on
450;450;-5.76711;-4.0119;on
450;450;4.43649;-0.937286;on
450;450;-4.11749;1.31011;on
450;450;3.11542;-3.86312;on
450;450;-1.24587;2.67861;on
450;450;1.18308;-1.80576;on
450;450;-0.872469;0.74783;on
450;450;0.996762;0.124595;on
450;450;-3.30326;0.373954;on
450;450;0.12485;1.37335;on
450;450;-0.37498;-0.37498;on
450;450;0.939177;0.500895;on
450;450;0.125202;1.12682;on
450;450;0.625075;-3.62543;on
450;450;-1.74367;-2.17959;on
450;450;4.36234;0.872469;on
450;450;-2.86688;1.37112;on
450;450;1.62086;-1.55852;on
450;450;-3.1138;3.05153;on
450;450;2.61813;-1.12206;on
450;450;-1.37235;0.374278;on
450;450;1.12276;-1.55938;on
450;450;-2.37669;1.87633;on
450;450;4.1331;0.187868;on
450;450;-2.12754;-0.438024;on
450;450;1.94245;-1.94245;on
450;450;0.563663;-2.06677;on
450;450;-8.17514;-11.6698;on
450;450;-2.49035;0.747106;on
450;450;-4.86174;-5.68434e-14;on
450;450;0.435571;-2.3023;on
450;450;-1.9918;4.54379;on
450;450;0.561009;-1.37135;off
450;450;33.3027;35.1736;off
450;450;-38.632;70.9187;off
450;450;-158.788;29.8385;off
450;450;-193.306;21.8009;off
450;450;-133.132;41.3764;off
450;450;-192.715;25.9542;off
450;450;-183.975;5.67404;off
450;450;80.6526;256.336;off
450;450;-155.805;-28.4572;off
450;450;12.0299;40.8646;off
450;450;37.3865;89.9516;off
450;450;67.4046;-18.5922;off
450;450;-35.2617;51.4596;off
450;450;62.0356;38.5156;off
450;450;-0.062261;34.8662;off
450;450;-0.871292;26.6366;off
450;450;-2.05348;44.4298;off
450;450;25.7271;40.0546;off
450;450;-34.4916;38.034;off
450;450;-16.0506;-18.6634;off
450;450;-17.7425;-69.4138;off
450;450;55.62;-260.692;off
450;450;-35.6681;-32.6285;off
450;450;71.7551;-182.277;off
450;450;58.1115;-116.534;off
450;450;11.6824;-60.09;off
450;450;99.0288;-70.4067;off
450;450;-12.8778;11.9446;off
450;450;12.1058;-1.80964;off
450;450;-16.1647;36.5735;off
450;450;-80.3322;20.2544;off
450;450;-122.037;-12.3464;off
450;450;-98.9607;30.8085;off
450;450;149.463;267.738;off
450;450;-167.739;-92.3187;off
450;450;-40.434;-62.359;off
450;450;-78.1918;82.7292;off
450;450;-16.0905;-39.8846;off
450;450;-126.449;26.8791;off
450;450;-43.037;3.91811;off
450;450;-106.507;16.0166;off
450;450;-112.26;-4.05383;off
450;450;-130.103;12.2282;off
450;450;-109.52;2.3633;off
450;450;-96.9685;-16.7508;off
450;450;5.09676;8.32886;off
450;450;189.034;13.1334;off
450;450;18.1223;68.0677;off
450;450;79.9472;-81.0065;off
450;450;75.6922;102.814;off
450;450;152.089;3.91405;off
450;450;55.0788;2.73221;off
450;450;85.7658;54.843;off
450;450;92.1944;40.1331;off
450;450;48.6292;38.1686;off
450;450;-26.2213;34.8368;off
450;450;-122.847;25.4165;off
450;450;-97.6132;5.78587;off
450;450;-132.572;40.2185;off
450;450;75.7357;209.148;off
450;450;-232.873;-17.467;off
450;450;-81.3152;-83.7323;off
450;450;-138.12;95.2018;off
450;450;-141.244;46.274;off
450;450;-83.8275;-39.0285;off
450;450;29.7859;40.2949;off
450;450;35.5808;33.9663;off
450;450;-32.9061;8.87845;off
450;450;23.6698;25.5385;off
450;450;5.098;44.8251;off
450;450;-6.34053;17.1567;off
450;450;140.495;198.324;off
450;450;-41.2402;-25.1327;off
450;450;71.9237;-27.9703;off
450;450;20.6143;107.728;off
450;450;79.2379;-12.9583;off
450;450;-52.3466;26.9495;off
450;450;-86.5147;50.6534;off
450;450;-123.043;9.03634;off
450;450;-125.2;37.0093;off
450;450;-109.079;25.239;off
450;450;-163.644;16.086;off
450;450;-131.107;8.45257;off
450;450;-64.7936;108.853;off
450;450;-222.919;-100.301;off
450;450;-70.1962;13.3441;off
450;450;-8.69819;59.3341;off
450;450;42.7573;14.3972;off
450;450;-54.4239;5.46724;off
450;450;36.4954;37.6767;off
450;450;-13.512;14.0724;off
450;450;-59.8306;-0.373941;off
450;450;-29.884;21.9607;off
450;450;-63.8533;23.2137;off
450;450;-53.1551;-0.187386;off
450;450;-45.1609;15.2402;off
450;450;152.192;177.021;off
450;450;-104.189;1.87953;off
450;450;41.9003;-57.449;off
450;450;-1.18752;99.314;off
450;450;33.2855;8.15027;off
450;450;-83.699;32.259;off
450;450;-61.1966;39.862;off
450;450;-118.02;9.7003;off
450;450;-101.529;14.0856;off
450;450;-111.63;-25.5261;off
450;450;-133.704;-34.2957;off
450;450;-118.304;-43.4093;off
450;450;-140.39;-36.6935;off
450;450;5.51623;59.9968;off
450;450;-127.628;-248.359;off
450;450;32.3791;35.5547;off
450;450;73.4781;-39.2256;off
450;450;79.307;-155.944;off
450;450;-6.59146;-47.5704;off
450;450;119.646;-55.9134;off
450;450;31.0285;-83.4047;off
450;450;43.4459;-84.4713;off
450;450;50.9096;-56.1868;off
450;450;36.6631;-74.9391;off
450;450;12.895;-73.9601;off
450;450;34.9153;-54.2024;off
450;450;273.594;186.432;off
450;450;-23.0828;-133.93;off
450;450;106.285;-39.7871;off
450;450;39.3872;41.7443;off
450;450;-17.256;-78.6453;off
450;450;-182.775;-95.4091;off
450;450;-194.643;-33.9744;off
450;450;-281.793;-77.6679;off
450;450;-299.404;-97.1493;off
450;450;-249.981;-68.0133;off
450;450;-312.878;-90.3621;off
450;450;-256.568;-120.06;off
450;450;-70.4931;48.693;off
450;450;-212.178;-200.405;off
450;450;-116.201;-18.714;off
450;450;8.47805;-5.54814;off
450;450;163.073;-101.306;off
450;450;83.2401;-44.266;off
450;450;159.08;-29.5515;off
450;450;110.241;-45.6128;off
450;450;67.4513;-49.0951;off
450;450;28.0351;-31.454;off
450;450;-1.30572;-55.7107;off
450;450;-28.2831;-38.3753;off
450;450;-105.99;-41.4744;off
450;450;-193.878;-296.949;off
450;450;-185.449;77.8813;off
450;450;-124.98;-10.757;off
450;450;-122.263;-60.1394;off
450;450;-169.827;-9.16643;off
450;450;-88.4335;6.44505;off
450;450;-124.249;110.863;off
450;450;-174.192;44.9389;off
450;450;-204.665;69.2104;off
450;450;-152.952;75.4258;off
450;450;-236.626;65.7982;off
450;450;-162.578;42.0651;off
450;450;98.4303;231.903;off
450;450;-1.7376;35.9931;off
450;450;84.8987;200.363;off
450;450;63.4041;129.367;off
450;450;131.584;29.3581;off
450;450;31.7495;88.7246;off
450;450;104.5;37.379;off
450;450;48.5251;-83.0084;off
450;450;43.3884;-142.455;off
450;450;68.5707;-125.599;off
450;450;30.4974;-132.673;off
450;450;59.3443;-143.172;off
450;450;254.782;42.846;off
450;450;-27.5945;-175.922;off
450;450;78.9317;-219.096;off
450;450;65.9335;-85.1977;off
450;450;131.611;-217.344;off
450;450;77.325;-94.1564;off
450;450;148.009;-18.2681;off
450;450;62.0806;-21.75;off
450;450;26.3267;-12.1699;off
450;450;-62.9629;-5.11691;off
450;450;-88.0638;-33.313;off
450;450;-55.87;-20.3107;off
450;450;-57.2241;-12.4455;off
450;450;155.454;136.368;off
450;450;-121.314;-6.60469;off
450;450;6.66977;-119.246;off
450;450;-40.8998;94.4369;off
450;450;-16.6283;92.5454;off
450;450;-71.7565;157.927;off
450;450;-14.1298;245;off
450;450;-85.8109;223.283;off
450;450;-83.5976;222.263;off
450;450;-43.1309;232.268;off
450;450;-105.343;230.755;off
450;450;-82.4282;216.853;off
450;450;67.1004;346.998;off
450;450;-99.6564;-72.692;off
450;450;-26.1523;1.55669;off
450;450;1.61828;-37.7807;off
450;450;11.9351;-124.386;off
450;450;-56.6144;-59.7873;off
450;450;-4.10823;-39.9619;off
450;450;-62.9228;-70.8348;off
450;450;-69.7159;-73.2671;off
450;450;-62.4334;-52.0798;off
450;450;-86.4462;-71.6643;off
450;450;-84.9493;-77.2153;off
450;450;-82.3465;-57.8482;off
450;450;132.315;163.61;off
450;450;-146.704;-81.585;off
450;450;11.5048;-122.51;off
450;450;-36.7289;3.98415;off
450;450;2.92192;-117.872;off
450;450;-77.7232;-76.4154;off
450;450;39.5207;-61.8016;off
450;450;-40.9536;-80.4134;off
450;450;-63.6958;-69.4806;off
450;450;-53.0062;28.0621;off
450;450;-90.657;16.9826;off
450;450;-82.1999;-2.93571;off
450;450;-71.1202;26.015;off
450;450;157.842;196.488;off
450;450;-91.8852;12.5383;off
450;450;62.2743;8.86068;off
450;450;-6.57104;161.272;off
450;450;19.9029;122.797;off
450;450;-54.4328;230.715;off
450;450;-3.07001;237.205;off
450;450;-64.8213;209.745;off
450;450;-73.6656;210.375;off
450;450;-59.8061;217.155;off
450;450;-82.9892;185.995;off
450;450;-77.1423;178.923;off
450;450;59.5184;193.653;off
450;450;-85.5824;-227.66;off
450;450;-33.4041;59.6546;off
450;450;36.3648;-221.111;off
450;450;25.5769;-226.645;off
450;450;-42.2861;-159.789;off
450;450;13.0966;-282.698;off
450;450;-54.2537;-265.538;off
450;450;-32.764;-282.169;off
450;450;-36.9211;-261.628;off
450;450;-25.0497;-268.879;off
450;450;-54.8884;-268.517;off
450;450;-20.9371;-220.4;off
450;450;97.9037;-123.849;off
450;450;-42.2038;-9.61446;off
450;450;11.0466;-95.3;off
450;450;-7.7324;93.0382;off
450;450;51.8616;-19.0512;off
450;450;-31.2691;0.809757;off
450;450;41.3448;34.8594;off
450;450;-20.1103;1.86783;off
450;450;-21.3169;-19.073;off
450;450;-19.5642;-21.8695;off
450;450;-4.42252;-27.2203;off
450;450;-41.4036;-22.4762;off
450;450;-49.1998;-37.7406;off
450;450;-42.6337;-26.2409;off
450;450;234.598;202.365;off
450;450;-63.2486;-167.54;off
450;450;45.3888;-37.4084;off
450;450;15.6205;-7.03233;off
450;450;93.7799;-132.684;off
450;450;-14.1147;-35.1935;off
450;450;68.8111;-28.8422;off
450;450;-0.932689;-72.501;off
450;450;5.48257;-74.1393;off
450;450;-7.0389;-44.4759;off
450;450;-2.86064;-61.5038;off
450;450;-46.1897;-55.4649;off
450;450;134.135;3.96551;off
450;450;-29.3537;15.8973;off
450;450;15.5509;-89.6829;on
450;450;1.4967;-65.8547;on
450;450;-3.1109;-204.573;on
450;450;3.05311;-211.599;on
450;450;-2.74394;-250.323;on
450;450;2.37339;-298.172;on
450;450;-0.559285;-361.174;on
450;450;0.24718;-397.157;on
450;450;-0.185137;-443.959;on
450;450;-2.35071;-450;on
450;450;2.48468;-450;on
450;450;-5.53032;-364.069;on
450;450;-2.22045;-450;on
450;450;-0.443169;-450;on
450;450;3.06431;-450;on
450;450;-1.95525;-450;on
450;450;2.20006;-450;on
450;450;-0.878154;-450;on
450;450;0.502065;-450;on
450;450;1.06823;-450;on
450;450;-1.23655;-450;on
450;450;0.890221;-450;on
450;450;-0.210357;-391.896;on
450;450;-2.26276;-97.6759;on
450;450;9.2073;-433.344;on
450;450;2.63052;-41.3367;on
450;450;11.5648;-44.8986;on
450;450;12.8323;-81.6604;on
450;450;20.7138;-169.853;on
450;450;45.189;-263.602;on
450;450;67.348;-428.578;on
450;450;117.393;-450;on
450;450;153.491;-450;on
450;450;196.043;-450;on
450;450;242.7;-450;on
450;450;270.004;-450;on
450;450;257.147;-450;on
450;450;267.572;-450;on
450;450;216.871;-450;on
450;450;280.524;-450;on
450;450;260.53;-450;on
450;450;271.237;-450;on
450;450;267.572;-450;on
450;450;275.004;-450;on
450;450;267.572;-450;on
450;450;271.237;-450;on
450;450;275.004;-450;on
450;450;271.237;-450;on
450;450;271.237;-450;on
450;450;327.278;-450;on
450;450;170.081;-450;on
450;450;210.642;-450;on
450;450;230.236;-450;on
450;450;241.467;-450;on
450;450;253.85;-450;on
450;450;227.852;-450;on
450;450;222.226;-450;on
450;450;173.497;-450;on
450;450;190.591;-450;on
450;450;214.289;-450;on
450;450;192.86;-450;on
450;450;188.375;-450;on
450;450;192.86;-450;on
450;450;192.86;-450;on
450;450;192.86;-450;on
450;450;190.591;-450;on
450;450;192.86;-450;on
450;450;190.591;-450;on
450;450;190.591;-450;on
450;450;190.591;-450;on
450;450;190.591;-450;off
450;450;192.86;-450;off
450;450;190.591;-450;off
450;450;190.591;-450;off
450;450;190.591;-450;off
450;450;190.591;-450;off
450;450;188.375;-450;off
450;450;190.591;-450;off
450;450;190.591;-450;off
450;450;188.375;-450;off
450;450;188.375;-450;off
450;450;190.591;-450;off
450;450;190.591;-450;off
450;450;190.591;-450;off
450;450;190.591;-450;off
450;450;188.375;-450;off
450;450;190.591;-450;off
450;450;188.375;-450;off
450;450;188.375;-450;off
450;450;190.591;-450;off
450;450;190.591;-450;off
450;450;188.375;-450;off
450;450;188.375;-450;off
450;450;188.375;-450;off
450;450;188.375;-450;off
450;450;190.591;-450;off
450;450;190.591;-450;off
450;450;188.375;-450;off
450;450;188.375;-450;off
450;450;190.591;-450;off
450;450;188.375;-450;off
450;450;190.591;-450;off
450;450;188.375;-450;off
450;450;188.375;-450;off
450;450;188.375;-450;off
450;450;188.375;-450;off
450;450;188.375;-450;off
450;450;188.375;-450;off
450;450;190.591;-450;off
450;450;190.591;-450;off
450;450;190.591;-450;off
450;450;188.375;-450;off
450;450;186.21;-450;off
450;450;188.375;-450;off
450;450;188.375;-450;off
450;450;188.375;-450;off
450;450;188.375;-450;off
450;450;188.375;-450;off
450;450;188.375;-450;off
450;450;188.375;-450;off
450;450;188.375;-450;off
450;450;190.591;-450;off
450;450;190.591;-450;off
450;450;188.375;-450;off
450;450;190.591;-450;off
450;450;190.591;-450;off
450;450;188.375;-450;off
450;450;190.591;-450;off
450;450;190.591;-450;off
450;450;190.591;-450;off
450;450;190.591;-450;off
450;450;190.591;-450;off
450;450;190.591;-450;off
450;450;190.591;-450;off
450;450;188.375;-450;off
450;450;188.375;-450;off
450;450;190.591;-450;off
450;450;188.375;-450;off
450;450;188.375;-450;off
450;450;186.21;-450;off
450;450;188.375;-450;off
450;450;190.591;-450;off
450;450;190.591;-450;off
450;450;188.375;-450;off
450;450;188.375;-450;off
450;450;188.375;-450;off
450;450;190.591;-450;off
450;450;188.375;-450;off
450;450;188.375;-450;off
450;450;190.591;-450;off
450;450;190.591;-450;off
450;450;190.591;-450;off
450;450;190.591;-450;off
450;450;188.375;-450;off
450;450;188.375;-450;off
450;450;188.375;-450;off
450;450;190.591;-450;off
450;450;188.375;-450;off
450;450;188.375;-450;off
450;450;190.591;-450;off
450;450;190.591;-450;off
450;450;190.591;-450;off
450;450;190.591;-450;off
450;450;190.591;-450;off
450;450;188.375;-450;off
450;450;190.591;-450;off
450;450;190.591;-450;off
450;450;188.375;-450;off
450;450;188.375;-450;off
450;450;188.375;-450;off
450;450;190.591;-450;off
450;450;192.86;-450;off
450;450;190.591;-450;off
450;450;190.591;-450;off
450;450;190.591;-450;off
450;450;188.375;-450;off
450;450;190.591;-450;off
450;450;190.591;-450;off
450;450;190.591;-450;off
450;450;188.375;-450;off
450;450;188.375;-450;off
450;450;190.591;-450;off
450;450;188.375;-450;off
450;450;188.375;-450;off
450;450;188.375;-450;off
450;450;188.375;-450;off
450;450;188.375;-450;off
450;450;188.375;-450;off
450;450;190.591;-450;off
450;450;190.591;-450;off
450;450;188.375;-450;off
450;450;188.375;-450;off
450;450;188.375;-450;off
450;450;188.375;-450;off
450;450;188.375;-450;off
450;450;188.375;-450;off
450;450;188.375;-450;off
450;450;188.375;-450;off
450;450;188.375;-450;off
450;450;188.375;-450;off
450;450;188.375;-450;off
450;450;190.591;-450;off
450;450;190.591;-450;off
450;450;188.375;-450;off
450;450;188.375;-450;off
450;450;188.375;-450;off
450;450;190.591;-450;off
450;450;188.375;-450;off
450;450;188.375;-450;off
450;450;188.375;-450;off
450;450;188.375;-450;off
450;450;188.375;-450;off
450;450;190.591;-450;off
450;450;190.591;-450;off
450;450;190.591;-450;off
450;450;188.375;-450;off
450;450;188.375;-450;off
450;450;188.375;-450;off
450;450;190.591;-450;off
450;450;188.375;-450;off
450;450;188.375;-450;off
450;450;188.375;-450;off
450;450;188.375;-450;off
450;450;188.375;-450;off
450;450;188.375;-450;off
450;450;188.375;-450;off
450;450;188.375;-450;off
450;450;188.375;-450;off
450;450;190.591;-450;off
450;450;190.591;-450;off
450;450;188.375;-450;off
450;450;190.591;-450;off
450;450;190.591;-450;off
450;450;190.591;-450;off
450;450;188.375;-450;off
450;450;188.375;-450;off
450;450;190.591;-450;off
450;450;190.591;-450;off
450;450;190.591;-450;off
450;450;190.591;-450;off
450;450;190.591;-450;off
450;450;190.591;-450;off
450;450;190.591;-450;off
450;450;190.591;-450;off
450;450;190.591;-450;off
450;450;188.375;-450;off
450;450;188.375;-450;off
450;450;188.375;-450;off
450;450;188.375;-450;off
450;450;188.375;-450;off
450;450;190.591;-450;off
450;450;188.375;-450;off
450;450;188.375;-450;off
450;450;190.591;-450;off
450;450;188.375;-450;off
450;450;190.591;-450;off
450;450;190.591;-450;off
450;450;190.591;-450;off
450;450;188.375;-450;off
450;450;188.375;-450;off
450;450;190.591;-450;off
450;450;190.591;-450;off
450;450;190.591;-450;off
450;450;190.591;-450;off
450;450;190.591;-450;off
450;450;190.591;-450;off
450;450;190.591;-450;off
450;450;188.375;-450;off
450;450;188.375;-450;off
450;450;190.591;-450;off
450;450;190.591;-450;off
450;450;190.591;-450;off
450;450;190.591;-450;off
450;450;190.591;-450;off
450;450;188.375;-450;off
450;450;190.591;-450;off
450;450;190.591;-450;off
450;450;188.375;-450;off
450;450;190.591;-450;off
450;450;188.375;-450;off
450;450;188.375;-450;off
450;450;188.375;-450;off
450;450;188.375;-450;off
450;450;188.375;-450;off
450;450;188.375;-450;off
450;450;188.375;-450;off
450;450;188.375;-450;off
450;450;188.375;-450;off
450;450;188.375;-450;off
450;450;188.375;-450;off
450;450;188.375;-450;off
450;450;188.375;-450;off
450;450;188.375;-450;off
450;450;188.375;-450;off
450;450;188.375;-450;off
450;450;190.591;-450;off
450;450;188.375;-450;off
450;450;190.591;-450;off
450;450;188.375;-450;off
450;450;190.591;-450;off
450;450;188.375;-450;off
450;450;188.375;-450;off
450;450;190.591;-450;off
450;450;190.591;-450;off
450;450;190.591;-450;off
450;450;188.375;-450;off
450;450;188.375;-450;off
450;450;190.591;-450;off
450;450;188.375;-450;off
450;450;188.375;-450;off
450;450;188.375;-450;off
