target.x;target.y;delta.x;delta.y
450;450;161.411;-7.47271;off
450;450;161.525;-7.35291;off
450;450;161.703;-7.23599;off
450;450;161.802;-7.23503;off
450;450;161.536;-7.35071;off
450;450;161.889;-7.17381;off
450;450;161.611;-7.35413;off
450;450;161.741;-7.3573;off
450;450;162.393;-7.18024;off
450;450;162.17;-7.36048;off
450;450;161.393;-7.23816;off
450;450;161.615;-7.24008;off
450;450;160.882;-7.29652;off
450;450;160.519;-7.3534;off
450;450;160.764;-7.23407;off
450;450;160.922;-7.29288;off
450;450;160.552;-7.5315;off
450;450;160.803;-7.17071;off
450;450;161.092;-7.46627;off
450;450;160.44;-7.58598;off
450;450;160.646;-7.40801;off
450;450;160.869;-7.40727;off
450;450;160.81;-7.46701;off
450;450;160.499;-7.40949;off
450;450;160.369;-7.409;off
450;450;160.766;-7.40801;off
450;450;160.369;-7.34925;off
450;450;160.527;-7.46775;off
450;450;160.348;-7.28853;off
450;450;160.908;-7.40629;off
450;450;160.517;-7.52425;off
450;450;160.728;-7.34656;off
450;450;160.767;-7.52475;off
450;450;161.201;-7.58522;off
450;450;160.675;-7.46354;off
450;450;161.011;-7.40555;off
450;450;161.01;-7.468;off
450;450;160.673;-7.34949;off
450;450;161.215;-7.41219;off
450;450;160.89;-7.5305;off
450;450;160.884;-7.23143;off
450;450;160.94;-7.46751;off
450;450;160.456;-7.76595;off
450;450;161.205;-7.409;off
450;450;160.371;-7.58271;off
450;450;160.649;-7.7011;off
450;450;160.61;-7.70212;off
450;450;160.902;-7.58522;off
450;450;160.534;-7.70135;off
450;450;160.671;-7.69931;off
450;450;160.672;-7.57718;off
450;450;160.64;-7.51602;off
450;450;160.309;-7.57693;off
450;450;160.642;-7.46478;off
450;450;160.549;-7.34656;off
450;450;160.597;-7.46825;off
450;450;160.907;-7.34925;off
450;450;160.832;-7.58472;off
450;450;160.517;-7.46453;off
450;450;160.885;-7.46775;off
450;450;160.651;-7.29143;off
450;450;161.2;-7.76724;off
450;450;160.009;-7.4117;off
450;450;161.345;-7.05401;off
450;450;161.146;-7.648;off
450;450;160.388;-7.35559;off
450;450;161.639;-7.23311;off
450;450;160.134;-7.5315;off
450;450;161.66;-7.65257;off
450;450;160.449;-7.9507;off
450;450;161.572;-7.77653;off
450;450;161.259;-8.06892;off
450;450;161.107;-8.06732;off
450;450;161.25;-7.88333;off
450;450;161.205;-7.887;off
450;450;161.374;-8.06571;off
450;450;160.679;-7.82491;off
450;450;161.461;-7.8849;off
450;450;160.799;-7.94437;off
450;450;161.038;-7.34705;off
450;450;160.799;-7.70544;off
450;450;161.21;-7.2924;off
450;450;160.678;-7.46924;off
450;450;160.769;-7.35388;off
450;450;160.736;-7.23551;off
450;450;160.563;-7.59177;off
450;450;160.866;-7.11639;off
450;450;160.998;-7.64952;off
450;450;161.074;-7.47098;off
450;450;160.999;-7.46751;off
450;450;160.718;-7.76415;off
450;450;161.299;-7.64394;off
450;450;160.892;-7.76389;off
450;450;160.555;-7.82465;off
450;450;161.228;-7.88516;off
450;450;160.831;-7.82647;off
450;450;161.021;-8.00623;off
450;450;160.847;-7.58825;off
450;450;161.451;-8.06357;off
450;450;160.951;-7.82361;off
450;450;161.339;-7.75668;off
450;450;161.095;-7.99508;off
450;450;161.269;-7.93516;off
450;450;161.166;-7.93305;off
450;450;161.172;-7.99296;off
450;450;161.513;-7.87575;off
450;450;161.334;-7.93253;off
450;450;161.41;-8.11226;off
450;450;160.965;-7.63659;off
450;450;161.464;-7.93305;off
450;450;161.118;-7.99032;off
450;450;161.096;-7.57467;off
450;450;160.89;-8.11011;off
450;450;160.71;-7.87445;off
450;450;161.246;-7.51926;off
450;450;160.45;-7.93305;off
450;450;161.246;-7.81764;off
450;450;160.937;-7.69778;off
450;450;160.797;-7.69676;off
450;450;160.738;-7.57467;off
450;450;161.003;-7.63558;off
450;450;160.79;-7.63963;off
450;450;160.514;-7.57818;off
450;450;160.997;-7.57843;off
450;450;160.757;-7.76028;off
450;450;160.827;-7.34559;off
450;450;160.587;-7.58724;off
450;450;160.874;-7.52975;off
450;450;160.976;-7.47197;off
450;450;160.498;-7.47197;off
450;450;161.264;-7.47147;off
450;450;160.585;-7.59001;off
450;450;161.052;-7.5325;off
450;450;160.714;-7.41663;off
450;450;160.904;-7.47694;off
450;450;160.786;-7.77033;off
450;450;160.872;-7.23623;off
450;450;160.944;-7.59001;off
450;450;160.972;-7.46899;off
450;450;161.329;-6.99353;off
450;450;161.048;-7.5295;off
450;450;160.88;-7.64673;off
450;450;161.413;-7.3451;off
450;450;160.864;-7.22783;off
450;450;161.089;-7.63963;off
450;450;161.018;-7.4004;off
450;450;161.19;-7.22639;off
450;450;160.549;-7.40629;off
450;450;161.141;-7.40605;off
450;450;160.809;-7.40998;off
450;450;161.198;-7.05541;off
450;450;160.434;-7.5885;off
450;450;161.117;-7.05448;off
450;450;160.645;-7.35095;off
450;450;160.195;-6.93123;off
450;450;162.285;-7.47445;off
450;450;159.076;-7.76853;off
450;450;160.829;-6.15813;off
450;450;161.562;-6.40026;off
450;450;160.194;-7.71082;off
450;450;161.537;-6.92985;off
450;450;160.513;-5.80095;off
450;450;161.153;-6.70223;off
450;450;159.897;-6.63996;off
450;450;161.249;-6.16735;off
450;450;160.223;-6.11174;off
450;450;160.579;-6.88794;off
450;450;160.589;-6.529;off
450;450;161.04;-6.3529;off
450;450;160.368;-6.70446;off
450;450;160.566;-7.05917;off
450;450;160.7;-6.4663;off
450;450;160.439;-6.82464;off
450;450;159.585;-6.82395;off
450;450;162.007;-4.92204;off
450;450;160.596;-5.87911;off
450;450;159.21;-7.42181;off
450;450;162.161;-5.0394;off
450;450;160.751;-5.10416;off
450;450;159.828;-7.06621;off
450;450;161.215;-5.69136;off
450;450;161.303;-5.16266;off
450;450;159.928;-6.35395;off
450;450;161.001;-5.51457;off
450;450;161.135;-5.22112;off
450;450;160.282;-6.17392;off
450;450;160.854;-5.93534;off
450;450;160.632;-5.22234;off
450;450;160.421;-5.99929;off
450;450;160.037;-6.35353;off
450;450;160.05;-4.37919;off
450;450;161.003;-4.81146;off
450;450;159.256;-5.05001;off
450;450;161.205;-5.34347;off
450;450;161.326;-4.87225;off
450;450;160.768;-5.59351;off
450;450;160.313;-5.70617;off
450;450;160.762;-5.28466;off
450;450;161.17;-5.76682;off
450;450;160.413;-6.00349;off
450;450;161.392;-5.99969;off
450;450;160.764;-5.4008;off
450;450;161.295;-6.23594;off
450;450;160.442;-6.11093;off
450;450;161.366;-5.93435;off
450;450;161.111;-5.93376;off
450;450;161.124;-6.64614;off
450;450;161.027;-6.04599;off
450;450;161.956;-5.86972;off
450;450;160.509;-6.2264;off
450;450;161.544;-6.46415;off
450;450;161.01;-6.10747;off
450;450;161.146;-6.52488;off
450;450;160.755;-6.64327;off
450;450;161.201;-6.64438;off
450;450;160.533;-6.70134;off
450;450;162.332;-6.76635;off
450;450;159.903;-6.75982;off
450;450;161.922;-7.88988;off
450;450;161.099;-6.99911;off
450;450;161.431;-7.23719;off
450;450;160.949;-7.41096;off
450;450;162.004;-7.64901;off
450;450;160.536;-7.17214;off
450;450;161.608;-7.58749;off
450;450;161.156;-7.23023;off
450;450;161.119;-7.46751;off
450;450;160.874;-7.29071;off
450;450;161.655;-7.17404;off
450;450;160.993;-7.41023;off
450;450;160.869;-7.46701;off
450;450;161.022;-7.5255;off
450;450;160.744;-7.40703;off
450;450;160.827;-7.52475;off
450;450;160.701;-7.28829;off
450;450;161.054;-7.16857;off
450;450;160.451;-7.16833;off
450;450;160.884;-6.87284;off
450;450;161.284;-6.76005;off
450;450;161.197;-6.81874;off
450;450;161.084;-6.69689;off
450;450;161.388;-6.7569;off
450;450;161.338;-6.88198;off
450;450;161.071;-6.8235;off
450;450;161.495;-6.76387;off
450;450;161.397;-7.06151;off
450;450;161.523;-6.82237;off
450;450;161.572;-6.82191;off
450;450;161.49;-7.06034;off
450;450;161.55;-6.94067;off
450;450;161.263;-6.9386;off
450;450;161.284;-6.81987;off
450;450;161.583;-6.8797;off
450;450;161.344;-6.70023;off
450;450;161.235;-6.58102;off
450;450;161.371;-6.46201;off
450;450;161.496;-6.52206;off
450;450;161.262;-6.58211;off
450;450;161.539;-6.52379;off
450;450;161.407;-6.46587;off
450;450;161.488;-6.3493;off
450;450;160.955;-6.52683;off
450;450;161.178;-6.34888;off
450;450;161.472;-6.1091;off
450;450;160.596;-6.10767;off
450;450;160.82;-6.40409;off
450;450;161.222;-6.34592;off
450;450;160.662;-6.28522;off
450;450;160.805;-6.52075;off
450;450;161.181;-6.3396;off
450;450;160.788;-6.52249;off
450;450;160.538;-6.28271;off
450;450;161.196;-6.70156;off
450;450;160.851;-6.64725;off
450;450;160.842;-6.70424;off
450;450;160.467;-6.76342;off
450;450;161.527;-6.28627;off
450;450;161.037;-6.34571;off
450;450;160.587;-5.98314;off
450;450;161.203;-6.87878;off
450;450;160.983;-6.04659;off
450;450;160.727;-6.34529;off
450;450;160.242;-5.98812;off
450;450;161.787;-6.4691;off
450;450;159.911;-6.10666;off
450;450;160.995;-7.00237;off
450;450;160.386;-5.87363;off
450;450;160.125;-5.51328;off
450;450;160.935;-7.06222;off
450;450;160.531;-6.94575;off
450;450;161.255;-7.1855;off
450;450;160.525;-6.40664;off
450;450;161.689;-7.12894;off
450;450;160.649;-6.8285;off
450;450;161.189;-7.12538;off
450;450;161.021;-6.58452;off
450;450;160.347;-6.76342;off
450;450;160.985;-7.35828;off
450;450;161.023;-7.11804;off
450;450;160.791;-7.23263;off
450;450;160.516;-7.88542;off
450;450;161.182;-6.75578;off
450;450;160.59;-6.99516;off
450;450;160.731;-7.47445;off
450;450;160.69;-6.5832;off
450;450;161.12;-7.0026;off
450;450;160.896;-6.94344;off
450;450;161.054;-7.06222;off
450;450;160.602;-7.00353;off
450;450;158.953;-4.90927;off
450;450;165.655;-6.61178;off
450;450;156.48;-5.70218;off
450;450;162.137;-6.94529;off
450;450;162.283;-3.9097;off
450;450;161.877;-5.65668;off
450;450;160.734;-5.52598;off
450;450;160.925;-2.8952;off
450;450;162.347;-5.66046;off
450;450;159.188;-5.04596;off
450;450;163.278;-4.21284;off
450;450;159.735;-4.21623;off
450;450;161.792;-5.82981;off
450;450;160.906;-4.44956;off
450;450;162.594;-4.57501;off
450;450;160.405;-4.87535;off
450;450;162.491;-5.35025;off
450;450;161.048;-5.04967;off
450;450;161.819;-4.80889;off
450;450;161.122;-5.46482;off
450;450;161.582;-5.46209;off
450;450;161.888;-6.06029;off
450;450;161.283;-5.27815;off
450;450;161.34;-6.76995;off
450;450;162.259;-5.28061;off
450;450;161.851;-6.5364;off
450;450;159.923;-7.18215;off
450;450;163.666;-6.23033;off
450;450;160.436;-8.01581;off
450;450;161.541;-8.01128;off
450;450;160.515;-6.21503;off
450;450;162.67;-7.90011;off
450;450;158.306;-7.16857;off
450;450;161.999;-7.34729;off
450;450;160.742;-6.75489;off
450;450;160.485;-8.1198;off
450;450;161.283;-7.2849;off
450;450;161.83;-7.16857;off
450;450;159.98;-7.64368;off
450;450;160.968;-6.98564;off
450;450;162.052;-6.87421;off
450;450;159.878;-7.34315;off
450;450;161.177;-7.75463;off
450;450;160.605;-6.8063;off
450;450;160.367;-7.8781;off
450;450;160.352;-7.81479;off
450;450;161.907;-7.04722;off
450;450;161.271;-7.40654;off
450;450;160.86;-7.82205;off
450;450;161.548;-7.40826;off
450;450;161.361;-7.1171;off
450;450;161.134;-7.71005;off
450;450;161.153;-7.94121;off
450;450;161.418;-7.10907;off
450;450;160.768;-7.7011;off
450;450;160.78;-7.87784;off
450;450;161.155;-7.63709;off
450;450;161.122;-7.81738;off
450;450;160.804;-8.28764;off
450;450;160.951;-8.16677;off
450;450;161.33;-8.04861;off
450;450;160.528;-8.28572;off
450;450;160.703;-8.4016;off
450;450;160.712;-8.04755;off
450;450;160.605;-8.28352;off
450;450;160.172;-8.40188;off
450;450;160.866;-8.2816;off
450;450;160.492;-7.86376;off
450;450;160.384;-7.98344;off
450;450;160.009;-7.98555;off
450;450;160.908;-8.04541;off
450;450;160.194;-8.16163;off
450;450;160.099;-8.39493;off
450;450;160.413;-8.33622;off
450;450;160.807;-8.15947;off
450;450;160.38;-8.39715;off
450;450;160.742;-8.09965;off
450;450;161.153;-8.1619;off
450;450;161.018;-8.3398;off
450;450;160.607;-8.27749;off
450;450;161.019;-8.39632;off
450;450;161.645;-8.04648;off
450;450;160.675;-8.16488;off
450;450;161.037;-8.04888;off
450;450;161.378;-8.11065;off
450;450;160.608;-7.99164;off
450;450;160.853;-8.34671;off
450;450;160.938;-7.99323;off
450;450;160.89;-8.11011;off
450;450;161.01;-8.16975;off
450;450;160.646;-7.99058;off
450;450;161.14;-8.11065;off
450;450;161.269;-8.05155;off
450;450;160.879;-8.05288;off
450;450;161.269;-7.87549;off
450;450;161.611;-7.93437;off
450;450;160.716;-7.99402;off
450;450;161.431;-7.8179;off
450;450;161.891;-7.7034;off
450;450;161.418;-7.82309;off
450;450;161.685;-7.88124;off
450;450;161.835;-7.76904;off
450;450;161.59;-7.71184;off
450;450;161.205;-7.53125;off
450;450;161.731;-7.77266;off
450;450;161.361;-7.53575;off
450;450;161.677;-7.7103;off
450;450;161.493;-7.65028;off
450;450;161.628;-7.5315;off
450;450;161.477;-7.64673;off
450;450;161.503;-7.47147;off
450;450;161.546;-7.29676;off
450;450;161.443;-7.59379;off
450;450;161.317;-7.47669;off
450;450;161.523;-7.29846;off
450;450;161.219;-7.65715;off
450;450;161.487;-7.5305;off
450;450;161.456;-7.28732;off
450;450;161.484;-7.70391;off
450;450;161.18;-8.05902;off
450;450;161.185;-6.92755;off
450;450;162.057;-7.71133;off
450;450;159.718;-7.40654;off
450;450;161.967;-7.64444;off
450;450;160.847;-6.22557;off
450;450;161.404;-8.01341;off
450;450;161.578;-7.05635;off
450;450;162.758;-6.8813;off
450;450;160.544;-7.24032;off
450;450;161.373;-7.65028;off
450;450;160.96;-7.29192;off
450;450;161.541;-7.35364;off
450;450;161.386;-8.12007;off
450;450;161.559;-7.58522;off
450;450;160.88;-7.40777;off
450;450;159.895;-8.65427;off
450;450;158.312;-6.92204;off
450;450;165.205;-4.98074;off
450;450;157.209;-8.32459;off
450;450;158.633;-9.1381;off
450;450;163.159;-4.49722;off
450;450;159.977;-6.48312;off
450;450;158.47;-7.6602;off
450;450;161.615;-6.16304;off
450;450;161.614;-5.04293;off
450;450;160.43;-6.71205;off
450;450;160.106;-7.05471;off
450;450;162.087;-5.62845;off
450;450;161.311;-5.27709;off
450;450;160.737;-6.40792;off
450;450;161.113;-5.80751;off
450;450;161.942;-4.4417;off
450;450;161.242;-5.28466;off
450;450;161.06;-6.17845;off
450;450;160.074;-4.55642;off
450;450;164.706;-4.57517;off
450;450;159.148;-5.5293;off
450;450;160.414;-8.13437;off
450;450;162.903;-5.45808;off
450;450;161.282;-5.94227;off
450;450;158.856;-8.2507;off
450;450;162.351;-7.58875;off
450;450;161.205;-5.98831;off
450;450;159.915;-8.41971;off
450;450;160.45;-7.63482;off
450;450;161.945;-6.75018;off
450;450;160.075;-7.40924;off
450;450;160.692;-7.70033;off
450;450;161.298;-7.04933;off
450;450;160.945;-7.34827;off
450;450;160.289;-7.52475;off
450;450;161.27;-6.69466;off
450;450;161.214;-7.5345;off
450;450;160.005;-7.64774;off
450;450;161.541;-6.696;off
450;450;160.557;-6.75713;off
450;450;160.534;-6.28021;off
450;450;161.375;-6.28501;off
450;450;160.829;-6.22951;off
450;450;160.508;-6.16878;off
450;450;160.893;-5.57284;off
450;450;160.016;-5.51365;off
450;450;161.132;-5.87461;off
450;450;159.859;-5.9917;off
450;450;161.248;-6.2894;off
450;450;160.965;-5.99051;off
450;450;160.962;-6.58452;off
450;450;161.718;-6.58364;off
450;450;161.718;-6.58364;off
450;450;160.55;-6.75937;off
450;450;161.164;-6.6404;off
450;450;161.224;-6.6404;off
450;450;160.747;-6.87718;off
450;450;160.911;-6.81421;off
450;450;161.068;-6.63643;off
450;450;160.84;-6.93583;off
450;450;160.736;-6.69733;off
450;450;160.937;-6.57861;off
450;450;160.996;-6.52119;off
450;450;161.294;-6.40387;off
450;450;160.918;-6.22598;off
450;450;161.189;-6.22723;off
450;450;161.433;-6.05001;off
450;450;161.406;-5.93139;off
450;450;161.274;-6.11296;off
450;450;161.818;-5.93554;off
450;450;161.906;-6.11418;off
450;450;161.423;-6.52878;off
450;450;161.18;-6.82055;off
450;450;161.18;-6.82055;off
450;450;161.18;-6.82055;off
450;450;161.41;-6.6382;off
450;450;161.616;-6.57948;off
450;450;161.338;-6.58277;off
450;450;161.094;-6.69978;off
450;450;161.382;-6.5797;off
450;450;161.3;-6.88038;off
450;450;161.035;-7.11591;off
450;450;161.398;-6.7;off
450;450;161.355;-6.93998;off
450;450;161.057;-7.11426;off
450;450;161.377;-6.99818;off
450;450;160.887;-7.2396;off
450;450;161.045;-7.11899;off
450;450;161.192;-7.05776;off
450;450;161.176;-7.17667;off
450;450;161.323;-7.23503;off
450;450;161.068;-7.11473;off
450;450;161.247;-7.11473;off
450;450;161.023;-7.17786;off
450;450;161.36;-6.88038;off
450;450;161.153;-6.88175;off
450;450;161.679;-6.52705;off
450;450;161.614;-6.64659;off
450;450;161.783;-6.70602;off
450;450;161.603;-6.82577;off
450;450;161.576;-6.58517;off
450;450;161.718;-6.58364;off
450;450;161.397;-6.7049;off
450;450;161.18;-6.88038;off
450;450;160.882;-7.05729;off
450;450;161.365;-6.64128;off
450;450;161.165;-6.99678;off
450;450;160.881;-6.94021;off
450;450;161.414;-6.82282;off
450;450;160.663;-6.82146;off
450;450;160.974;-6.7596;off
450;450;161.278;-6.70245;off
450;450;160.907;-6.6446;off
450;450;161.218;-6.82214;off
450;450;161.125;-6.88313;off
450;450;161.565;-6.70691;off
450;450;161.071;-6.94067;off
450;450;161.686;-6.82169;off
450;450;161.707;-6.82259;off
450;450;161.615;-6.82373;off
450;450;161.545;-6.82078;off
450;450;161.708;-6.87992;off
450;450;161.572;-6.7596;off
450;450;161.253;-6.87581;off
450;450;161.546;-6.8781;off
450;450;161.366;-6.9379;off
450;450;161.219;-6.81965;off
450;450;161.49;-7.00051;off
450;450;161.496;-6.9409;off
450;450;161.364;-6.76342;off
450;450;160.939;-6.82554;off
450;450;161.423;-6.70602;off
450;450;161.375;-6.64416;off
450;450;160.984;-6.64283;off
450;450;161.559;-6.3474;off
450;450;161.222;-6.76747;off
450;450;161.314;-6.70892;off
450;450;161.778;-6.8829;off
450;450;161.615;-6.82123;off
450;450;161.741;-6.75915;off
450;450;161.306;-6.75848;off
450;450;162.067;-6.70045;off
450;450;161.251;-6.64151;off
450;450;161.914;-6.70401;off
450;450;161.566;-6.70201;off
450;450;161.441;-6.82146;off
450;450;161.371;-6.70134;off
450;450;161.44;-6.64438;off
450;450;161.315;-6.34487;off
450;450;161.374;-6.40707;off
450;450;161.352;-6.28878;off
450;450;161.493;-6.40942;off
450;450;161.433;-6.34951;off
450;450;161.384;-6.46975;off
450;450;161.211;-6.46759;off
450;450;161.598;-6.64349;off
450;450;160.848;-6.70201;off
450;450;161.413;-6.76544;off
450;450;161.048;-6.88496;off
450;450;161.463;-7.0019;off
450;450;161.207;-7.12088;off
450;450;161.931;-7.18096;off
450;450;161.523;-7.17881;off
450;450;161.503;-7.4117;off
450;450;161.238;-7.23119;off
450;450;161.15;-7.35217;off
450;450;161.008;-7.23431;off
450;450;161.123;-7.17166;off
450;450;161.177;-6.99469;off
450;450;161.155;-6.93399;off
450;450;160.998;-6.87513;off
450;450;161.091;-6.93123;off
450;450;161.276;-7.11072;off
450;450;160.715;-7.11497;off
450;450;161.269;-7.11568;off
450;450;161.047;-7.11379;off
450;450;161.134;-7.23191;off
450;450;161.032;-7.17023;off
450;450;161.417;-6.99214;off
450;450;160.484;-7.10741;off
450;450;161.114;-7.10883;off
450;450;160.652;-6.99005;off
450;450;161.015;-7.0526;off
450;450;160.705;-7.17166;off
450;450;161.205;-7.11284;off
450;450;160.748;-7.05401;off
450;450;161.248;-7.1719;off
450;450;161.085;-7.11284;off
450;450;161.216;-7.23023;off
450;450;160.944;-7.23143;off
450;450;161.28;-7.17333;off
450;450;161.214;-7.23551;off
450;450;161.088;-7.1781;off
450;450;160.769;-7.35388;off
450;450;161.47;-6.99702;off
450;450;161.084;-7.17524;off
450;450;160.857;-7.05354;off
450;450;161.405;-7.17357;off
450;450;160.677;-6.87421;off
450;450;161.362;-7.41072;off
450;450;160.455;-7.11143;off
450;450;161.52;-7.11095;off
450;450;160.26;-7.40949;off
450;450;161.188;-7.17452;off
450;450;160.644;-6.93514;off
450;450;160.922;-6.87444;off
450;450;160.638;-6.87764;off
450;450;160.872;-6.7578;off
450;450;160.708;-6.57905;off
450;450;160.654;-6.57927;off
450;450;161.115;-6.64084;off
450;450;160.391;-6.7029;off
450;450;161.005;-6.52401;off
450;450;160.672;-6.34782;off
450;450;161.113;-6.82532;off
450;450;160.613;-6.58496;off
450;450;161.255;-6.46458;off
450;450;160.886;-6.52401;off
450;450;160.959;-6.81625;off
450;450;160.796;-6.21895;off
450;450;160.986;-6.57817;off
450;450;160.566;-6.40111;off
450;450;160.821;-6.34192;off
450;450;160.673;-6.22578;off
450;450;160.799;-6.28355;off
450;450;160.73;-6.40047;off
450;450;161.039;-6.34107;off
450;450;160.675;-6.4605;off
450;450;160.593;-6.16284;off
450;450;160.92;-6.46072;off
450;450;160.561;-6.4009;off
450;450;160.755;-6.16448;off
450;450;160.733;-6.16591;off
450;450;160.911;-6.34782;off
450;450;160.84;-6.28982;off
450;450;160.992;-6.29108;off
450;450;161.101;-6.41048;off
450;450;160.927;-6.64791;off
450;450;161.249;-6.58649;off
450;450;161.18;-6.58364;off
450;450;161.223;-6.58298;off
450;450;161.137;-6.22288;off
450;450;160.995;-6.40387;off
450;450;161.249;-6.2871;off
450;450;161.037;-6.22598;off
450;450;161.288;-6.16653;off
450;450;160.968;-6.52249;off
450;450;161.506;-6.10585;off
450;450;160.962;-6.4026;off
450;450;161.685;-6.22557;off
450;450;161.283;-6.40345;off
450;450;161.059;-6.22681;off
450;450;161.483;-6.2293;off
450;450;161.177;-6.11154;off
450;450;161.401;-6.40814;off
450;450;161.266;-6.28543;off
450;450;161.62;-6.40494;off
450;450;161.213;-6.82191;off
450;450;161.283;-6.76252;off
450;450;161.387;-6.94136;off
450;450;161.577;-6.94183;off
450;450;161.561;-7.18048;off
450;450;161.224;-6.99934;off
450;450;161.942;-7.05917;off
450;450;161.371;-7.11757;off
450;450;161.54;-6.93767;off
450;450;161.414;-6.70067;off
450;450;161.92;-6.82146;off
450;450;161.316;-6.70156;off
450;450;161.654;-6.70067;off
450;450;161.512;-6.64239;off
450;450;161.468;-6.7029;off
450;450;161.31;-6.8235;off
450;450;161.631;-6.76455;off
450;450;161.565;-6.70446;off
450;450;161.691;-6.76207;off
450;450;161.435;-6.76387;off
450;450;161.266;-6.6446;off
450;450;161.843;-6.58627;off
450;450;161.348;-6.7029;on
450;450;34.4362;-0.239556;on
450;450;-0.240766;-0.0601915;on
450;450;1.14663;-0.241396;on
450;450;-1.20864;-0.362592;on
450;450;-0.483943;-0.362958;on
450;450;0.302668;0.242134;on
450;450;0.605764;0.181729;on
450;450;-5.68434e-14;0.181735;on
450;450;-0.545132;0.363422;on
450;450;-0.2422;-0.30275;on
450;450;0.181619;-0.363238;on
450;450;0.42355;-0.42355;on
450;450;0.24198;-5.68434e-14;off
450;450;0.121014;0.0605072;off
450;450;-0.120966;-0.0604828;off
450;450;0.12099;-0.060495;off
450;450;-0.302495;-0.060499;off
450;450;-0.302556;0.121022;off
450;450;0.242159;0.363238;off
450;450;0.181662;0.121108;off
450;450;-0.666094;-0.242216;off
450;450;-0.0605438;-0.242175;off
450;450;0.18165;-0.1211;off
450;450;-5.68434e-14;-0.181656;off
450;450;0.0605458;-5.68434e-14;off
450;450;0.484432;0.121108;off
450;450;0.302831;-0.0605662;off
450;450;-0.0605825;-0.0605825;off
450;450;0.121145;-0.0605723;off
450;450;0.181668;-5.68434e-14;off
450;450;-0.363361;-0.0605601;off
450;450;-0.181613;-0.0605377;off
450;450;-0.242094;-0.0605234;off
450;450;-0.0605153;-0.302576;off
450;450;-0.605072;-0.242029;off
450;450;-0.242061;-0.242061;off
450;450;-0.605194;-0.363116;off
450;450;-0.907974;-0.363189;off
450;450;-0.847385;-0.24211;off
450;450;-0.181637;-0.181637;off
450;450;-0.605234;-0.18157;off
450;450;-0.544729;-0.121051;off
450;450;-0.242151;-0.0605377;off
450;450;-0.484236;-0.302648;off
450;450;-0.242118;-0.544766;off
450;450;0.242224;-0.242224;off
450;450;0.302902;-0.181741;off
450;450;-5.68434e-14;-0.181692;off
450;450;0.121136;0.181705;off
450;450;-0.242265;0.181699;off
450;450;-0.544876;0.0605418;off
450;450;-0.847585;0.121084;off
450;450;-0.42365;-0.0605214;off
450;450;-0.786646;-0.181534;off
450;450;-0.48409;-0.302556;off
450;450;-0.544729;-0.302627;off
450;450;-0.121079;-0.242159;off
450;450;-0.363189;-0.423721;off
450;450;-0.181607;-0.121071;off
450;450;-0.0605051;-0.24202;off
450;450;-0.181521;-0.121014;off
450;450;0.121022;-0.242045;off
450;450;-5.68434e-14;-5.68434e-14;off
450;450;0.181558;-0.242077;off
450;450;-5.68434e-14;-0.18154;off
450;450;0.423707;-0.242118;off
450;450;0.302658;-0.181595;off
450;450;0.181589;-0.423707;off
450;450;0.242102;-0.181576;off
450;450;0.363214;-0.484285;off
450;450;0.1211;-0.18165;off
450;450;0.363446;-0.302872;off
450;450;0.242412;-0.242412;off
450;450;0.484742;-0.181778;off
450;450;0.0605764;-0.181729;off
450;450;0.423935;-5.68434e-14;off
450;450;0.302627;-0.0605255;off
450;450;0.181558;-0.121039;off
450;450;-0.242061;-0.242061;off
450;450;0.121071;0.181607;off
450;450;0.363214;-0.242143;off
450;450;-0.423664;-0.18157;off
450;450;0.665713;-5.68434e-14;off
450;450;-0.665445;-0.24198;off
450;450;-0.121006;-0.363019;off
450;450;-0.302485;0.060497;off
450;450;0.121027;-0.18154;off
450;450;-0.302515;-0.181509;off
450;450;0.544784;0.121063;off
450;450;-5.68434e-14;0.0605499;off
450;450;-0.242175;-0.0605438;off
450;450;0.423963;0.121132;off
450;450;-0.484513;-0.0605642;off
450;450;-0.121157;-5.68434e-14;off
450;450;-5.68434e-14;0.302811;off
450;450;-0.242167;0.121084;off
450;450;-0.363153;0.0605255;off
450;450;-0.0605458;0.363275;off
450;450;0.121132;0.423963;off
450;450;-0.423906;0.060558;off
450;450;0.363324;0.121108;off
450;450;0.605662;-5.68434e-14;off
450;450;0.726599;-0.18165;off
450;450;0.726721;-5.68434e-14;off
450;450;0.787281;0.18168;off
450;450;0.666228;0.121132;off
450;450;-0.0605499;0.18165;off
450;450;0.363446;0.363446;off
450;450;0.302964;0.363556;off
450;450;-0.121206;0.484823;off
450;450;-0.242338;0.484676;off
450;450;0.0605784;0.726941;off
450;450;-0.181754;0.605845;off
450;450;-0.363446;0.545169;off
450;450;0.0605723;0.666295;off
450;450;0.060556;0.666116;off
450;450;0.30279;0.545022;off
450;450;0.423963;0.666228;off
450;450;0.969255;0.78752;off
450;450;0.848241;0.363532;off
450;450;0.242355;0.121177;off
450;450;0.0605723;-5.68434e-14;off
450;450;-0.302841;0.242273;off
450;450;-0.24233;0.363495;off
450;450;-0.968961;0.423921;off
450;450;-0.0605458;0.302729;off
450;450;-0.181595;0.242126;off
450;450;-0.786355;0.181467;off
450;450;0.241866;0.0604665;off
450;450;-0.725428;-5.68434e-14;off
450;450;-0.423138;-0.0604482;off
450;450;-0.241947;0.18146;off
450;450;-0.302495;0.302495;off
450;450;-0.726013;0.302505;off
450;450;-0.302536;0.242029;off
450;450;-0.363043;0.605072;off
450;450;-0.181564;0.42365;off
450;450;-0.18157;0.423664;off
450;450;0.242183;0.242183;off
450;450;-0.121092;0.423821;off
450;450;0.060554;0.363324;off
450;450;0.121104;0.242208;off
450;450;0.121124;0.423935;off
450;450;-5.68434e-14;0.242224;off
450;450;-0.0605499;0.2422;off
450;450;0.242281;0.545132;off
450;450;-0.363458;0.363458;off
450;450;0.121153;0.484611;off
450;450;0.242265;0.666228;off
450;450;-5.68434e-14;0.363373;off
450;450;-0.242086;0.302607;off
450;450;-5.68434e-14;0.242053;off
450;450;0.0605153;0.242061;off
450;450;-0.363067;-5.68434e-14;off
450;450;-5.68434e-14;0.121075;off
450;450;0.363275;0.121092;off
450;450;0.0605356;0.121071;off
450;450;-5.68434e-14;-5.68434e-14;off
450;450;0.121128;0.242257;off
450;450;0.363458;0.181729;off
450;450;-0.605662;0.0605662;off
450;450;0.060554;0.181662;off
450;450;-0.121096;-5.68434e-14;off
450;450;-0.181656;-0.121104;off
450;450;-0.544949;-0.0605499;off
450;450;-5.68434e-14;-0.121088;off
450;450;-0.181583;-0.121055;off
450;450;-0.423636;-0.181558;off
450;450;-0.0605194;-0.181558;off
450;450;0.181576;-0.121051;off
450;450;-5.68434e-14;-0.060497;off
450;450;0.121002;0.0605011;off
450;450;0.302546;0.302546;off
450;450;0.121002;0.302505;off
450;450;-5.68434e-14;0.181479;off
450;450;0.120982;0.362945;off
450;450;0.120945;0.120945;off
450;450;0.120953;-0.0604767;off
450;450;0.483797;-5.68434e-14;off
450;450;0.121002;-5.68434e-14;off
450;450;-0.060499;-0.181497;off
450;450;-5.68434e-14;-5.68434e-14;off
450;450;-0.0605153;-5.68434e-14;off
450;450;-0.544436;-5.68434e-14;off
450;450;0.0604868;0.0604868;off
450;450;-5.68434e-14;0.060497;off
450;450;0.0604746;-0.0604746;off
450;450;0.0604767;0.120953;off
450;450;0.241931;0.120966;off
450;450;-5.68434e-14;0.0604828;off
450;450;0.121022;0.181534;off
450;450;0.423621;0.363104;off
450;450;0.121063;0.242126;off
450;450;-0.242094;0.484187;off
450;450;0.0605479;0.666027;off
450;450;-0.30279;0.787255;off
450;450;-0.726599;1.02935;off
450;450;-0.363263;1.02924;off
450;450;-0.484285;0.847499;off
450;450;-0.8471;0.726086;off
450;450;-0.181436;0.544308;off
450;450;-0.181515;0.423536;off
450;450;-0.363116;0.363116;off
450;450;-0.363263;0.423807;off
450;450;-0.181637;0.72655;off
450;450;0.0605234;0.605234;off
450;450;-0.726135;0.423579;off
450;450;0.181534;0.544601;off
450;450;-0.121006;0.484025;off
450;450;-5.68434e-14;0.120945;off
450;450;-0.66531;0.302414;off
450;450;0.544473;0.362982;off
450;450;-0.786593;0.363043;off
450;450;0.483992;0.362994;off
450;450;-0.120998;0.362994;off
450;450;0.60497;0.544473;off
450;450;0.241923;0.423365;off
450;450;0.665534;0.302515;off
450;450;0.786778;0.242086;off
450;450;0.484236;0.181589;off
450;450;0.847414;0.242118;off
450;450;0.544839;0.0605377;off
450;450;0.363116;0.181558;off
450;450;0.363189;0.363189;off
450;450;0.121063;0.302658;off
450;450;-0.0605092;0.363055;off
450;450;0.302648;0.181589;off
450;450;-0.18165;0.544949;off
450;450;0.302688;0.0605377;off
450;450;-0.121055;0.121055;off
450;450;0.423579;0.0605112;off
450;450;0.363226;0.121075;off
450;450;0.726525;0.121088;off
450;450;0.484399;-0.0605499;off
450;450;0.726599;0.18165;off
450;450;0.60556;0.181668;off
450;450;0.363312;0.181656;off
450;450;0.605784;0.302892;off
450;450;0.121177;0.42412;off
450;450;0.424078;0.545243;off
450;450;0.242346;0.545279;off
450;450;0.121161;0.484644;off
450;450;0.363495;0.666408;off
450;450;0.181754;0.66643;off
450;450;0.24233;0.545243;off
450;450;0.484644;0.787546;off
450;450;0.363361;0.666161;off
450;450;0.605703;0.726843;off
450;450;0.78744;0.78744;off
450;450;0.605601;0.847841;off
450;450;0.484562;0.847984;off
450;450;0.545151;0.969157;off
450;450;0.242248;0.908432;off
450;450;0.121108;0.968864;off
450;450;-0.0605397;0.847556;off
450;450;0.302556;0.726135;off
450;450;0.242045;0.48409;off
450;450;0.181546;0.302576;off
450;450;0.78662;0.242037;off
450;450;0.121047;0.18157;off
450;450;0.544656;0.121035;off
450;450;0.544564;0.121014;off
450;450;0.60499;0.120998;off
450;450;-5.68434e-14;-0.120925;off
450;450;0.0604584;0.241834;off
450;450;0.725622;-0.0604685;off
450;450;-0.907059;-0.302353;off
450;450;0.362909;-0.181454;off
450;450;-5.68434e-14;-5.68434e-14;off
450;450;-5.68434e-14;-5.68434e-14;off
450;450;-0.24185;-0.24185;off
450;450;0.362909;0.12097;off
450;450;-5.68434e-14;0.181503;off
450;450;-0.12101;0.12101;off
450;450;-5.68434e-14;-5.68434e-14;off
450;450;0.060499;-5.68434e-14;off
450;450;-0.241988;0.302485;off
450;450;0.181515;0.302526;off
450;450;0.242053;-0.121027;off
450;450;-0.060499;-0.241996;off
450;450;-0.5444;-0.5444;off
450;450;0.665601;-0.121018;off
450;450;-0.0605011;-0.665512;off
450;450;-0.362945;-0.967854;off
450;450;0.120998;-0.60499;off
450;450;0.302505;-0.726013;off
450;450;-0.120957;-1.02814;off
450;450;0.0604706;-0.725647;off
450;450;0.302353;-0.907059;off
450;450;0.665333;-0.846787;off
450;450;0.302404;-0.725769;off
450;450;0.302485;-0.60497;off
450;450;0.907638;-0.363055;off
450;450;0.0604767;-0.665243;off
450;450;-0.362897;-0.302414;off
450;450;0.605031;-0.0605031;off
450;450;-0.362994;-0.302495;off
450;450;-0.120998;-0.181497;off
450;450;0.302587;0.0605173;off
450;450;-0.242061;-5.68434e-14;off
450;450;0.42375;0.121071;off
450;450;-0.302638;0.48422;off
450;450;3.15082;1.636;off
450;450;-2.42086;0.363128;off
450;450;0.847186;-0.242053;off
450;450;1.0903;2.42289;off
450;450;0.545316;0.787679;off
450;450;-1.57387;0.242134;off
450;450;1.99862;0.847898;off
450;450;0.121214;1.51517;off
450;450;-0.0605519;-5.68434e-14;off
450;450;0.423764;0.78699;off
450;450;1.0899;0.605499;off
450;450;-0.726184;0.302576;off
450;450;0.483878;0.0604848;off
450;450;0.302475;0.302475;off
450;450;-5.68434e-14;0.302546;off
450;450;-0.302617;0.18157;off
450;450;0.121067;0.181601;off
450;450;-0.121096;0.605479;off
450;450;-0.181583;0.423693;off
450;450;2.23861;6.35282;off
450;450;5.25864;4.41242;off
450;450;9.19214;-1.14902;off
450;450;52.9349;5.66729;off
450;450;83.1588;31.3955;off
450;450;115.396;38.9634;off
450;450;85.7413;58.643;off
450;450;22.1492;57.3838;off
450;450;-61.2405;53.2031;off
450;450;-49.3645;109.699;off
450;450;-103.955;105.88;off
450;450;-149.887;79.1089;off
450;450;-75.8651;122.127;off
450;450;-110.794;127.655;off
450;450;-136.424;98.6145;off
450;450;-99.5429;124.668;off
450;450;-46.7719;131.286;off
450;450;-106.22;66.6655;off
450;450;-100.977;26.8069;off
450;450;-109.923;4.97742;off
450;450;-113.361;-89.5363;off
450;450;-73.4852;-139.778;off
450;450;-113.907;-118.343;off
450;450;-73.4436;-136.207;off
450;450;-59.0163;-119.053;off
450;450;-16.3137;-121.273;off
450;450;-97.5893;-124.674;off
450;450;-66.9238;-137.395;off
450;450;-59.0005;-113.791;off
450;450;-41.699;-89.5267;off
450;450;-7.32915;28.2353;off
450;450;-110.269;-450;off
450;450;-36.2651;266.602;off
450;450;-25.4425;-27.6523;off
450;450;-99.0621;191.468;off
450;450;-127.555;70.9367;off
450;450;-176.76;76.3077;off
450;450;-197.311;98.6553;off
450;450;-267.195;52.4869;off
450;450;-168.37;-25.9031;off
450;450;13.872;-395.203;off
450;450;-167.126;98.9673;off
450;450;-70.4188;-333.03;off
450;450;-176.289;-296.394;off
450;450;-88.2612;-308.944;off
450;450;-124.234;-418.176;off
450;450;-141.564;-450;off
450;450;-165.722;-450;off
450;450;-128.104;-444.807;off
450;450;188.43;-358.997;off
450;450;-217.9;-450;off
450;450;-46.0034;-356.17;off
450;450;-129.123;-259.427;off
450;450;-191.58;-325.152;off
450;450;-154.439;-214.232;off
450;450;-143.778;-167.84;off
450;450;-230.65;-120.547;off
450;450;-164.191;-27.6827;off
450;450;14.8733;244.874;off
450;450;-211.276;-396.919;off
450;450;-108.402;331.634;off
450;450;-77.445;21.9647;off
450;450;-195.983;-23.425;off
450;450;-138.987;90.9472;off
450;450;-140.358;162.482;off
450;450;-242.178;221.292;off
450;450;-192.59;222.261;off
450;450;-192.533;262.072;off
450;450;87.4894;306.826;off
450;450;-280.887;195.054;off
450;450;-142.203;177.126;off
450;450;-189.702;233.328;off
450;450;-183.907;67.7709;off
450;450;-218.103;100.096;off
450;450;-154.584;20.1324;off
450;450;-251.692;-47.7336;off
450;450;-158.432;-64.4547;off
450;450;196.437;166.877;off
450;450;-111.651;-251.302;off
450;450;19.6776;-86.8304;off
450;450;-23.5395;5.39569;off
450;450;3.37905;-54.1834;off
450;450;-33.077;-42.3836;off
450;450;-39.3802;39.0239;off
450;450;-86.3084;105.929;off
450;450;-68.3263;215.627;off
450;450;-52.3064;283.803;off
450;450;179.198;341.923;off
450;450;-136.191;406.24;off
450;450;-13.0638;233.129;off
450;450;-85.5051;450;off
450;450;-26.0453;331.249;off
450;450;-98.5594;300.657;off
450;450;-45.969;221.422;off
450;450;-137.007;224.473;off
450;450;-60.5171;154.615;off
450;450;332.611;450;off
450;450;-98.136;-186.872;off
450;450;-28.6085;-46.1409;off
450;450;2.00975;-78.3803;off
450;450;-77.4027;-183.861;off
450;450;-21.9747;-88.5502;off
450;450;-41.7121;-107.217;off
450;450;-79.8799;-128.9;off
450;450;-37.7209;-131.637;off
450;450;-45.3988;-60.1356;off
450;450;152.278;77.0021;off
450;450;-146.786;-53.06;off
450;450;-41.6605;62.993;off
450;450;-80.7777;178.611;off
450;450;-88.4103;62.2783;off
450;450;-89.3248;120.485;off
450;450;-57.6137;143.589;off
450;450;-130.496;111.862;off
450;450;-119.639;90.528;off
450;450;-83.1438;27.1224;off
450;450;219.699;368.575;off
450;450;-138.323;-113.066;off
450;450;-13.0424;31.8683;off
450;450;-93.7305;43.2011;off
450;450;-94.0754;-105.547;off
450;450;-90.3246;-8.36229;off
450;450;-67.2479;-10.8407;off
450;450;-147.968;-49.6584;off
450;450;-101.792;-43.8281;off
450;450;204.65;377.195;off
450;450;-128.607;-175.684;off
450;450;-30.3648;132.92;off
450;450;-12.8705;-21.7671;off
450;450;-54.0234;-59.5977;off
450;450;-96.0719;-23.7361;off
450;450;-58.8058;3.50813;off
450;450;-109.184;-59.9059;off
450;450;-109.956;-60.1434;off
450;450;-92.0168;-37.341;off
450;450;257.147;353.421;off
450;450;-144.161;-409.116;off
450;450;-42.796;178.149;off
450;450;1.0663;-85.0668;off
450;450;-59.7315;-158.63;off
450;450;-65.2601;-67.0416;off
450;450;-39.2835;-8.85513;off
450;450;-131.401;48.0937;off
450;450;-91.1331;109.383;off
450;450;-69.8901;147.744;off
450;450;50.0156;-113.456;off
450;450;-140.367;219.438;off
450;450;-26.21;27.5116;off
450;450;-73.6753;298.501;off
450;450;-43.0685;324.017;off
450;450;-105.783;353.064;off
450;450;-104.294;433.041;off
450;450;-127.069;450;off
450;450;-101.101;450;off
450;450;-5.79316;353.646;off
450;450;-235.463;184.662;off
450;450;-89.0569;450;off
450;450;-114.867;450;off
450;450;-182.695;269.383;off
450;450;-162.413;344.13;off
450;450;-104.151;279.29;off
450;450;-213.465;259.085;off
450;450;-119.225;139.096;off
450;450;250.491;450;off
450;450;-134.383;-435.402;off
450;450;-112.398;192.742;off
450;450;-17.9689;-170.114;off
450;450;-152.505;-132.033;off
450;450;-103.976;-63.039;off
450;450;-92.9897;-27.5569;off
450;450;-177.98;70.124;off
450;450;-94.2342;127.371;off
450;450;38.1587;162.299;off
450;450;-174.776;303.769;off
450;450;-116.294;190.856;off
450;450;-127.864;383.055;off
450;450;-120.315;308.625;off
450;450;-190.659;274.876;off
450;450;-152.461;243.117;off
450;450;-180.7;217.597;off
450;450;-150.209;117.958;off
450;450;180.764;388.507;off
450;450;-168.184;-409.073;off
450;450;-114.275;123.576;off
450;450;-19.1429;-248.977;off
450;450;-146.075;-148.69;off
450;450;-141.572;-116.102;off
450;450;-94.0615;-95.4903;off
450;450;-194.753;-24.5447;off
450;450;-157.165;46.8594;off
450;450;-179.062;123.83;off
450;450;186.886;450;off
450;450;-170.465;-58.3449;off
450;450;66.5884;291.8;off
450;450;63.5953;142.835;off
450;450;42.8335;42.3529;off
450;450;131.273;163.699;off
450;450;176.84;174.675;off
450;450;42.8137;120.679;off
450;450;89.3269;146.16;off
450;450;97.3102;181.722;off
450;450;109.939;-117.612;off
450;450;-56.691;328.688;off
450;450;25.0236;84.6264;off
450;450;-142.962;194.442;off
450;450;-170.632;133.983;off
450;450;-138.008;156.918;off
450;450;-196.694;122.941;off
450;450;-213.179;99.9851;off
450;450;-172.68;80.805;off
450;450;-123.933;-350.2;off
450;450;-208.086;142.584;off
450;450;-79.3253;-142.487;off
450;450;-90.3875;87.9931;off
450;450;-55.0106;-0.478874;off
450;450;-132.66;-12.1575;off
450;450;-110.274;1.67172;off
450;450;-158.195;7.49342;off
450;450;-153.02;0.949695;off
450;450;321.431;450;off
450;450;-212.181;-279.655;off
450;450;-117.692;68.5049;off
450;450;-114.452;79.6631;off
450;450;-155.001;-84.3893;off
450;450;-197.38;-10.2883;off
450;450;-174.507;-95.8985;off
450;450;-215.756;-89.3542;off
450;450;-65.0283;-106.437;off
450;450;1.96705;-53.2295;off
450;450;360.73;-6.53389;off
450;450;46.2263;21.5048;off
450;450;112.875;-215.712;off
450;450;72.6554;-4.83573;off
450;450;80.6571;-104.675;off
450;450;-10.3581;-42.0908;off
450;450;14.3102;46.1638;off
450;450;-30.2082;130.063;off
450;450;-29.9066;190.827;off
450;450;58.054;182.172;off
450;450;-105.657;-13.6247;off
450;450;-44.8304;99.4442;off
450;450;-7.77484;272.364;off
450;450;-83.1433;142.721;off
450;450;-64.4345;219.761;off
450;450;-66.1401;168.971;off
450;450;-126.532;65.598;off
450;450;-60.8482;-20.8622;off
450;450;289.105;334.218;off
450;450;-136.3;-197.924;off
450;450;-76.7215;-0.0597519;off
450;450;-21.2126;-115.564;off
450;450;-118.821;-190.161;off
450;450;-144.752;-105.968;off
450;450;-82.569;-34.0552;off
450;450;-157.226;43.816;off
450;450;-126.716;95.543;off
450;450;255.028;450;off
450;450;-142.63;-339.363;off
450;450;-9.82963;450;off
450;450;165.864;52.4286;off
450;450;9.70301;189.628;off
450;450;50.2317;153.386;off
450;450;32.9524;156.524;off
450;450;-38.7599;94.773;off
450;450;-5.26831;-16.4635;off
450;450;108.525;38.6092;off
450;450;37.9743;-450;off
450;450;18.0647;97.1199;off
450;450;149.759;-245.385;off
450;450;26.3183;-184.288;off
450;450;12.4857;-130.174;off
450;450;-80.8941;-149.633;off
450;450;-258.033;-186.473;off
450;450;-289.422;-195.733;off
450;450;-364.849;-174.433;off
450;450;-289.173;-450;off
450;450;-379.59;-5.05558;off
450;450;-286.034;-304.995;off
450;450;-339.47;-231.3;off
450;450;-218.31;-191.957;off
450;450;-185.12;-196.272;off
450;450;-244.809;-211.026;off
450;450;-174.973;-225.925;off
450;450;-1.25608;-148.816;off
450;450;268.996;-366.277;off
450;450;78.3606;76.989;off
450;450;116.431;-286.786;off
450;450;103.401;-62.1481;off
450;450;136.712;-152.088;off
450;450;-36.1439;-155.688;off
450;450;-116.526;-187.614;off
450;450;-219.724;-167.44;off
450;450;-242.346;-183.955;off
450;450;-32.5192;68.7242;off
450;450;-344.779;-450;off
450;450;-232.508;-31.9609;off
450;450;-140.976;-186.302;off
450;450;-204.298;-227.894;off
450;450;-213.708;-177.705;off
450;450;-194.933;-181.914;off
450;450;-258.619;-173.36;off
450;450;-256.318;-74.9765;off
450;450;-226.916;14.1155;off
450;450;6.70368;135.497;off
450;450;-246.718;123.894;off
450;450;-120.244;-49.2987;off
450;450;-62.6357;153.296;off
450;450;56.8511;110.6;off
450;450;-30.6164;100.759;off
450;450;-59.0743;83.6985;off
450;450;-59.1147;109.467;off
450;450;-21.1613;108.437;off
450;450;-61.865;-287.099;off
450;450;-52.4112;138.711;off
450;450;14.1454;-8.49911;off
450;450;-34.2857;253.714;off
450;450;1.56127;226.144;off
450;450;-76.5156;310.36;off
450;450;-72.8746;394.105;off
450;450;-99.077;450;off
450;450;-83.2266;450;off
450;450;155.678;444.906;off
450;450;-111.834;450;off
450;450;35.5983;275.285;off
450;450;-17.276;416.738;off
450;450;30.8573;258.348;off
450;450;-62.076;279.668;off
450;450;-57.5805;247.484;off
450;450;-110.484;140.163;off
450;450;-124.896;65.3281;off
450;450;131.341;-190.733;off
450;450;-111.101;-137.744;off
450;450;14.1019;-192.527;off
450;450;-43.976;-4.1825;off
450;450;-0.898576;-111.423;off
450;450;-55.1029;-59.4106;off
450;450;-84.4482;18.2413;off
450;450;-130.257;94.137;off
450;450;-90.8543;205.469;off
450;450;219.77;450;off
450;450;-156.32;184.892;off
450;450;-18.6313;130.358;off
450;450;-62.0407;375.872;off
450;450;-43.8987;183.313;off
450;450;-130.711;229.93;off
450;450;-112.36;177.341;off
450;450;-171.434;86.0429;off
450;450;-130.46;-2.30955;off
450;450;267.154;358.973;off
450;450;-139.92;-450;off
450;450;-81.4327;150.104;off
450;450;24.1365;-203.779;off
450;450;-125.664;-239.801;off
450;450;-193.823;-156.68;off
450;450;-259.101;-184.928;off
450;450;-450;-199.876;off
450;450;-450;-225.842;off
450;450;-96.2562;106.411;off
450;450;-450;-450;off
450;450;-419.741;-122.875;off
450;450;-325.085;-173.157;off
450;450;-247.797;-248.157;off
450;450;-222.133;-187.059;off
450;450;-138.638;-176.48;off
450;450;-227.193;-193.829;off
450;450;-125.376;-208.782;off
450;450;218.665;202.4;off
450;450;38.7084;-450;off
450;450;104.029;102.426;off
450;450;206.091;-266.598;off
450;450;106.045;-109.86;off
450;450;180.879;-130.264;off
450;450;133.677;-75.882;off
450;450;32.2693;-6.51361;off
450;450;75.5269;66.8559;off
450;450;69.7607;185.056;off
450;450;265.724;261.496;off
450;450;-45.2153;284.726;off
450;450;111.594;290.146;off
450;450;41.1469;450;off
450;450;52.1145;444.279;off
450;450;-13.6519;450;off
450;450;30.4081;450;off
450;450;-81.9116;450;off
450;450;-23.3963;450;off
450;450;19.3384;249.706;off
450;450;-58.364;32.5029;off
450;450;25.7283;450;off
450;450;84.6532;220.061;off
450;450;11.7317;375.958;off
450;450;31.1522;271.261;off
450;450;-22.6866;160.436;off
450;450;-33.157;100.192;off
450;450;-63.4294;16.7425;on
450;450;-22.7191;-31.9507;on
450;450;-0.0599829;-2.39932;on
450;450;-8.79054;-39.9461;on
450;450;-2.74695;-1.13461;on
450;450;-1.31581;0.0598095;on
450;450;-1.91162;1.01555;on
450;450;1.13589;1.25546;on
450;450;-0.717738;-0.538304;on
450;450;0.12001;1.62013;on
450;450;-0.300626;-0.12025;on
450;450;1.74947;-1.93045;on
450;450;-0.181589;0.605295;on
450;450;31.3185;6.22742;on
450;450;7.43661;-45.9968;on
450;450;8.1213;-16.0492;on
450;450;5.54905;-29.4527;on
450;450;15.0388;-79.8213;on
450;450;23.8942;-137.391;on
450;450;46.754;-268.835;on
450;450;83.0782;-450;on
450;450;136.711;-450;on
450;450;29.3483;-450;on
450;450;167.444;-450;on
450;450;162.714;-450;on
450;450;165.003;-450;on
450;450;194.121;-450;on
450;450;217.586;-450;on
450;450;217.245;-450;on
450;450;171.431;-450;on
450;450;174.76;-450;on
450;450;13.0437;-450;on
450;450;146.669;-450;on
450;450;234.323;-450;on
450;450;298.4;-394.658;on
450;450;120.002;-364.45;on
450;450;73.3043;-309.507;on
450;450;97.9094;-312.557;on
450;450;63.8308;-450;on
450;450;138.949;-450;on
450;450;78.5467;-450;on
450;450;224.038;-450;on
450;450;224.38;-344.05;on
450;450;203.289;-240.25;on
450;450;96.1;-251.339;on
450;450;100.311;-378.953;on
450;450;77.839;-450;on
450;450;100.002;-450;on
450;450;121.01;-450;on
450;450;223.012;-450;on
450;450;79.5592;-450;on
450;450;123.666;-450;on
450;450;249.139;-429.764;on
450;450;79.413;-450;on
450;450;82.7599;-450;on
450;450;126.564;-450;on
450;450;128.573;-450;on
450;450;160.398;-450;on
450;450;172.343;-450;on
450;450;300.005;-450;on
450;450;159.68;-450;on
450;450;218.185;-450;on
450;450;133.335;-450;on
450;450;145.948;-450;on
450;450;221.542;-450;on
450;450;336.399;-360.005;on
450;450;88.5259;-450;on
450;450;111.113;-450;on
450;450;128.573;-450;on
450;450;143.365;-450;on
450;450;167.013;-450;on
450;450;185.57;-450;on
450;450;174.196;-450;on
450;450;180.003;-450;on
450;450;184.094;-450;on
450;450;180.003;-450;on
450;450;188.375;-450;on
450;450;192.86;-450;on
450;450;195.184;-450;on
450;450;219.516;-450;on
450;450;197.564;-450;on
450;450;197.564;-450;on
450;450;197.564;-450;on
450;450;195.184;-450;on
450;450;219.516;-450;on
450;450;197.564;-450;on
450;450;219.516;-450;on
450;450;200.003;-450;on
450;450;219.516;-450;on
450;450;195.184;-450;on
450;450;197.564;-450;on
450;450;197.564;-450;on
450;450;195.184;-450;on
450;450;219.516;-450;on
450;450;219.516;-450;on
450;450;219.516;-450;on
450;450;216.871;-450;on
450;450;197.564;-450;on
450;450;200.003;-450;on
450;450;219.516;-450;on
450;450;197.564;-450;on
450;450;200.003;-450;on
450;450;195.184;-450;on
450;450;195.184;-450;on
450;450;197.564;-450;on
450;450;192.86;-450;on
450;450;197.564;-450;on
450;450;195.184;-450;on
450;450;197.564;-450;on
450;450;200.003;-450;on
450;450;192.86;-450;on
450;450;192.86;-450;on
450;450;195.184;-450;on
450;450;195.184;-450;on
450;450;195.184;-450;on
450;450;197.564;-450;on
450;450;195.184;-450;on
450;450;195.184;-450;on
450;450;197.564;-450;on
450;450;195.184;-450;on
450;450;192.86;-450;on
450;450;195.184;-450;on
450;450;192.86;-450;on
450;450;192.86;-450;on
450;450;195.184;-450;on
450;450;195.184;-450;on
450;450;192.86;-450;on
450;450;192.86;-450;off
450;450;192.86;-450;off
450;450;190.591;-450;off
450;450;190.591;-450;off
450;450;188.375;-450;off
450;450;190.591;-450;off
450;450;190.591;-450;off
450;450;190.591;-450;off
450;450;190.591;-450;off
450;450;190.591;-450;off
450;450;190.591;-450;off
450;450;190.591;-450;off
450;450;190.591;-450;off
450;450;188.375;-450;off
450;450;190.591;-450;off
450;450;190.591;-450;off
450;450;188.375;-450;off
450;450;190.591;-450;off
450;450;190.591;-450;off
450;450;190.591;-450;off
450;450;186.21;-450;off
450;450;188.375;-450;off
450;450;188.375;-450;off
450;450;188.375;-450;off
450;450;188.375;-450;off
450;450;190.591;-450;off
450;450;169.414;-450;off
450;450;190.591;-450;off
450;450;167.444;-450;off
450;450;190.591;-450;off
450;450;188.375;-450;off
450;450;190.591;-450;off
450;450;188.375;-450;off
450;450;188.375;-450;off
450;450;186.21;-450;off
450;450;188.375;-450;off
450;450;188.375;-450;off
450;450;188.375;-450;off
450;450;190.591;-450;off
450;450;188.375;-450;off
450;450;188.375;-450;off
450;450;190.591;-450;off
450;450;190.591;-450;off
450;450;190.591;-450;off
450;450;190.591;-450;off
450;450;192.86;-450;off
450;450;190.591;-450;off
450;450;190.591;-450;off
450;450;190.591;-450;off
450;450;190.591;-450;off
450;450;190.591;-450;off
450;450;190.591;-450;off
450;450;188.375;-450;off
450;450;190.591;-450;off
450;450;188.375;-450;off
450;450;188.375;-450;off
450;450;190.591;-450;off
450;450;190.591;-450;off
450;450;188.375;-450;off
450;450;190.591;-450;off
450;450;188.375;-450;off
450;450;190.591;-450;off
450;450;190.591;-450;off
450;450;190.591;-450;off
450;450;190.591;-450;off
450;450;190.591;-450;off
450;450;190.591;-450;off
450;450;190.591;-450;off
450;450;188.375;-450;off
450;450;188.375;-450;off
450;450;188.375;-450;off
450;450;190.591;-450;off
450;450;190.591;-450;off
450;450;188.375;-450;off
450;450;188.375;-450;off
450;450;190.591;-450;off
450;450;190.591;-450;off
450;450;190.591;-450;off
450;450;188.375;-450;off
450;450;190.591;-450;off
450;450;190.591;-450;off
450;450;190.591;-450;off
450;450;190.591;-450;off
450;450;190.591;-450;off
450;450;190.591;-450;off
450;450;190.591;-450;off
450;450;192.86;-450;off
450;450;190.591;-450;off
450;450;190.591;-450;off
450;450;192.86;-450;off
450;450;190.591;-450;off
450;450;190.591;-450;off
450;450;190.591;-450;off
450;450;190.591;-450;off
450;450;190.591;-450;off
450;450;190.591;-450;off
450;450;190.591;-450;off
450;450;190.591;-450;off
450;450;190.591;-450;off
450;450;190.591;-450;off
