target.x;target.y;delta.x;delta.y
450;450;-33.7905;116.844;off
450;450;-33.7357;117.097;off
450;450;-33.2439;117.213;off
450;450;-33.2987;116.664;off
450;450;-33.5928;117.012;off
450;450;-33.1253;116.798;off
450;450;-32.8905;116.628;off
450;450;-33.8643;116.776;off
450;450;-33.213;116.957;off
450;450;-33.0759;116.951;off
450;450;-33.4326;116.836;off
450;450;-33.3723;117.07;off
450;450;-33.246;116.865;off
450;450;-33.2307;116.87;off
450;450;-33.4194;116.672;off
450;450;-33.1857;117.157;off
450;450;-33.2515;116.706;off
450;450;-33.5468;116.643;off
450;450;-32.8959;116.943;off
450;450;-33.38;116.859;off
450;450;-33.3844;116.578;off
450;450;-33.4293;117.24;off
450;450;-32.6922;117.266;off
450;450;-33.7035;116.807;off
450;450;-33.2351;117.182;off
450;450;-33.2373;117.13;off
450;450;-33.178;117.13;off
450;450;-33.313;117.129;off
450;450;-33.2373;117.071;off
450;450;-32.8796;117.063;off
450;450;-33.2329;116.996;off
450;450;-33.1112;117.281;off
450;450;-33.1025;117.013;off
450;450;-32.4489;117.006;off
450;450;-33.3635;116.624;off
450;450;-33.065;116.794;off
450;450;-32.521;116.874;off
450;450;-33.1243;116.379;off
450;450;-33.0112;116.517;off
450;450;-32.7159;116.699;off
450;450;-32.7127;116.569;off
450;450;-33.0813;116.555;off
450;450;-33.0242;116.741;off
450;450;-32.5952;116.75;off
450;450;-33.065;116.676;off
450;450;-33.2373;116.893;off
450;450;-33.2482;116.813;off
450;450;-32.5963;116.813;off
450;450;-33.3822;116.749;off
450;450;-33.0264;117.282;off
450;450;-32.9714;117.06;off
450;450;-33.2108;116.95;off
450;450;-32.9638;117.152;off
450;450;-33.1395;117.204;off
450;450;-33.0079;117.039;off
450;450;-33.3064;116.75;off
450;450;-33.246;117.043;off
450;450;-33.3119;117.244;off
450;450;-33.3701;116.647;off
450;450;-32.9465;116.972;off
450;450;-33.009;116.865;off
450;450;-33.1352;116.595;off
450;450;-33.257;116.726;off
450;450;-33.1857;116.683;off
450;450;-33.5007;116.274;off
450;450;-33.257;116.488;off
450;450;-33.0177;116.421;off
450;450;-33.1636;116.102;off
450;450;-33.2218;116.336;off
450;450;-33.0503;116.299;off
450;450;-33.0547;116.196;off
450;450;-33.2987;116.456;off
450;450;-33.5494;116.146;off
450;450;-33.0656;116.412;off
450;450;-33.1701;116.54;off
450;450;-33.7624;116.181;off
450;450;-33.0329;116.653;off
450;450;-33.1955;116.659;off
450;450;-33.3877;116.531;off
450;450;-33.5129;116.85;off
450;450;-32.7892;116.986;off
450;450;-33.4009;116.636;off
450;450;-33.4679;116.9;off
450;450;-32.9154;117.072;off
450;450;-32.6567;117.054;off
450;450;-33.0879;117.112;off
450;450;-33.1362;117.251;off
450;450;-32.5242;117.478;off
450;450;-33.3536;117.36;off
450;450;-32.8182;117.589;off
450;450;-33.2373;117.367;off
450;450;-33.1428;117.393;off
450;450;-33.1472;117.409;off
450;450;-33.1461;117.583;off
450;450;-33.3207;117.69;off
450;450;-33.1352;117.959;off
450;450;-33.2471;117.876;off
450;450;-33.7157;117.798;off
450;450;-33.3635;117.868;off
450;450;-33.4205;117.801;off
450;450;-33.5906;117.893;off
450;450;-33.6609;117.991;off
450;450;-33.3613;118.038;off
450;450;-34.078;118.058;off
450;450;-34.0265;117.67;off
450;450;-34.0288;117.856;off
450;450;-33.9717;117.982;off
450;450;-33.7916;117.856;off
450;450;-33.8487;117.907;off
450;450;-33.4227;117.928;off
450;450;-33.5545;117.619;off
450;450;-33.4392;117.63;off
450;450;-33.2526;117.836;off
450;450;-33.4282;117.769;off
450;450;-34.0869;117.615;off
450;450;-33.2559;117.907;off
450;450;-33.471;117.889;off
450;450;-33.585;117.814;off
450;450;-33.0992;117.831;off
450;450;-32.9732;117.626;off
450;450;-33.3393;117.369;off
450;450;-32.884;117.197;off
450;450;-32.7116;117.217;off
450;450;-32.9649;116.8;off
450;450;-33.0933;116.953;off
450;450;-32.1899;117.141;off
450;450;-32.7181;116.884;off
450;450;-32.7752;116.876;off
450;450;-32.7116;117.157;off
450;450;-31.9234;117.151;off
450;450;-33.2274;117.155;off
450;450;-32.6298;117.372;off
450;450;-32.3982;117.51;off
450;450;-32.3475;117.541;off
450;450;-32.9562;117.481;off
450;450;-32.1772;117.746;off
450;450;-32.6567;117.528;off
450;450;-33.0955;117.376;off
450;450;-33.0427;117.34;off
450;450;-32.9252;117.344;off
450;450;-33.1151;117.268;off
450;450;-33.2415;117.117;off
450;450;-32.4602;117.379;off
450;450;-32.868;117.47;off
450;450;-33.2954;117.276;off
450;450;-32.8832;117.465;off
450;450;-32.6393;117.679;off
450;450;-33.0623;117.529;off
450;450;-33.0525;117.553;off
450;450;-32.6836;117.388;off
450;450;-33.0493;116.948;off
450;450;-33.7958;116.771;off
450;450;-33.3228;116.957;off
450;450;-33.3547;116.979;off
450;450;-33.0977;117.206;off
450;450;-33.4403;117.219;off
450;450;-33.009;117.102;off
450;450;-33.0672;117.394;off
450;450;-33.2526;117.184;off
450;450;-33.3053;117.161;off
450;450;-33.3789;117.33;off
450;450;-33.5096;117.254;off
450;450;-33.0792;117.2;off
450;450;-33.0683;117.576;off
450;450;-32.8742;117.696;off
450;450;-32.5124;117.613;off
450;450;-32.6912;117.676;off
450;450;-32.1539;117.779;off
450;450;-32.5749;117.388;off
450;450;-31.8317;117.682;off
450;450;-32.062;117.423;off
450;450;-32.6589;117.205;off
450;450;-32.4372;117.318;off
450;450;-32.6105;117.362;off
450;450;-33.3909;117.756;off
450;450;-33.358;117.731;off
450;450;-33.5828;118.28;off
450;450;-33.9304;118.431;off
450;450;-34.346;118.494;off
450;450;-33.6321;118.304;off
450;450;-34.0041;118.185;off
450;450;-34.0109;117.853;off
450;450;-33.8935;117.916;off
450;450;-33.4172;117.849;off
450;450;-34.4358;117.829;off
450;450;-34.1428;117.9;off
450;450;-34.4597;117.792;off
450;450;-34.4083;117.759;off
450;450;-34.6467;117.645;off
450;450;-34.8454;117.477;off
450;450;-34.5131;116.786;off
450;450;-34.6741;117.619;off
450;450;-34.3886;117.48;off
450;450;-34.8055;117.246;off
450;450;-33.9112;117.472;off
450;450;-34.2003;117.563;off
450;450;-34.3818;117.159;off
450;450;-34.3292;117.42;off
450;450;-33.9561;117.718;off
450;450;-34.4903;117.362;off
450;450;-33.9068;117.219;off
450;450;-33.713;117.521;off
450;450;-33.6382;117.407;off
450;450;-34.1308;116.994;off
450;450;-33.0073;117.01;off
450;450;-33.1173;116.92;off
450;450;-33.6648;116.669;off
450;450;-33.3053;116.895;off
450;450;-34.1668;116.405;off
450;450;-32.5671;117.989;off
450;450;-34.7894;117.489;off
450;450;-33.477;116.188;off
450;450;-34.0266;117.876;off
450;450;-33.7757;116.88;off
450;450;-34.7062;116.717;off
450;450;-33.0106;117.793;off
450;450;-34.4037;117.744;off
450;450;-34.0636;116.967;off
450;450;-33.8911;117.58;off
450;450;-33.7468;118.143;off
450;450;-34.5931;117.071;on
450;450;-8.88269;22.3558;on
450;450;-1.32121;0.180165;on
450;450;0.483099;1.08697;on
450;450;-0.181521;0.726086;on
450;450;-0.181436;-1.08862;on
450;450;0.726672;0.121112;on
450;450;1.27318;-0.363764;on
450;450;-0.848326;1.63606;on
450;450;0.605377;-1.69506;on
450;450;-0.970071;0.848812;on
450;450;1.27322;-1.15196;on
450;450;-2.18303;0.909595;on
450;450;0.606642;-0.424649;on
450;450;-1.21202;-1.09082;on
450;450;-0.0606417;1.69797;on
450;450;-1.9406;1.51609;on
450;450;0.96932;-1.21165;on
450;450;-0.545316;1.57536;on
450;450;0.484318;-1.08971;on
450;450;0.302984;0.363581;on
450;450;0.121283;-0.242567;on
450;450;-1.87818;0.36352;on
450;450;0.363728;0.121243;on
450;450;0.849184;0.181968;on
450;450;-1.09133;-0.485036;on
450;450;0.0606172;-0.121234;on
450;450;1.03126;0.545959;on
450;450;-1.33385;-0.242518;on
450;450;0.727529;-0.121255;on
450;450;-1.15072;-0.484513;on
450;450;1.21153;-0.424035;on
450;450;0.303066;0.606131;on
450;450;0.242739;0.546162;on
450;450;-1.39528;-0.121328;on
450;450;0.97066;-0.424664;on
450;450;-0.909748;-5.68434e-14;on
450;450;0.060654;-0.181962;on
450;450;-0.484954;-0.424335;on
450;450;1.6386;1.94204;on
450;450;-1.39556;0.667441;on
450;450;1.0314;-0.970725;on
450;450;0.24291;1.51819;on
450;450;-0.121247;-1.0306;on
450;450;-0.0606724;0.121345;on
450;450;1.33556;1.45697;on
450;450;-1.5165;1.03122;on
450;450;0.303086;-1.7579;on
450;450;0.36401;-0.36401;on
450;450;-0.364108;0.7889;on
450;450;-0.971183;-5.68434e-14;on
450;450;1.4556;-1.3343;on
450;450;-0.607276;0.850187;on
450;450;-0.303444;-0.303444;on
450;450;-0.121341;-0.546033;on
450;450;0.971151;0.303485;on
450;450;-0.668207;1.09343;on
450;450;0.364095;-0.970921;on
450;450;-0.424821;0.606887;on
450;450;0.485641;0.849871;on
450;450;0.182054;-0.546162;on
450;450;-0.363875;-0.788395;on
450;450;-0.606764;0.667441;on
450;450;0.850015;0.242861;on
450;450;0.424563;-0.606519;on
450;450;0.48533;0.121332;on
450;450;0.0607338;1.09321;on
450;450;-0.54607;-0.424721;on
450;450;0.545536;-0.303076;on
450;450;0.24264;0.363961;on
450;450;-0.364145;-0.0606908;on
450;450;-0.0606397;0.727676;on
450;450;1.15297;-5.68434e-14;on
450;450;-0.485068;-0.121267;on
450;450;0.181901;-0.303168;on
450;450;0.424535;-0.485183;on
450;450;0.0606683;0.36401;on
450;450;-0.546125;0.424764;on
450;450;0.788874;0.24273;on
450;450;-0.545886;0.060654;on
450;450;-0.667306;0.121328;on
450;450;0.667373;-0.424692;on
450;450;0.121279;-0.363838;on
450;450;-0.0606519;0.424563;on
450;450;-0.546346;0.607051;on
450;450;-0.546291;0.060699;on
450;450;0.36428;0.121427;on
450;450;0.667824;-0.728535;on
450;450;-0.485412;-5.68434e-14;on
450;450;-0.546088;0.485412;on
450;450;0.121422;0.424979;on
450;450;0.303464;-0.242771;on
450;450;0.728216;-0.242739;on
450;450;-1.09177;-0.30327;on
450;450;0.606356;-0.363813;on
450;450;0.606683;0.242673;on
450;450;-0.364403;0.911007;on
450;450;-0.364108;-0.485477;on
450;450;0.121341;-0.424692;on
450;450;0.910116;0.364046;on
450;450;-0.607071;0.728486;on
450;450;-0.485526;-0.424835;on
450;450;0.121332;-0.121332;on
450;450;0.788289;-0.121275;on
450;450;0.121202;-0.545408;on
450;450;-0.181943;0.54583;on
450;450;-0.424635;0.181986;on
450;450;-0.0606233;-0.666856;on
450;450;0.181839;-0.181839;on
450;450;-0.121427;0.789273;on
450;450;-0.667126;-0.485183;on
450;450;0.787917;-0.60609;on
450;450;0.0606437;0.48515;on
450;450;-0.545849;0.363899;on
450;450;-0.787997;-0.181845;on
450;450;0.303066;-0.303066;on
450;450;0.484938;-0.181852;on
450;450;0.303066;-0.78797;on
450;450;0.303004;-2.24223;on
450;450;2.42534;-0.788236;on
450;450;-0.18168;0.0605601;on
450;450;-2.66482;1.6958;on
450;450;-0.0606172;1.69728;on
450;450;0.303035;-1.15153;on
450;450;0.485085;0.242542;on
450;450;0.121283;0.36385;on
450;450;-1.93838;-0.848041;on
450;450;-0.666677;-5.68434e-14;on
450;450;0.0606478;0.909717;on
450;450;1.3347;-0.182005;on
450;450;2.06168;0.24255;on
450;450;-0.121304;0.606519;on
450;450;2.8492;0.0606213;on
450;450;1.09074;1.21194;on
450;450;-5.68434e-14;0.181833;on
450;450;-0.0605295;-1.15006;on
450;450;1.75914;-1.88046;on
450;450;-0.182324;0.972396;on
450;450;0.18206;-0.667553;on
450;450;0.242698;-0.667418;on
450;450;-0.18165;-0.605499;on
450;450;-3.14088;-0.0604016;on
450;450;0.724236;-0.120706;on
450;450;-1.81108;0.72443;on
450;450;-0.120686;-0.4224;on
450;450;0.120779;-0.362337;on
450;450;-8.62354;2.35187;on
450;450;2.82806;1.08309;on
450;450;0.301896;-0.120759;on
450;450;0.241964;0.786382;on
450;450;-4.23821;2.78511;on
450;450;2.72878;-0.121279;on
450;450;-2.48497;-1.09096;on
450;450;2.49059;3.09805;on
450;450;-0.850359;0.36444;on
450;450;0.972167;-2.00509;on
450;450;-0.608302;0.12166;on
450;450;0.24356;1.33958;on
450;450;0.121603;-1.27683;on
450;450;-3.8131;-3.26838;on
450;450;3.80645;0.906297;on
450;450;-2.47547;4.89056;on
450;450;1.57028;-3.20096;on
450;450;-1.69193;0.483407;on
450;450;1.33178;0.786963;on
450;450;-0.544455;-1.39138;on
450;450;1.03049;0.788023;on
450;450;-0.364059;1.45623;on
450;450;-2.1226;0.909687;on
450;450;0.970627;-2.72989;on
450;450;-0.303782;1.82269;on
450;450;-5.63626;-6.1211;on
450;450;-0.905052;1.8101;on
450;450;-1.63139;-5.49839;on
450;450;-4.89072;1.81138;on
450;450;0.0603793;4.22655;on
450;450;0.422981;-2.90044;on
450;450;-0.0605153;-0.423607;on
450;450;-0.241882;1.75365;on
450;450;-0.242273;3.27068;on
450;450;0.848755;0.181876;on
450;450;-0.605703;-0.363422;on
450;450;0.666789;-2.06098;on
450;450;4.7275;2.54558;on
450;450;5.79369;2.89685;on
450;450;-1.02783;-6.95295;on
450;450;-1.57292;1.75441;on
450;450;0.241915;-1.6934;on
450;450;-0.0604828;-3.26607;on
450;450;-0.242297;0.908615;on
450;450;0.181692;0.0605642;on
450;450;-1.87977;2.4255;on
450;450;0.849929;-0.182128;on
450;450;-0.666879;-1.57626;on
450;450;1.33497;-0.849528;on
450;450;-2.96964;3.6363;on
450;450;2.59483;4.58621;on
450;450;1.027;-3.98717;on
450;450;-0.241825;3.14373;on
450;450;0.90712;-2.29804;on
450;450;-1.2101;0.484041;on
450;450;2.90825;2.72649;on
450;450;-2.6633;-1.69483;on
450;450;2.48723;-0.0606642;on
450;450;-1.15324;2.30648;on
450;450;0.789353;-1.51799;on
450;450;-0.729568;0.364784;on
450;450;2.61526;-5.68434e-14;on
450;450;-1.7642;1.58169;on
450;450;10.8084;8.1974;on
450;450;-0.423095;6.22554;on
450;450;0.66578;-6.83938;on
450;450;-0.483635;3.38544;on
450;450;0.241712;1.0877;on
450;450;0.302079;-3.02079;on
450;450;0.786831;0.181576;on
450;450;-0.120864;-0.060432;on
450;450;0.786223;-0.362872;on
450;450;1.21243;-0.181864;on
450;450;-1.15142;1.09082;on
450;450;1.69802;0.242575;on
450;450;6.79027;2.48572;on
450;450;0.482209;6.329;on
450;450;2.47555;-2.89821;on
450;450;0.0604219;4.22953;on
450;450;0.604036;-1.38928;on
450;450;0.181552;0.242069;on
450;450;-0.121312;0.545904;on
450;450;-0.606335;-0.181901;on
450;450;-2.67463;3.16093;on
450;450;2.3121;-0.121689;on
450;450;-1.94663;0.851652;on
450;450;1.88695;-0.304347;on
450;450;-0.0609476;0.670424;on
450;450;-12.093;-5.77302;on
450;450;5.69035;1.63446;on
450;450;0.971216;-6.37361;on
450;450;-0.667306;2.00192;on
450;450;2.78839;-0.42432;on
450;450;-2.36542;-5.68434e-14;on
450;450;2.42984;3.21954;on
450;450;-3.02688;-1.21075;on
450;450;3.14722;-3.0867;on
450;450;-1.15103;1.51451;on
450;450;1.14917;-1.754;on
450;450;-0.726281;0.423664;on
450;450;2.18053;1.21141;on
450;450;-5.19663;-6.04259;on
450;450;-2.83127;0.18072;on
450;450;0.0603408;0.543068;on
450;450;-2.23261;1.20682;on
450;450;-1.3864;3.49614;on
450;450;3.38124;2.0529;on
450;450;-2.29472;-1.08697;on
450;450;2.42297;0.848041;on
450;450;-0.303137;0.545647;on
450;450;-1.09104;-0.78797;on
450;450;0.0606908;-0.121382;on
450;450;0.546346;0.971282;on
450;450;-4.35798;-0.847385;on
450;450;0.120682;-0.482727;on
450;450;-5.68434e-14;-2.05517;on
450;450;-3.02312;-0.120925;on
450;450;-1.81424;1.75376;on
450;450;0.605234;-2.42094;on
450;450;0.0606478;0.303239;on
450;450;0.303076;1.45476;on
450;450;-0.545959;3.21509;on
450;450;0.242281;-1.69597;on
450;450;-1.02893;1.08946;on
450;450;2.96924;0.545371;on
450;450;-0.606294;1.0307;off
450;450;283;222.917;off
450;450;21.1457;-191.933;off
450;450;-97.3523;142.699;off
450;450;68.7001;-99.2936;off
450;450;46.0683;1.80189;off
450;450;-28.9289;11.9685;off
450;450;38.9882;67.3105;off
450;450;10.1078;132.369;off
450;450;-7.96205;97.4748;off
450;450;-37.296;126.65;off
450;450;-10.1432;128.643;off
450;450;-74.0433;124.494;off
450;450;-40.5197;121.499;off
450;450;139.124;400.146;off
450;450;-330.641;79.8181;off
450;450;-253.42;22.7691;off
450;450;-222.849;219.905;off
450;450;-205.155;110.146;off
450;450;-292.422;69.6243;off
450;450;-187.929;134.192;off
450;450;-251.379;122.071;off
450;450;-283.169;82.3937;off
450;450;-271.337;106.481;off
450;450;-294.947;104.035;off
450;450;-191.115;89.5476;off
450;450;141.494;302.173;off
450;450;6.78938;10.5746;off
450;450;-52.8;230.811;off
450;450;16.6887;153.451;off
450;450;68.2901;101.715;off
450;450;-76.3604;139.203;off
450;450;-96.1828;147.464;off
450;450;-238.584;124.481;off
450;450;-218.829;94.9557;off
450;450;-232.1;109.536;off
450;450;-246.621;2.11562;off
450;450;-262.908;-37.3172;off
450;450;-10.9402;-73.6962;off
450;450;-341.354;11.8371;off
450;450;-211.397;-214.638;off
450;450;-154.705;-27.3782;off
450;450;-113.341;-66.1105;off
450;450;-208.287;-108.003;off
450;450;-168.609;-62.251;off
450;450;-193.271;-44.4267;off
450;450;-258.341;-56.6261;off
450;450;-172.64;-60.0746;off
450;450;-105.535;-33.9605;off
450;450;-79.4624;-29.6484;off
450;450;50.3923;-99.3932;off
450;450;-202.827;-1.56205;off
450;450;-46.8229;-126.47;off
450;450;-101.267;58.6154;off
450;450;-118.454;17.8673;off
450;450;-174.969;-23.7886;off
450;450;-189.2;-14.7514;off
450;450;-232.78;-33.0231;off
450;450;-231.305;-28.7707;off
450;450;-237.837;-30.7584;off
450;450;-270.358;-41.889;off
450;450;-199.258;-48.1835;off
450;450;-89.1008;-20.0537;off
450;450;287.577;273.9;off
450;450;-139.435;-71.4529;off
450;450;-91.1171;-6.71831;off
450;450;-57.9644;35.9343;off
450;450;10.7718;-57.5898;off
450;450;-136.458;-41.5201;off
450;450;-21.7052;-6.37327;off
450;450;-112.181;-18.2046;off
450;450;-121.306;-59.5095;off
450;450;-129.609;-23.8974;off
450;450;-118.225;-33.8473;off
450;450;-158.472;-46.1162;off
450;450;-117.712;-37.0398;off
450;450;209.329;186.821;off
450;450;-218.626;-67.1863;off
450;450;-116.981;-122.143;off
450;450;-114.388;30.4753;off
450;450;19.9021;-97.8871;off
450;450;-37.2046;-64.7769;off
450;450;74.2515;-30.206;off
450;450;-44.5766;-48.7876;off
450;450;-28.291;-66.6944;off
450;450;-13.3768;-28.019;off
450;450;-39.359;-50.0276;off
450;450;-35.2864;-61.2837;off
450;450;121.323;-172.018;off
450;450;-107.465;93.7246;off
450;450;13.9598;-77.1999;off
450;450;2.2846;-11.904;off
450;450;-26.7304;-20.4692;off
450;450;-41.4895;-62.1739;off
450;450;-26.9875;-34.5777;off
450;450;-65.4917;-58.6232;off
450;450;-99.0326;-43.6323;off
450;450;-70.6439;-49.4749;off
450;450;-112.139;-46.5233;off
450;450;28.1396;14.4321;on
450;450;25.6691;27.6575;on
450;450;2.83964;0.422925;on
450;450;0.30214;2.71926;on
450;450;1.2084;-1.99385;on
450;450;0.48344;-1.63161;on
450;450;0.847043;1.75459;on
450;450;-0.483618;-0.302261;on
450;450;0.121027;-1.99694;on
450;450;3.51923;0.0606764;on
450;450;-2.06272;1.69871;on
450;450;-5.68434e-14;-2.97184;on
450;450;0.0607317;1.1539;on
450;450;-2.60225;-10.1669;on
450;450;2.71816;1.26848;on
450;450;-0.726184;2.84422;on
450;450;2.29773;-3.86986;on
450;450;-2.05455;-0.120856;on
450;450;3.02658;-0.242126;on
450;450;-1.51176;-0.604706;on
450;450;1.2121;-1.2121;on
450;450;0.121402;0.485608;on
450;450;-0.0607194;1.63942;on
450;450;1.0316;-2.36662;on
450;450;-0.485919;1.09332;on
450;450;-1.75636;3.02821;on
450;450;5.37069;-0.543104;on
450;450;0.60554;-7.26648;on
450;450;-2.6624;-0.484074;on
450;450;-0.0605438;1.45305;on
450;450;0.242248;-2.90698;on
450;450;-1.33461;-5.68434e-14;on
450;450;0.667981;0.182177;on
450;450;-2.12597;-0.30371;on
450;450;1.2155;-2.67409;on
450;450;-1.46007;1.76426;on
450;450;2.37511;0.0609002;on
450;450;14.9673;4.68488;on
450;450;1.26967;7.55755;on
450;450;0.302902;-6.05805;on
450;450;-2.18075;0.0605764;on
450;450;0.363679;2.66698;on
450;450;2.9108;-3.51722;on
450;450;-0.485199;0.18195;on
450;450;-0.605377;-0.181613;on
450;450;1.15177;-5.68434e-14;on
450;450;2.42714;-0.728142;on
450;450;-1.57711;1.8804;on
450;450;0.788236;-1.21267;on
450;450;-1.39368;1.99963;on
450;450;-2.53415;4.40459;on
450;450;1.5687;-0.181004;on
450;450;-0.0603226;4.34323;on
450;450;1.74655;-1.56587;on
450;450;-0.783433;-1.02449;on
450;450;0.60432;0.362592;on
450;450;0.121214;2.18185;on
450;450;-0.182337;2.24882;on
450;450;1.09528;-2.92074;on
450;450;-0.975228;0.914276;on
450;450;0.732513;2.07545;on
450;450;-0.788342;-0.181925;on
450;450;-2.5425;-5.68434e-14;on
450;450;-0.181778;-1.93897;on
450;450;1.1513;-2.24201;on
450;450;-1.93982;3.09158;on
450;450;3.09346;-0.485248;on
450;450;-4.30237;-0.302984;on
450;450;3.40006;1.82146;on
450;450;0.243099;-0.425423;on
450;450;0.242984;-1.45791;on
450;450;-0.850474;-1.21496;on
450;450;-0.0608282;1.88567;on
450;450;2.67238;0.850301;on
450;450;2.41785;8.09979;on
450;450;0.42412;-5.02886;on
450;450;0.121349;1.63821;on
450;450;0.970594;-1.88053;on
450;450;0.364341;-0.546512;on
450;450;-0.485739;0.667891;on
450;450;-0.181729;0.66634;on
450;450;0.060554;-0.726648;on
450;450;2.73053;0.303392;on
450;450;-1.5166;0.181993;on
450;450;0.848955;-0.545757;on
450;450;-0.97102;-3.09512;on
450;450;-2.59727;-0.845622;on
450;450;0.483034;1.26797;on
450;450;-1.9956;4.59592;on
450;450;1.45037;-3.50506;on
450;450;-1.75376;-0.423322;on
450;450;2.91493;2.06474;on
450;450;-2.48799;-1.51706;on
450;450;0.364833;-0.0608056;on
450;450;0.609931;0.731917;on
450;450;-5.68434e-14;-1.46344;on
450;450;-0.183141;0.305234;on
450;450;-0.182923;-0.304872;on
450;450;2.1282;-1.0945;on
450;450;0.362884;7.01576;on
450;450;1.57334;-2.66258;on
450;450;-4.6553;-0.785959;on
450;450;-0.906176;2.47688;on
450;450;0.0604503;-0.604503;on
450;450;-0.483765;-1.08847;on
450;450;-5.68434e-14;-0.604239;on
450;450;1.8756;0.121006;on
450;450;0.181754;-1.75695;on
450;450;-0.242747;0.606867;on
450;450;3.04203;-0.121681;on
450;450;-4.00775;-3.27907;on
450;450;0.060495;7.1989;on
450;450;0.848869;-6.18462;on
450;450;-0.727235;1.27266;on
450;450;1.99983;-1.99983;on
450;450;-1.75743;-0.545408;on
450;450;0.0606049;0.969679;on
450;450;-1.69244;-0.181333;on
450;450;0.18143;1.87478;on
450;450;2.90366;-0.846901;on
450;450;-1.93493;1.02793;on
450;450;-5.68434e-14;-0.846759;on
450;450;2.05821;-0.786963;on
450;450;-0.121251;0.848755;on
450;450;-4.82905;-1.87126;on
450;450;3.51001;1.33138;on
450;450;-0.667621;5.64443;on
450;450;1.39448;-4.85036;off
450;450;-14.4337;34.6287;off
450;450;-210.937;118.629;off
450;450;-101.342;144.352;off
450;450;-152.258;160.319;off
450;450;-184.503;108.242;off
450;450;-181.436;129.991;off
450;450;-148.694;132.332;off
450;450;-91.7311;142.573;off
450;450;-136.326;-80.8632;off
450;450;-177.896;193.081;off
450;450;6.86987;66.3485;off
450;450;39.6352;57.8866;off
450;450;-89.9108;77.8945;off
450;450;108.837;113.203;off
450;450;116.565;131.25;off
450;450;32.9775;62.9296;off
450;450;21.3298;28.7436;off
450;450;82.8024;-46.5195;off
450;450;27.0731;-63.2311;off
450;450;131.488;-126.35;off
450;450;179.793;-450;off
450;450;30.1738;-130.673;off
450;450;166.442;-326.873;off
450;450;149.048;-240.357;off
450;450;75.4188;-205.968;off
450;450;14.0381;-230.722;off
450;450;-124.184;-255.068;off
450;450;-182.545;-280.4;off
450;450;-215.677;-262.159;off
450;450;-204.822;-274.614;off
450;450;-206.356;-283.373;off
450;450;-123.092;-280.89;off
450;450;179.87;-77.3797;off
450;450;-68.0454;-406.415;off
450;450;-64.407;-191.597;off
450;450;80.523;-212.746;off
450;450;252.412;-276.429;off
450;450;105.824;-229.275;off
450;450;192.839;-241.41;off
450;450;140.072;-240.124;off
450;450;124.445;-270.586;off
450;450;105.558;-229.392;off
450;450;103.026;-153.543;off
450;450;90.8708;-92.6218;off
450;450;450;280.941;off
450;450;123.415;-261.897;off
450;450;-106.472;55.3123;off
450;450;77.5593;-116.158;off
450;450;50.0778;15.3668;off
450;450;4.16589;-31.9989;off
450;450;-42.131;-68.7273;off
450;450;20.4858;-47.1354;off
450;450;-61.8446;-60.3922;off
450;450;-61.4375;-65.1903;off
450;450;-53.8053;-70.0861;off
450;450;-75.6752;-70.4646;off
450;450;-23.5547;-79.5047;off
450;450;214.066;-63.7978;off
450;450;-40.8149;52.8477;off
450;450;154.155;-162.854;off
450;450;193.327;-6.44222;off
450;450;226.501;-43.5301;off
450;450;152.37;-81.7948;off
450;450;205.045;-35.2402;off
450;450;159.636;-40.9015;off
450;450;98.4687;-54.8189;off
450;450;67.8549;-52.4004;off
450;450;-48.7523;-62.2241;off
450;450;-81.671;-81.2479;off
450;450;275.48;210.983;off
450;450;-102.151;-195.484;off
450;450;-146.613;28.6747;off
450;450;-56.4639;-96.2178;off
450;450;-48.5923;-70.5645;off
450;450;-18.3103;-70.0383;off
450;450;135.618;-59.2083;off
450;450;177.763;-58.8732;off
450;450;177.411;-73.58;off
450;450;149.49;-49.8098;off
450;450;190.89;-55.6436;off
450;450;183.03;-57.2308;off
450;450;262.425;-20.4596;off
450;450;161.943;-183.176;off
450;450;-12.9433;62.429;off
450;450;62.5897;-85.684;off
450;450;152.909;-91.2987;off
450;450;43.5354;-39.3748;off
450;450;94.2363;-61.0936;off
450;450;-30.1826;-44.7909;off
450;450;-97.7284;-86.91;off
450;450;-160.009;-96.2945;off
450;450;-95.2402;-75.4437;off
450;450;-138.552;-95.8602;off
450;450;-121.356;-107.738;off
450;450;-76.9015;-85.4193;off
450;450;175.289;-90.3166;off
450;450;-78.9988;-4.34192;off
450;450;154.015;-200.837;off
450;450;135.417;33.809;off
450;450;192.834;-102.568;off
450;450;65.5871;-15.1308;off
450;450;171.296;50.6692;on
450;450;99.7931;32.8004;on
450;450;-0.302739;1.02931;on
450;450;3.51971;0.182054;on
450;450;-1.82085;2.00293;on
450;450;1.15277;-0.910085;on
450;450;5.14917;-6.54247;on
450;450;6.44718;2.53067;on
450;450;0.966133;-7.72907;on
450;450;-3.01613;0.482581;on
450;450;-0.84381;3.2547;on
450;450;0.603388;-2.1722;on
450;450;-1.45115;-0.665109;on
450;450;0.181913;1.75849;on
450;450;-0.607727;1.27623;on
450;450;1.03478;-0.730432;on
450;450;-0.608878;-0.85243;on
450;450;0.97536;-0.42672;on
450;450;-11.7161;-2.91384;on
450;450;-1.75312;1.32995;on
450;450;-1.81692;4.48175;on
450;450;2.54087;-1.69392;on
450;450;-2.29495;3.32164;on
450;450;0.422882;-1.81235;on
450;450;-0.907394;0.42345;on
450;450;0.0605011;1.27052;on
450;450;-1.93727;2.90591;on
450;450;1.39298;-3.33103;on
450;450;-3.51829;0.909901;on
450;450;1.69986;-1.03206;on
450;450;-4.2911;-7.19213;on
450;450;5.5575;-0.181223;on
450;450;-2.23764;4.47527;on
450;450;3.81157;-1.87553;on
450;450;-1.93564;0.846844;on
450;450;1.94073;1.03101;on
450;450;-2.90649;-0.181656;on
450;450;1.2718;-1.15068;on
450;450;0.182244;0.0607481;on
450;450;-0.667891;0.667891;on
450;450;0.789432;-0.364353;on
450;450;-0.182318;1.51932;on
450;450;-7.73997;-5.20029;on
450;450;2.96097;-0.483424;on
450;450;-1.02841;1.27039;on
450;450;3.93164;-1.63314;on
450;450;-3.02393;0.544308;on
450;450;2.24208;-0.121194;on
450;450;-2.36097;0.181613;on
450;450;0.363092;-1.997;on
450;450;-0.303341;2.12339;on
450;450;0.0606662;-0.303331;on
450;450;-1.0315;-0.182029;on
450;450;0.789033;0.182085;on
450;450;-0.606029;-6.3027;on
450;450;-2.173;0.301805;on
450;450;0.363092;-5.68844;on
450;450;-2.96375;1.69357;on
450;450;-0.302322;3.50694;on
450;450;0.484057;-2.35978;on
450;450;-2.72851;-2.30407;on
450;450;0.365352;0.974271;on
450;450;-5.68434e-14;3.17573;on
450;450;0.244386;-0.366579;on
450;450;-0.427981;0.305701;on
450;450;0.244544;0.244544;on
450;450;-6.44082;-2.00516;on
450;450;-3.03413;0.667508;on
450;450;-0.0607133;-1.39641;on
450;450;1.3965;-1.63937;on
450;450;-1.57599;1.81845;on
450;450;1.09184;0.181974;on
450;450;-1.99607;-0.362921;on
450;450;1.99653;-1.87553;on
450;450;0.121165;0.424078;on
450;450;-1.93695;2.54224;on
450;450;0.120937;-1.69312;on
450;450;0.60497;2.66187;on
450;450;-3.85522;-0.180714;on
450;450;-1.44935;-5.91816;on
450;450;1.93395;5.80186;on
450;450;2.59962;-4.95742;on
450;450;-1.14879;0.24185;on
450;450;1.03053;0.727431;on
450;450;-1.39237;-0.302688;on
450;450;1.03042;-0.0606131;on
450;450;0.242845;-1.33565;on
450;450;-1.94368;0.485919;on
450;450;1.03324;0.243116;on
450;450;0.121463;0.971708;on
450;450;-0.844942;2.052;on
450;450;2.5407;-0.604929;on
450;450;-1.57393;0.726428;on
450;450;1.87743;-2.30136;on
450;450;-1.27258;0.484791;on
450;450;1.27438;3.70176;on
450;450;-2.30268;-0.908952;on
450;450;2.79319;-2.00381;on
450;450;-0.486955;0.85217;on
450;450;-5.68434e-14;1.03481;on
450;450;0.182614;-1.64353;on
450;450;0.30479;0.426706;on
450;450;0.608858;-0.913287;on
450;450;-2.12189;-5.88066;on
450;450;2.72493;1.21108;on
450;450;-0.727725;5.8218;on
450;450;0.786805;-1.21047;on
450;450;-1.2099;0.36297;on
450;450;1.75914;4.00357;on
450;450;-1.51451;-1.99916;on
450;450;0.970463;-1.45569;on
450;450;0.121517;0.36455;on
450;450;-0.668365;1.76205;on
450;450;0.425395;-0.546936;on
450;450;-1.03307;2.43075;on
450;450;-4.41851;-8.23174;on
450;450;-1.99345;0.362446;on
450;450;-2.11882;1.69506;on
450;450;2.42175;-0.121088;on
450;450;-2.17811;3.26717;on
450;450;1.03028;-1.99996;off
450;450;86.3384;51.464;off
450;450;5.98659;63.615;off
450;450;11.9623;22.0518;off
450;450;72.0883;54.7023;off
450;450;185.908;81.531;off
450;450;133.718;71.3564;off
450;450;277.38;-44.3665;off
450;450;-15.6058;121.593;off
450;450;165.699;-77.2453;off
450;450;80.7326;123.928;off
450;450;112.142;-27.1732;off
450;450;77.0991;-108.992;off
450;450;115.994;-91.3802;off
450;450;65.4665;-206.928;off
450;450;31.2906;-249.78;off
450;450;64.5894;-250.851;off
450;450;19.0809;-250.354;off
450;450;93.1174;-252.79;off
450;450;401.348;13.0402;off
450;450;58.4432;-325.312;off
450;450;83.1999;-103.97;off
450;450;91.6672;-5.56292;off
450;450;162.934;-115.768;off
450;450;40.9015;5.26395;off
450;450;150.439;95.493;off
450;450;18.44;152.07;off
450;450;12.7606;126.88;off
450;450;12.426;143.623;off
450;450;-6.66969;149.765;off
450;450;31.0046;131.724;off
450;450;422.777;412.721;off
450;450;-12.8026;-33.2142;off
450;450;-15.6876;27.2119;off
450;450;-2.23546;16.6149;off
450;450;106.264;-206.074;off
450;450;-50.2615;-159.081;off
450;450;77.4108;-147.426;off
450;450;-35.0985;-155.913;off
450;450;-55.6243;-185.822;off
450;450;-47.6049;-166.709;off
450;450;-37.5158;-168.334;off
450;450;-51.2186;-171.582;off
450;450;268.955;0.667081;off
450;450;153.951;-377;off
450;450;-59.0836;-29.3909;off
450;450;129.878;-296.658;off
450;450;87.21;-116.904;off
450;450;44.8588;-138.078;off
450;450;95.5124;-119.723;off
450;450;49.6784;-38.9813;off
450;450;-6.48801;-45.0522;off
450;450;-28.2184;-14.2002;off
450;450;21.4116;-18.5083;off
450;450;0.121243;-23.6423;off
450;450;157.347;-16.1397;off
450;450;450;50.0375;off
450;450;118.938;49.8034;off
450;450;230.373;-108.237;off
450;450;241.746;15.5128;off
450;450;222.078;40.9138;off
450;450;166.119;2.34904;off
450;450;171.574;41.065;off
450;450;52.2018;17.8221;off
450;450;-56.9061;10.3631;off
450;450;10.4163;9.99241;off
450;450;-0.849843;30.4729;off
450;450;197.353;155.684;off
450;450;6.01011;-221.953;off
450;450;-159.263;166.054;off
450;450;-6.52096;-148.956;off
450;450;-50.5371;-15.7966;off
450;450;-81.0823;-66.4996;off
450;450;-50.9904;-75.1246;off
450;450;-96.3187;-69.8023;off
450;450;-129.791;-102.978;off
450;450;-126.304;-69.6206;off
450;450;-97.3527;-82.7286;off
450;450;-112.566;-86.222;off
450;450;-45.093;-82.6806;off
450;450;375.292;215.51;off
450;450;38.0745;-149.351;off
450;450;114.989;20.6546;off
450;450;118.915;-11.4086;off
450;450;254.574;-113.492;off
450;450;213.404;-19.1865;off
450;450;309.273;-4.45343;off
450;450;178.855;-42.49;off
450;450;196.177;-51.9488;off
450;450;197.796;-5.19244;off
450;450;151.022;-30.2044;off
450;450;141.135;-51.8159;off
450;450;450;320.227;off
450;450;-39.1179;-156.111;off
450;450;-61.2058;-179.28;off
450;450;6.64194;-61.8909;off
450;450;41.5131;16.7742;off
450;450;-98.2921;111.833;off
450;450;-27.0222;150.163;off
450;450;-8.19344;174.653;off
450;450;-80.9991;123.068;off
450;450;-100.223;152.203;off
450;450;-61.2778;146.489;off
450;450;-109.939;101.496;off
450;450;-63.9081;100.41;off
450;450;236.418;245.593;off
450;450;-245.551;-334.186;off
450;450;-337.797;3.99831;off
450;450;-155.944;-224.588;off
450;450;-179.598;-245.906;off
450;450;-276.296;-218.417;off
450;450;-150.854;-226.674;off
450;450;-148.508;-225.418;off
450;450;-56.2509;-243.754;off
450;450;-0.424478;-215.21;off
450;450;109.861;-209.916;off
450;450;407.859;71.7619;off
450;450;26.8034;-334.833;off
450;450;-10.8599;-87.8445;off
450;450;89.5437;-230.393;off
450;450;95.2839;-215.76;off
450;450;-32.4248;-116.959;off
450;450;68.99;-81.4456;off
450;450;48.7587;-30.7759;off
450;450;46.743;-91.5534;off
450;450;80.9205;-69.5505;on
450;450;2.54104;-0.181503;on
450;450;0.362762;-0.604604;on
450;450;1.08964;-0.121071;on
450;450;-7.85089;-7.48854;on
450;450;-3.19357;1.62691;on
450;450;-2.65981;3.86882;on
450;450;3.3261;-4.2937;on
450;450;-1.27005;1.51197;on
450;450;4.00667;-0.121414;on
450;450;-2.85199;-0.606805;on
450;450;0.121468;-1.94348;on
450;450;-0.182762;0.974733;on
450;450;0.91375;-0.304583;on
450;450;-0.182961;1.15875;on
450;450;0.304408;-2.49615;on
450;450;-3.87285;-6.35389;on
450;450;5.80069;0.422967;on
450;450;-0.423237;6.16717;on
450;450;3.13909;-6.21782;on
450;450;-2.41412;0.784589;on
450;450;1.57176;2.47854;on
450;450;-2.05159;-0.72409;on
450;450;0.664864;-2.05503;on
450;450;0.727259;1.15149;on
450;450;-0.0606111;0.727333;on
450;450;-5.68434e-14;-0.787917;on
450;450;0.727112;-2.84786;on
450;450;-4.33727;0.240959;on
450;450;2.84412;141.238;on
450;450;0.120925;9.67399;on
450;450;1.8112;-2.65642;on
450;450;-0.84565;0.0604036;on
450;450;2.36168;2.11946;on
450;450;-1.99647;-2.41996;on
450;450;0.667261;0.909901;on
450;450;-0.0607974;0.972758;on
450;450;-0.364526;-0.911314;on
450;450;-0.243231;1.27696;on
450;450;0.121669;-0.851681;on
450;450;-1.39528;-0.424649;on
450;450;-2.11441;9.24299;on
450;450;1.51666;-5.45996;on
450;450;-2.85093;-1.1525;on
450;450;1.5743;-1.5743;on
450;450;0.121271;-0.666991;on
450;450;0.242902;0.54653;on
450;450;0.363936;2.85083;on
450;450;-0.788289;1.4553;on
450;450;0.303137;0.0606274;on
450;450;-2.6033;-0.302709;on
450;450;1.4532;-1.15045;on
450;450;-5.42867;5.30804;on
450;450;3.37818;0.844545;on
450;450;-3.74465;4.65061;on
450;450;2.35606;-3.74553;on
450;450;0.120694;-0.241388;on
450;450;0.664953;2.47846;on
450;450;-0.664573;-0.785405;on
450;450;0.727137;-1.45427;on
450;450;1.27761;0.608385;on
450;450;-2.25323;1.33976;on
450;450;2.62199;-0.0609765;on
450;450;-0.365636;-1.52348;on
450;450;-12.3281;-3.09721;on
450;450;1.57319;8.10796;on
450;450;0.181993;-6.24841;on
450;450;-4.1823;2.00023;on
450;450;-0.544455;0.846929;on
450;450;-5.68434e-14;-3.93046;on
450;450;-0.484236;-1.27112;on
450;450;0.544693;-1.08939;on
450;450;-1.69906;2.66994;on
450;450;1.27618;0.0607707;on
450;450;-1.94381;0.121488;on
450;450;1.88211;-0.789273;on
450;450;1.88002;0.485166;on
450;450;3.98236;3.55999;on
450;450;1.26984;-3.99092;on
450;450;0.120888;0.483553;on
450;450;-0.966912;3.14246;on
450;450;1.20961;-1.20961;on
450;450;-1.5744;-1.21108;on
450;450;0.789939;-0.364587;on
450;450;-5.68434e-14;0.975393;on
450;450;1.7107;1.09974;on
450;450;-2.26288;0.0611589;on
450;450;0.122201;-1.64972;on
450;450;-12.4922;11.7609;on
450;450;-0.36444;-384.484;on
450;450;1.95257;57.6009;on
450;450;-3.59372;0.852747;on
450;450;0.608858;0.365315;on
450;450;4.4531;-2.74506;on
450;450;-1.09695;-1.40165;on
450;450;-0.0608076;0.972922;on
450;450;0.608961;2.67943;on
450;450;0.0608385;0.243354;on
450;450;-3.88198;-0.60656;on
450;450;1.51655;-5.68434e-14;on
450;450;-0.121382;1.57796;on
450;450;3.75548;-3.99777;on
450;450;-2.53253;3.5576;on
450;450;4.9516;2.23426;on
450;450;-0.423379;6.95552;on
450;450;2.71953;-5.62036;on
450;450;-3.504;0.664551;on
450;450;1.755;3.02587;on
450;450;-3.08172;1.51065;on
450;450;2.90122;-1.69238;on
450;450;2.23907;-5.68434e-14;on
450;450;-0.362787;1.75347;on
450;450;0.0603793;-1.38872;on
450;450;7.78423;5.31017;on
450;450;3.00676;7.03582;on
450;450;1.38784;-5.30999;on
450;450;-0.604239;6.64663;off
450;450;-93.2713;129.771;off
450;450;-11.6665;-3.44555;off
450;450;-113.148;18.1326;off
450;450;-20.087;23.5357;off
450;450;-121.008;0.422683;off
450;450;-104.68;-22.2196;off
450;450;-51.696;-9.03014;off
450;450;42.4526;-0.545041;off
450;450;75.6324;11.6964;off
450;450;329.588;0.240268;off
450;450;176.426;-35.9464;off
450;450;269.244;34.594;off
450;450;202.638;103.395;off
450;450;273.48;9.79288;off
450;450;182.981;47.2947;off
450;450;217.251;52.1257;off
450;450;111.313;35.3796;off
450;450;6.21365;17.4344;off
450;450;-59.1274;15.493;off
450;450;-31.4455;10.2395;off
450;450;-15.7892;17.9146;off
450;450;111.219;91.9137;off
450;450;30.1532;-169.944;off
450;450;-120.515;169.767;off
450;450;-26.9796;-27.1607;off
450;450;-28.4962;1.20746;off
450;450;-78.4328;28.0376;off
450;450;-5.00946;-9.1136;off
450;450;37.1726;-2.84546;off
450;450;71.4618;7.98051;off
450;450;16.7793;11.2868;off
450;450;72.1965;-4.64422;off
450;450;62.3814;10.7303;off
450;450;95.9147;5.60306;off
450;450;342.152;101.897;off
450;450;8.0522;-28.1827;off
450;450;99.1482;-25.7809;off
450;450;79.6616;106.857;off
450;450;141.38;-38.5087;off
450;450;81.7536;-99.1428;off
450;450;116.024;-145.647;off
450;450;54.4587;-220.907;off
450;450;44.4228;-217.165;off
450;450;95.3265;-215.663;off
450;450;56.0811;-214.484;off
450;450;101.39;-218.602;off
450;450;444.868;67.9142;off
450;450;-89.3302;41.7155;off
450;450;41.2947;-142.512;off
450;450;19.7931;78.388;off
450;450;126.949;-61.575;off
450;450;116.323;-54.4531;off
450;450;284.253;16.1549;off
450;450;203.619;6.6286;off
450;450;168.837;-33.0451;off
450;450;228.821;4.55961;off
450;450;211.585;11.2304;off
450;450;201.468;-1.0236;off
450;450;450;219.634;off
450;450;-43.6301;-8.90656;off
450;450;-25.0742;-119.087;off
450;450;-34.9332;57.5371;off
450;450;74.3559;-40.3715;off
450;450;-56.1602;-58.3969;off
450;450;30.9183;-23.853;off
450;450;-7.85168;-13.1063;off
450;450;13.6384;-57.9934;off
450;450;128.957;-32.6466;off
450;450;178.792;0.544729;off
450;450;165.409;-27.3364;off
450;450;361.661;144.459;off
450;450;119.149;-143.904;off
450;450;111.934;55.847;off
450;450;152.134;16.4892;off
450;450;221.852;-56.5435;off
450;450;118.436;50.7322;off
450;450;208.594;121.014;off
450;450;110.861;173.723;off
450;450;103.072;132.125;off
450;450;88.4288;163.544;off
450;450;112.7;165.496;off
450;450;105.116;144.61;off
450;450;413.633;380.093;off
450;450;86.2633;-108.967;off
450;450;50.7084;69.2411;off
450;450;134.593;-75.6522;off
450;450;179.01;-148.262;off
450;450;80.3379;-116.493;off
450;450;155.53;-66.1469;off
450;450;64.7653;-77.2596;off
450;450;45.0822;-87.5089;off
450;450;51.3794;-62.2342;off
450;450;47.3183;-71.8536;off
450;450;53.4841;-73.1252;off
450;450;95.6831;-56.2131;off
450;450;390.105;235.63;off
450;450;-190.427;-303.796;off
450;450;-249.334;64.7605;off
450;450;-127.317;80.1378;off
450;450;-64.5303;-125.137;off
450;450;-238;-99.0913;off
450;450;-30.0798;-62.5106;off
450;450;-35.6262;-54.4054;off
450;450;31.38;-72.2526;off
450;450;124.311;-64.9971;off
450;450;136.592;-43.7794;off
450;450;133.284;-73.1635;off
450;450;185.989;-20.6385;off
450;450;75.7773;-290.55;off
450;450;-264.363;124.987;off
450;450;-65.7279;-234.639;off
450;450;-47.7434;-99.783;off
450;450;-74.5975;-94.034;off
450;450;13.0139;-83.5308;off
450;450;141.533;-49.609;off
450;450;114.786;-81.9126;off
450;450;164.99;-70.2267;off
450;450;215.998;-44.596;off
450;450;183.409;-67.1657;off
450;450;450;353.63;off
450;450;-15.448;-200.404;off
450;450;17.1064;-126.792;off
450;450;31.5382;58.1918;off
450;450;114.911;-113.224;off
450;450;-47.1673;1.8722;off
450;450;83.3677;82.0972;off
450;450;-42.6038;161.943;off
450;450;-49.4294;187.856;off
450;450;-34.2753;211.111;off
450;450;-26.3628;202.818;off
450;450;-23.66;199.661;off
450;450;354.258;450;off
450;450;-26.1134;-107.089;off
450;450;-156.273;330.324;off
450;450;3.13762;-11.404;off
450;450;11.6068;-83.7264;off
450;450;-93.6029;-63.7515;off
450;450;-26.2513;-167.125;off
450;450;-50.5925;-211.387;off
450;450;-79.7454;-230.571;off
450;450;-91.136;-212.974;off
450;450;-31.2263;-245.687;off
450;450;-25.8609;-228.751;off
450;450;22.5117;-215.677;off
450;450;98.0796;-449.436;off
450;450;-118.359;-37.3891;off
450;450;28.1301;-309.431;off
450;450;41.8821;-208.266;off
450;450;27.8004;-193.698;off
450;450;220.242;-168.406;off
450;450;212.215;-188.012;off
450;450;173.545;-203.996;off
450;450;157.282;-159.997;off
450;450;197.243;-72.8429;off
450;450;164.188;-1.50908;off
450;450;188.735;-4.11476;off
450;450;450;371.059;off
450;450;-92.6246;-134.045;off
450;450;-124.606;109.038;on
450;450;13.0288;-29.0132;on
450;450;-0.0604178;-0.54376;on
450;450;-0.727455;-0.363728;on
450;450;1.64503;3.10728;on
450;450;-0.182682;0.30447;on
450;450;0.0609807;-0.426865;on
450;450;2.50828;0.795308;on
450;450;-0.855497;0.366642;on
450;450;-0.487994;-3.04996;on
450;450;-0.122131;1.5877;on
450;450;1.57668;-6.67059;on
450;450;5.64101;-2.30493;on
450;450;1.03174;2.85247;on
450;450;1.02817;-3.93125;on
450;450;-1.2086;0.24172;on
450;450;1.09001;1.27168;on
450;450;-2.6026;-0.242102;on
450;450;0.545536;-0.242461;on
450;450;0.121714;1.704;on
450;450;-5.68434e-14;-0.790953;on
450;450;-0.121587;-0.729519;on
450;450;0.0608652;2.19115;on
450;450;-0.182091;2.67066;on
450;450;-2.59718;0.362397;on
450;450;6.67959;-1.70026;on
450;450;-0.425855;4.56273;on
450;450;-0.849957;-1.33565;on
450;450;-1.09358;1.4581;on
450;450;2.44096;0.915361;on
450;450;-2.19085;-0.791141;on
450;450;0.610427;-0.305214;on
450;450;2.08025;3.18156;on
450;450;-0.183215;-1.95429;on
450;450;0.0611153;0.611153;on
450;450;1.27877;-1.52235;on
450;450;-1.08928;-0.605153;on
450;450;5.76543;2.91306;on
450;450;-0.851451;4.31807;on
450;450;0.364501;-1.0935;on
450;450;-4.12586;1.27416;on
450;450;2.43304;2.798;on
450;450;-3.15135;-0.909044;on
450;450;2.30501;-0.909871;on
450;450;0.18206;0.606867;on
450;450;-0.060497;-0.483976;on
450;450;0.543669;0.181223;on
450;450;-0.120682;0.0603408;on
450;450;-6.43318;-9.25897;on
450;450;0.72078;0.900975;on
450;450;0.0602802;3.13457;on
450;450;1.14456;-2.28911;on
450;450;-0.903265;3.0711;on
450;450;0.54314;-2.47431;on
450;450;-2.71789;-3.14067;on
450;450;0.302719;0.423807;on
450;450;1.27683;2.49286;on
450;450;0.121468;-2.85449;on
450;450;-0.789432;-0.0607256;on
450;450;0.364821;-0.608035;on
450;450;5.04175;1.33637;on
450;450;3.44844;9.92184;on
450;450;4.80543;-0.851595;on
450;450;0.365414;0.0609023;on
450;450;1.33885;-4.01656;on
450;450;0.366281;0.366281;on
450;450;1.28482;0.489454;on
450;450;-0.611838;-1.28486;on
450;450;1.10623;0.368745;on
450;450;0.0615016;-0.0615016;on
450;450;-2.70422;0.676055;on
450;450;0.67691;0.307686;on
450;450;27.82;5.88264;on
450;450;4.6361;11.7123;on
450;450;1.65935;-7.98947;on
450;450;-4.23536;1.04349;on
450;450;-1.10056;3.48511;on
450;450;1.65174;-1.71291;on
450;450;-0.550898;0.244843;on
450;450;-0.366903;1.83452;on
450;450;-5.68434e-14;1.83845;on
450;450;0.0611713;-1.22343;on
450;450;0.305348;0.244279;on
450;450;0.244171;0.488342;on
450;450;16.928;11.265;on
450;450;4.30237;9.08952;on
450;450;-0.244221;-7.02134;on
450;450;-5.68198;1.89399;on
450;450;0.0609869;-1.52467;on
450;450;-1.16017;0.366368;on
450;450;1.22572;2.39015;on
450;450;-1.40494;-0.794094;on
450;450;0.734755;-0.244918;on
450;450;0.244777;-0.305971;on
450;450;-0.549403;-0.793582;on
450;450;-0.609291;-0.243716;on
450;450;0.243659;1.34012;on
450;450;-6.24778;-16.0137;on
450;450;-2.97555;2.48975;on
450;450;1.59062;-7.52484;on
450;450;-3.42362;1.10045;on
450;450;-2.9914;0.305245;on
450;450;4.77234;-2.56972;on
450;450;-1.16064;0.122172;on
450;450;0.854917;-0.488524;on
450;450;0.122355;1.52944;on
450;450;0.0610386;0.244154;on
450;450;-0.730827;-5.68434e-14;on
450;450;-5.68434e-14;1.21689;on
450;450;-9.85803;-14.9382;on
450;450;-3.99119;1.87465;on
450;450;1.0331;-5.71244;on
450;450;1.63749;-1.03101;on
450;450;-1.09162;2.97164;on
450;450;2.18944;2.18944;on
450;450;-0.668771;0.121595;on
450;450;-0.547232;-0.364821;off
450;450;-0.36576;0.36576;off
450;450;-2.62261;20.8589;off
450;450;91.7625;42.8751;off
450;450;158.463;34.0428;off
450;450;259.569;49.6609;off
450;450;450;327.639;off
450;450;-159.014;-58.5573;off
450;450;4.91658;-119.367;off
450;450;45.1793;209.595;off
450;450;89.1615;-25.3182;off
450;450;-76.1424;-9.55584;off
450;450;48.7628;-8.99862;off
450;450;-70.9577;-130.059;off
450;450;-93.9612;-234.476;off
450;450;-35.9433;-277.616;off
450;450;-31.7469;-339.972;off
450;450;-14.9617;-340.47;off
450;450;-131.855;-392.773;off
450;450;-450;-164.126;off
450;450;-180.071;-340.265;off
450;450;-156.921;-272.941;off
450;450;-178.747;-430.182;off
450;450;-186.59;-400.06;off
450;450;-39.9765;-356.044;off
450;450;-109.822;-396.059;off
450;450;-50.7803;-383.046;off
450;450;111.534;-361.781;off
450;450;159.898;-356.203;off
450;450;236.096;-352.25;off
450;450;430.634;-356.814;off
450;450;-105.533;-205.702;off
450;450;100.008;-450;off
450;450;76.8732;-136.959;off
450;450;98.1866;-254.269;off
450;450;44.6564;-219.399;off
450;450;73.5607;-96.3857;off
450;450;-23.7876;-56.7382;off
450;450;-56.1976;-30.8691;off
450;450;-2.38042;-23.8042;off
450;450;23.0773;-41.9531;off
450;450;165.252;-10.7535;off
450;450;430.405;224.401;off
450;450;-121.691;-312.283;off
450;450;-228.067;166.179;off
450;450;-43.3653;6.47426;off
450;450;-20.6275;-63.7745;off
450;450;-156.287;-42.9879;off
450;450;-3.82159;-99.7252;off
450;450;-139.229;-202.051;off
450;450;-155.148;-328.601;off
450;450;-124.554;-352.249;off
450;450;-109.43;-396.63;off
450;450;-65.7506;-428.701;off
450;450;149.671;-450;off
450;450;-157.352;-260.299;off
450;450;97.6347;-450;off
450;450;208.292;-423.82;off
450;450;210.567;-390.323;off
450;450;221.912;-407.029;off
450;450;169.579;-417.503;off
450;450;138.961;-435.503;off
450;450;129.253;-365.429;off
450;450;126.919;-310.742;off
450;450;141.849;-223.353;off
450;450;248.042;-174.38;off
450;450;57.333;-450;off
450;450;9.68636;-52.8512;off
450;450;238.005;-287.987;off
450;450;213.778;-127.783;off
450;450;196.22;-229.176;off
450;450;238.155;-248.083;off
450;450;428.188;-153.772;off
450;450;338.261;-178.286;off
450;450;251.311;-233.21;off
450;450;274.589;-188.629;off
450;450;297.367;-174.212;off
450;450;237.592;-179.499;off
450;450;266.359;-188.845;off
450;450;450;215.265;off
450;450;-316.828;-439.604;off
450;450;-287.873;-219.161;off
450;450;-137.399;-188.863;off
450;450;-184.991;-218.571;off
450;450;-409.493;-247.132;off
450;450;-432.534;-272.579;off
450;450;-328.631;-207.792;off
450;450;-450;-244.673;off
450;450;-450;-300.489;off
450;450;-413.213;-268.202;off
450;450;-281.818;-237.262;off
450;450;-198.166;-256.808;off
450;450;204.917;259.867;off
450;450;-450;-442.302;off
450;450;-450;-47.0113;off
450;450;-437.175;-248.749;off
450;450;-327.64;-316.414;off
450;450;-385.303;-250.631;off
450;450;-175.477;-207.864;off
450;450;-216.032;-239.369;off
450;450;-180.782;-266.762;off
450;450;-26.4086;-217.205;off
450;450;57.2342;-216.326;off
450;450;174.269;-216.926;off
450;450;450;60.7444;off
450;450;19.5158;-338.454;off
450;450;109.012;-380.333;off
450;450;141.639;-58.5926;off
450;450;162.483;-201.483;off
450;450;32.8678;-224.314;off
450;450;87.0785;-189.499;off
450;450;-9.96336;-201.454;off
450;450;-38.7966;-236.002;off
450;450;-48.7662;-224.471;on
450;450;-1.03502;-9.55875;on
450;450;1.3413;-0.548715;on
450;450;16.0021;3.89406;on
450;450;-2.67129;0.546401;on
450;450;-0.304893;-7.25645;on
450;450;-3.35144;2.31554;on
450;450;-2.55082;0.182201;on
450;450;-0.486461;0.729692;on
450;450;0.731694;1.82923;on
450;450;-1.33971;-5.68434e-14;on
450;450;0.183302;0.305504;on
450;450;3.18665;-5.68434e-14;on
450;450;0.0612463;-0.97994;on
450;450;0.981476;0.736107;on
450;450;-7.75663;-9.03923;on
450;450;5.60036;168.011;on
450;450;-1.69887;147.307;on
450;450;-2.68641;-450;on
450;450;0.503346;-309.18;on
450;450;0.552287;-369.91;on
450;450;-0.18262;-309.846;on
450;450;-0.790927;-303.594;on
450;450;0.668252;-343.056;on
450;450;0.0607625;-279.204;on
450;450;-1.63915;-260.685;on
450;450;1.57791;-256.531;on
450;450;-3.09148;-253.319;on
450;450;7.11998;7.18032;on
450;450;0.849356;-6.18816;on
450;450;-0.303433;5.4618;on
450;450;0.787891;-5.09099;on
450;450;-1.27451;0.728289;on
450;450;1.21693;1.27778;on
450;450;-1.03209;-0.97138;on
450;450;0.730457;0.669585;on
450;450;2.25628;0.243923;on
450;450;-1.15636;-1.46067;on
450;450;1.27886;-1.33976;on
450;450;18.567;5.58223;on
450;450;4.34483;6.51725;on
450;450;-1.69426;1.63375;on
450;450;-4.77092;2.23448;on
450;450;0.241097;0.843838;on
450;450;1.32692;-2.41258;on
450;450;-1.44954;0.422783;on
450;450;0.0604442;0.362665;on
450;450;-1.091;1.87894;on
450;450;0.424435;-1.21267;on
450;450;-0.424692;0.121341;on
450;450;0.789566;0.121472;on
450;450;-0.785616;5.68061;on
450;450;6.01366;-0.60744;on
450;450;-0.304367;6.8787;on
450;450;2.247;-4.494;on
450;450;-0.364501;0.850502;on
450;450;1.46146;3.28828;on
450;450;-3.3308;-1.15064;on
450;450;0.484432;-1.15053;on
450;450;0.363948;0.121316;on
450;450;-0.847043;0.484025;on
450;450;-0.241777;-0.120888;on
450;450;-2.05434;3.74615;on
450;450;-1.74696;-57.3484;on
450;450;4.73452;378.892;on
450;450;1.44138;-78.2934;on
450;450;0.755864;-6.17289;on
450;450;-0.680259;1.91709;on
450;450;1.28915;3.99024;on
450;450;-1.95112;-1.95112;on
450;450;0.244262;-5.68434e-14;on
450;450;1.52892;2.99668;on
450;450;-1.03864;-0.488773;on
450;450;-0.061163;2.20187;on
450;450;-0.0611713;1.46811;on
450;450;-1.89123;-1.83023;on
450;450;6.67981;3.88644;on
450;450;-5.68434e-14;-4.08391;on
450;450;-0.426431;-0.913781;on
450;450;-0.182577;3.28639;on
450;450;2.49657;-2.92281;on
450;450;-1.64358;-0.486987;on
450;450;2.06956;1.88695;on
450;450;0.365179;0.547768;on
450;450;-0.182226;1.33632;on
450;450;-0.121194;-1.69671;on
450;450;0.181864;1.6974;on
450;450;-3.26453;3.80862;on
450;450;3.9753;2.95136;on
450;450;2.97204;-0.788501;on
450;450;-0.60783;7.65866;on
450;450;-1.94335;-3.94743;on
450;450;-0.73016;0.9127;on
450;450;0.122032;1.95251;on
450;450;-0.0609085;-0.669993;on
450;450;0.305473;1.46627;on
450;450;0.305276;-0.305276;on
450;450;-3.22695;0.0608858;on
450;450;-0.121611;-0.304028;on
450;450;-0.060703;0.60703;on
450;450;3.81093;7.25891;on
450;450;0.547047;-1.64114;on
450;450;-5.68434e-14;5.89754;off
450;450;20.5149;-13.3529;off
450;450;77.3644;-274.722;off
450;450;42.6218;-226.789;off
450;450;279.823;-154.729;off
450;450;197.098;-199.591;off
450;450;266.908;-211.832;off
450;450;410.173;-164.83;off
450;450;425.137;-169.575;off
450;450;403.693;-171.659;off
450;450;450;-142.396;off
450;450;450;110.189;off
450;450;27.5925;-372.882;off
450;450;79.1166;-280.256;off
450;450;62.0762;-51.6997;off
450;450;-13.7621;-235.295;off
450;450;-235.334;-248.361;off
450;450;-183.084;-173.417;off
450;450;-394.097;-221.618;off
450;450;-450;-245.318;off
450;450;-450;-227.683;off
450;450;-450;-232.55;off
450;450;-450;-258.442;off
450;450;-165.997;108.968;off
450;450;-450;-399.462;off
450;450;-450;-354.895;off
450;450;-450;-145.624;off
450;450;-407.244;-287.122;off
450;450;-450;-296.22;off
450;450;-289.758;-221.146;off
450;450;-300.74;-232.479;off
450;450;-264.333;-258.411;off
450;450;-184.4;-223.151;off
450;450;-175.03;-217.728;off
450;450;-82.8406;-239.136;off
450;450;346.506;61.0805;off
450;450;-26.3789;-388.637;off
450;450;28.3903;-168.768;off
450;450;204.182;-124.731;off
450;450;336.137;-235.194;off
450;450;265.997;-197.961;off
450;450;360.608;-155.046;off
450;450;153.266;-211.164;off
450;450;100.424;-224.798;off
450;450;252.185;-177.798;off
450;450;216.666;-193.543;off
450;450;345.466;-225.533;off
450;450;450;-127.715;off
450;450;450;-435.666;off
450;450;271.774;-2.71839;off
450;450;450;-318.092;off
450;450;413.308;-39.9249;off
450;450;371.283;-168.134;off
450;450;231.444;-172.704;off
450;450;175.562;-172.594;off
450;450;44.6288;-194.606;off
450;450;38.2298;-197.906;off
450;450;130.545;-190.497;off
450;450;125.535;-192.106;off
450;450;189.068;-205.946;off
450;450;450;121.912;off
450;450;152.244;-284.449;off
450;450;280.9;-297.249;off
450;450;332.688;-143.037;off
450;450;443.773;-192.543;off
450;450;259.612;-146.941;off
450;450;342.446;-46.941;off
450;450;275.499;28.635;off
450;450;258.457;0.784115;off
450;450;276.539;33.3194;on
450;450;16.2339;1.56907;on
450;450;3.1451;-0.907241;on
450;450;-1.0298;0.726917;on
450;450;-4.70785;3.13857;on
450;450;-2.35203;-0.723702;on
450;450;-0.301714;2.29303;on
450;450;0.301452;-2.4719;on
450;450;-2.23231;0.603327;on
450;450;2.29688;3.1431;on
450;450;-1.75123;-0.905811;on
450;450;0.847214;-1.51288;on
450;450;2.06349;0.121382;on
450;450;-0.182011;1.15274;on
450;450;-0.606294;0.242518;on
450;450;5.27192;9.15011;on
450;450;4.34032;1.20564;on
450;450;-0.543943;-6.28556;on
450;450;-3.56286;1.32852;on
450;450;0.422726;0.301947;on
450;450;3.74943;-1.14902;on
450;450;-0.544967;1.02938;on
450;450;-0.0604828;-0.604828;on
450;450;-2.54481;0.848269;on
450;450;1.03157;0.0606805;on
450;450;-2.48572;1.57631;on
450;450;2.00037;0.303086;on
450;450;-7.31768;-7.62006;on
450;450;2.59431;1.14632;on
450;450;0.423052;-2.23613;on
450;450;-0.422939;-0.725038;on
450;450;-0.362361;3.44243;on
450;450;2.47605;-1.57018;on
450;450;-0.301664;-3.25797;on
450;450;-0.060359;1.56934;on
450;450;0.604706;1.20941;on
450;450;-0.120836;0.966685;on
450;450;-0.482921;-1.08657;on
450;450;0.906754;0.906754;on
450;450;-11.638;-6.03004;on
450;450;-2.7689;1.80581;on
450;450;0.242322;4.84644;on
450;450;-0.605744;-0.787467;on
450;450;-2.96545;2.72337;on
450;450;4.37032;-0.60699;on
450;450;-0.303413;-1.0316;on
450;450;1.33403;-2.24359;on
450;450;0.121394;2.91345;on
450;450;0.181845;-0.181845;on
450;450;-1.21222;0.484889;on
450;450;1.08961;-0.0605336;on
450;450;-0.843386;6.86757;on
450;450;5.42613;2.04987;on
450;450;-3.01886;5.85659;on
450;450;2.65731;-3.62361;on
450;450;-1.93382;0.423024;on
450;450;2.96595;-0.786884;on
450;450;-3.93178;-0.241955;on
450;450;8.11178;5.50874;on
450;450;0.723944;6.33451;on
450;450;0.242053;-5.32517;on
450;450;-2.54216;0.181583;on
450;450;0.242248;2.42248;on
450;450;1.27339;-2.84997;on
450;450;-0.121332;1.09199;on
450;450;6.46926;8.46446;on
450;450;5.29615;4.93504;on
450;450;1.5726;-6.41139;on
450;450;0.423735;-1.08961;on
450;450;-1.27099;4.11559;on
450;450;3.99428;-3.08649;on
450;450;0.36286;-0.18143;on
450;450;-4.87225;-6.55649;on
450;450;-0.360318;0.900794;on
450;450;-2.22776;3.67279;on
450;450;2.46868;-2.22783;on
450;450;-4.33451;2.28766;on
450;450;4.1007;-1.44731;on
450;450;-0.964807;-1.26631;on
450;450;-6.91879;-6.97895;on
450;450;2.34136;3.42199;on
450;450;0.723872;-1.74936;on
450;450;0.604198;-0.302099;on
450;450;-1.51344;2.17936;on
450;450;2.49185;0.486215;on
450;450;-3.82159;-0.970561;on
450;450;6.05031;1.51258;on
450;450;0.426865;-2.25628;on
450;450;-1.09944;1.77132;on
450;450;1.22326;1.34559;on
450;450;0.368016;-0.122672;on
450;450;-0.552702;-1.78093;on
450;450;-8.37933;-11.4375;on
450;450;-2.13816;0.977446;on
450;450;-0.245403;2.08592;on
450;450;3.92203;-3.79947;on
450;450;-4.22226;1.22384;on
450;450;0.796174;2.57226;on
450;450;-4.20852;0.914896;on
450;450;-5.33935;-4.91463;on
450;450;2.79422;-3.52315;on
450;450;-1.03356;6.32293;on
450;450;2.79008;-5.33755;on
450;450;-3.57617;0.909197;on
450;450;1.82017;0.849413;on
450;450;-3.50942;-1.39166;off
450;450;-164.755;-173.002;off
450;450;-169.4;-162.613;off
450;450;-450;-450;off
450;450;-450;-450;off
450;450;-450;-450;off
450;450;-432.351;-450;off
450;450;-205.514;-426.79;off
450;450;-267.322;-450;off
450;450;-450;-322.254;off
450;450;-355.886;-450;off
450;450;-424.059;-449.613;off
450;450;-450;-450;off
450;450;-450;-445.549;off
450;450;-245.332;-143.07;off
450;450;-61.7647;-71.0755;off
450;450;-190.196;-125.222;off
450;450;-35.346;-48.4371;off
450;450;-16.0871;-59.1774;off
450;450;-211.235;-237.64;off
450;450;-68.1398;-138.551;off
450;450;-450;-395.341;off
450;450;-71.5842;-60.6134;off
450;450;-10.1666;-52.4384;off
450;450;-42.9042;-102.385;off
450;450;-450;-450;off
450;450;-450;-450;off
450;450;-450;-450;off
450;450;-450;-450;off
450;450;-450;-321.609;off
450;450;-450;-450;off
450;450;-450;-450;off
450;450;-450;-450;off
450;450;-450;-450;off
450;450;-90.9321;-210.364;off
450;450;-450;-450;off
450;450;-450;-351.975;off
450;450;-450;-450;off
450;450;-450;-450;off
450;450;-450;-450;off
450;450;-450;-450;off
450;450;-450;-340.419;off
450;450;-27.9286;-34.4651;off
450;450;-5.8763;-24.6804;off
450;450;-13.3019;-46.0815;off
450;450;-30.0152;-94.4595;off
450;450;-71.5432;-167.411;off
450;450;-450;-450;off
450;450;-139.092;-148.487;off
450;450;-450;-449.445;off
450;450;-450;-450;off
450;450;-450;-450;off
450;450;-450;-450;off
450;450;-450;-450;off
450;450;-34.3489;-263.362;off
450;450;-450;-450;off
450;450;-397.408;-450;off
450;450;-450;-402.001;off
450;450;-416.732;-450;off
450;450;-450;-450;off
450;450;-147.809;-221.261;off
450;450;-363.111;-450;off
450;450;-450;-232.424;off
450;450;-450;-447.942;off
450;450;-450;-205.926;off
450;450;-450;-334.134;off
450;450;-450;-307.423;off
450;450;-450;-316.009;off
450;450;-449.643;-152.612;off
450;450;-450;-266.612;off
450;450;-450;-412.623;off
450;450;-450;-316.067;off
450;450;-450;-450;off
450;450;-450;-302.452;off
450;450;-450;-450;off
450;450;-450;-415.552;off
450;450;-450;-163.244;off
450;450;-279.039;-177.248;off
450;450;-450;-450;off
450;450;-450;-450;off
450;450;-450;-441.759;off
450;450;-450;-432.422;off
450;450;-450;-373.787;off
450;450;-416.288;-327.564;off
450;450;-199.828;-355.465;off
450;450;-450;-371.26;off
450;450;-447.902;-419.435;off
450;450;-450;-273.02;off
450;450;-447.34;-373.086;off
450;450;-450;-329.842;off
450;450;-450;-339.524;off
450;450;-363.976;-199.418;off
450;450;-450;-450;off
450;450;-450;-359.154;off
450;450;-450;-450;off
450;450;-450;-450;off
450;450;-450;-450;off
450;450;-450;-450;off
450;450;-450;-450;off
450;450;-225.252;-450;off
450;450;-450;-450;off
450;450;-450;-450;off
450;450;-450;-450;off
450;450;-450;-450;off
450;450;-450;-450;off
450;450;-450;-450;off
450;450;-425.341;-377.433;off
450;450;-24.5859;-30.8753;off
450;450;-20.8168;-32.6824;off
450;450;-79.2465;-82.7599;off
450;450;-127.729;-149.608;off
450;450;-69.0955;-123.132;off
450;450;-450;-450;off
450;450;-450;-450;off
450;450;-450;-323.994;off
450;450;-22.5169;-37.0867;off
450;450;-110.338;-122.021;off
450;450;-450;-450;off
450;450;-450;-450;off
450;450;-450;-450;off
450;450;-450;-450;off
450;450;-450;-450;off
450;450;-450;-450;off
450;450;-450;-450;off
450;450;-450;-443.309;off
450;450;-396.589;-450;off
450;450;-427.872;-450;off
450;450;-295.786;-450;off
450;450;-36.2216;-175.161;off
450;450;-450;-450;off
450;450;-450;-450;off
450;450;-450;-450;off
450;450;-450;-450;off
450;450;-450;-450;off
450;450;-395.743;-450;off
450;450;-279.714;-346.141;off
450;450;-346.196;-450;off
450;450;-450;-376.931;off
450;450;-450;-450;off
450;450;-450;-450;off
450;450;-450;-450;off
450;450;-450;-450;off
450;450;-429.194;-450;off
450;450;-450;-450;off
450;450;-450;-450;on
450;450;-175.497;-447.161;on
450;450;1.51344;-149.104;on
450;450;-2.89026;-397.049;on
450;450;2.16032;-450;on
450;450;-0.421792;-450;on
450;450;-3.73212;-450;on
450;450;7.39852;-450;on
450;450;1.63703;-105.12;on
450;450;4.67655;-29.1728;on
450;450;7.24539;-33.0571;on
450;450;13.9769;-67.8879;on
450;450;29.5432;-143.496;on
450;450;51.6564;-270.203;on
450;450;102.859;-450;on
450;450;170.273;-450;on
450;450;244.664;-450;on
450;450;303.619;-450;on
450;450;345.211;-450;on
450;450;329.582;-450;on
450;450;350.005;-450;on
450;450;360.005;-450;on
450;450;329.582;-450;on
450;450;325.005;-450;on
450;450;329.582;-450;on
450;450;325.005;-450;off
450;450;316.221;-450;off
450;450;260.53;-450;off
450;450;276.927;-450;off
450;450;307.899;-450;off
450;450;312.005;-450;off
450;450;307.899;-450;off
450;450;307.899;-450;off
450;450;284.215;-450;off
450;450;280.524;-450;off
450;450;303.901;-450;off
450;450;340.546;-450;off
450;450;316.221;-450;off
450;450;316.221;-450;off
450;450;316.221;-450;off
