target.x;target.y;delta.x;delta.y
450;450;0.540838;-1.44223;off
450;450;0.300375;-1.4418;off
450;450;0.360522;-1.50218;off
450;450;0.540964;-1.38246;off
450;450;0.120182;-1.56237;off
450;450;0.480696;-1.56226;off
450;450;0.600991;-1.68277;off
450;450;0.721117;-1.7427;off
450;450;0.480504;-1.80189;off
450;450;0.961521;-1.50238;off
450;450;0.600971;-1.68272;off
450;450;0.12017;-1.80255;off
450;450;0.901938;-1.38297;off
450;450;0.120307;-1.44368;off
450;450;0.481066;-1.56346;off
450;450;1.02257;-1.38348;off
450;450;0.721767;-1.62398;off
450;450;0.480905;-1.74328;off
450;450;0.781236;-1.68266;off
450;450;1.14226;-1.62322;off
450;450;0.661289;-1.92375;off
450;450;0.961939;-1.80363;off
450;450;1.50313;-1.80376;off
450;450;1.32289;-1.9242;off
450;450;1.082;-1.92356;off
450;450;1.26204;-2.16349;off
450;450;1.38209;-2.10319;off
450;450;1.50233;-2.28354;off
450;450;1.44209;-2.34339;off
450;450;1.86239;-2.343;off
450;450;1.56258;-2.46406;off
450;450;1.68277;-2.52416;off
450;450;1.68311;-2.52467;off
450;450;1.38293;-2.40509;off
450;450;1.68412;-2.22545;off
450;450;1.50423;-1.98559;off
450;450;1.08276;-2.22567;off
450;450;1.0223;-1.98446;off
450;450;1.38288;-2.04426;off
450;450;0.901757;-1.98387;off
450;450;1.86382;-1.80369;off
450;450;1.38325;-1.7441;off
450;450;1.74462;-1.86494;off
450;450;1.14276;-1.98479;off
450;450;1.20282;-1.98466;off
450;450;0.841528;-2.04371;off
450;450;1.02213;-2.04426;off
450;450;0.601312;-1.86407;off
450;450;1.14257;-1.80406;off
450;450;1.2625;-1.74346;off
450;450;1.08196;-2.04371;off
450;450;1.08182;-1.86313;off
450;450;1.38232;-1.68283;off
450;450;0.961489;-1.7427;off
450;450;0.901276;-1.68238;off
450;450;0.72102;-1.56221;off
450;450;1.44194;-1.32178;off
450;450;1.262;-1.44228;off
450;450;1.62349;-1.08233;off
450;450;2.40613;-0.962453;off
450;450;2.34794;-0.602036;off
450;450;2.16893;-0.662727;off
450;450;1.86831;-0.723217;off
450;450;1.86762;-1.02418;off
450;450;1.74725;-1.26525;off
450;450;1.74678;-1.44561;off
450;450;1.20383;-1.80575;off
450;450;1.14295;-1.86481;off
450;450;0.541036;-1.92368;off
450;450;0.240372;-1.92298;off
450;450;0.240204;-1.92163;off
450;450;0.480344;-1.62116;off
450;450;0.720732;-1.68171;off
450;450;0.780741;-1.44137;off
450;450;1.14169;-1.44214;off
450;450;1.38251;-1.56284;off
450;450;1.62343;-1.74369;off
450;450;1.50288;-1.86357;off
450;450;1.20226;-1.92362;off
450;450;0.841696;-1.80363;off
450;450;0.661443;-1.56341;off
450;450;0.661554;-1.26297;off
450;450;0.481178;-1.26309;off
450;450;0.902511;-1.20335;off
450;450;1.26381;-1.26381;off
450;450;1.14322;-1.3839;off
450;450;1.02278;-1.62441;off
450;450;1.32386;-1.74509;off
450;450;1.26356;-1.92542;off
450;450;0.781418;-2.22404;off
450;450;1.20198;-2.10347;off
450;450;1.08178;-2.10347;off
450;450;0.661024;-2.10326;off
450;450;0.661134;-2.04351;off
450;450;0.901727;-1.80345;off
450;450;0.66109;-1.80297;off
450;450;0.180213;-1.8622;off
450;450;0.480696;-1.50218;off
450;450;0.601011;-1.38232;off
450;450;0.300536;-1.44257;off
450;450;0.901787;-1.20238;off
450;450;1.62474;-0.842456;off
450;450;1.80738;-0.783197;off
450;450;1.32581;-0.783433;off
450;450;1.44673;-0.663082;off
450;450;1.44663;-0.78359;off
450;450;1.1446;-0.783144;off
450;450;0.962903;-1.02308;off
450;450;1.14303;-0.962549;off
450;450;1.08254;-1.20282;off
450;450;0.962131;-1.20266;off
450;450;1.08157;-1.20174;off
450;450;1.26225;-1.20214;off
450;450;1.14245;-1.32284;off
450;450;0.661377;-1.14238;off
450;450;1.14261;-1.08247;off
450;450;0.962131;-1.14253;off
450;450;0.901456;-1.20194;off
450;450;0.661068;-1.14184;off
450;450;1.02158;-1.14177;off
450;450;0.901005;-1.38154;off
450;450;1.14177;-1.26195;off
450;450;0.961874;-1.20234;off
450;450;0.901727;-1.14219;off
450;450;1.62376;-1.08251;off
450;450;1.20331;-1.02281;off
450;450;1.3839;-1.08305;off
450;450;1.56477;-0.962936;off
450;450;1.74614;-0.842963;off
450;450;1.02339;-1.02339;off
450;450;1.44445;-0.902782;off
450;450;1.98532;-1.02274;off
450;450;1.14257;-1.0223;off
450;450;1.6236;-1.2628;off
450;450;1.3232;-1.08261;off
450;450;1.62349;-1.26271;off
450;450;0.961778;-1.56289;off
450;450;1.50238;-1.56247;off
450;450;1.14127;-1.56174;off
450;450;1.14127;-1.62181;off
450;450;1.02138;-1.68227;off
450;450;1.08168;-1.56242;off
450;450;1.02145;-1.86264;off
450;450;1.20194;-1.86301;off
450;450;1.20122;-2.04207;off
450;450;1.20122;-1.98201;off
450;450;1.3213;-2.16212;off
450;450;1.08103;-2.10199;off
450;450;0.960399;-2.1609;off
450;450;1.02029;-2.10059;off
450;450;1.20086;-2.22159;off
450;450;0.540278;-2.16111;off
450;450;0.840573;-2.22151;off
450;450;1.02073;-2.16155;off
450;450;0.660186;-2.40068;off
450;450;0.600029;-2.1601;off
450;450;0.839985;-2.21996;off
450;450;0.660032;-2.0401;off
450;450;0.719963;-2.09989;off
450;450;0.720131;-1.98036;off
450;450;0.720035;-1.9801;off
450;450;1.0803;-1.74049;off
450;450;1.02039;-1.68064;off
450;450;0.78035;-1.68075;off
450;450;1.26073;-1.50087;off
450;450;1.20066;-1.80099;off
450;450;1.20066;-1.56086;off
450;450;1.44079;-1.56086;off
450;450;1.2609;-1.44103;off
450;450;1.38085;-1.50092;off
450;450;1.14108;-1.44137;off
450;450;1.14097;-1.56132;off
450;450;1.56138;-1.56138;off
450;450;0.901155;-1.62208;off
450;450;1.2013;-1.68182;off
450;450;1.26141;-1.62181;off
450;450;1.02124;-1.80219;off
450;450;0.660671;-1.62165;off
450;450;1.26179;-1.6223;off
450;450;1.20234;-1.62316;off
450;450;0.721285;-1.80321;off
450;450;1.02131;-1.86239;off
450;450;1.38168;-1.86226;off
450;450;1.20154;-1.92246;off
450;450;0.900704;-2.10164;off
450;450;1.6821;-1.86233;off
450;450;1.50238;-1.98314;off
450;450;0.720756;-2.16227;off
450;450;1.56169;-1.92208;off
450;450;1.44161;-1.98221;off
450;450;1.20194;-1.62262;off
450;450;0.901366;-1.68255;off
450;450;1.44185;-2.16277;off
450;450;1.80333;-0.841556;off
450;450;1.02196;-1.02196;off
450;450;1.9844;-1.0824;off
450;450;2.04528;-1.20311;off
450;450;1.44407;-0.842371;off
450;450;2.1053;-1.38348;off
450;450;2.10537;-1.32337;off
450;450;1.9251;-1.02271;off
450;450;1.56399;-1.26322;off
450;450;2.10579;-1.26347;off
450;450;1.80599;-0.722395;off
450;450;1.68559;-0.601996;off
450;450;1.80629;-0.903145;off
450;450;1.80683;0.782961;off
450;450;4.34047;-0.301421;off
450;450;-1.0238;-0.662461;off
450;450;4.21327;-0.300948;off
450;450;2.59248;1.44697;off
450;450;1.56608;-1.26491;off
450;450;0.902601;-0.120347;off
450;450;4.27589;0.96358;off
450;450;0.060252;0.542268;off
450;450;1.50529;-0.842963;off
450;450;1.98865;0.964193;off
450;450;1.80792;0.241056;off
450;450;-0.180556;-0.902782;off
450;450;1.32377;-0.601714;off
450;450;3.07182;3.07182;off
450;450;0.300706;-1.86438;off
450;450;-1.08095;-2.10185;off
450;450;4.09248;2.28697;off
450;450;1.62713;0.482113;off
450;450;-1.14287;-1.80454;off
450;450;2.16646;0.0601794;off
450;450;1.50625;1.3255;off
450;450;0.18043;-1.62387;off
450;450;-5.68434e-14;-1.32183;off
450;450;2.9486;1.98579;off
450;450;2.28904;0.240951;off
450;450;-1.44378;-1.02267;off
450;450;2.89055;1.68615;off
450;450;2.29149;2.4724;off
450;450;0.301452;0.120581;off
450;450;0.542377;0.361584;off
450;450;2.17089;2.05028;off
450;450;0.723556;1.08533;off
450;450;0.120456;0.782961;off
450;450;1.92774;1.32532;off
450;450;0.963709;1.62626;off
450;450;1.08352;0.180587;off
450;450;1.32466;1.0236;off
450;450;2.28965;1.26533;off
450;450;0.30123;0.662705;off
450;450;3.91861;0.241145;off
450;450;-0.120488;0.421707;off
450;450;2.7652;-1.62305;off
450;450;1.98526;0.120319;off
450;450;2.34512;-1.14249;off
450;450;-0.179949;-2.39932;off
450;450;3.00085;-2.04058;off
450;450;1.44098;-0.780532;on
450;450;-0.48068;0.84119;on
450;450;-5.68434e-14;-0.540982;on
450;450;0.360727;0.0601212;on
450;450;-1.20335;0.0601674;on
450;450;0.48158;0.722371;on
450;450;-0.782228;-0.300857;on
450;450;0.300807;-0.661775;on
450;450;0.541615;0.0601794;on
450;450;-0.240678;0.0601694;on
450;450;-0.300877;-0.0601754;on
450;450;0.120395;0.48158;on
450;450;-0.180532;0.421242;on
450;450;0.782045;-0.661731;on
450;450;0.0601232;-0.601232;on
450;450;-0.361089;0.722178;on
450;450;0.0601955;-0.0601955;on
450;450;-0.541506;-0.601674;on
450;450;0.120303;-0.180454;on
450;450;0.541869;0.842907;on
450;450;0.361125;-0.421312;on
450;450;-0.240453;-0.901697;on
450;450;-0.300767;0.842146;on
450;450;-0.901757;-0.0601171;on
450;450;1.02209;-0.480985;on
450;450;-0.300586;-0.180351;on
450;450;-0.120291;-5.68434e-14;on
450;450;-0.481194;-0.0601493;on
450;450;0.240517;-0.120258;on
450;450;0.48105;0.120262;on
450;450;0.120222;-0.360667;on
450;450;-0.300626;0.481001;on
450;450;0.120327;0.661797;on
450;450;-1.08186;-0.721237;on
450;450;0.901366;-5.68434e-14;on
450;450;-0.420989;1.14268;on
450;450;-0.0601252;-0.661377;on
450;450;-0.54109;0.420848;on
450;450;0.300948;-5.68434e-14;on
450;450;-0.54138;-0.36092;on
450;450;-0.0601171;0.0601171;on
450;450;0.782097;0.661775;on
450;450;-0.360847;-0.300706;on
450;450;-0.300435;-0.781132;on
450;450;0.961521;0.12019;on
450;450;-0.66098;0.120178;on
450;450;-0.480873;0.300546;on
450;450;0.240621;0.661708;on
450;450;0.722105;-0.300877;on
450;450;0.0601412;-0.781836;on
450;450;-0.240726;0.42127;on
450;450;-0.662085;0.902843;on
450;450;-0.120335;-0.0601674;on
450;450;0.361197;0.0601996;on
450;450;0.421383;-0.180593;on
450;450;-0.0601573;-0.601573;on
450;450;-1.08225;-0.12025;on
450;450;1.32342;0.721864;on
450;450;-0.661465;0.0601332;on
450;450;1.62154;-2.52239;on
450;450;-0.720155;-2.04044;on
450;450;0.0600369;-1.74107;on
450;450;-0.601051;1.86326;on
450;450;0.300295;-0.300295;on
450;450;1.62268;-0.360594;on
450;450;-1.02209;1.68345;on
450;450;0.240156;-1.92125;on
450;450;0.781158;-0.240356;on
450;450;-0.720515;0.120086;on
450;450;0.540585;-0.84091;on
450;450;-1.44252;0.180315;on
450;450;0.601513;1.80454;on
450;450;-0.180273;-1.322;on
450;450;0.781732;0.1804;on
450;450;-0.541253;1.62376;on
450;450;-0.0601493;-0.421045;on
450;450;1.08258;-0.300716;on
450;450;-0.962742;1.32377;on
450;450;0.541307;-0.601453;on
450;450;-5.68434e-14;0.180562;on
450;450;-0.120242;0.601212;on
450;450;1.38251;-1.3224;on
450;450;1.08218;0.180363;on
450;450;0.0601111;-0.120222;on
450;450;-0.240396;-1.56258;on
450;450;0.721936;1.0829;on
450;450;-0.901396;-0.661024;on
450;450;-1.62436;0.721936;on
450;450;0.90242;0.421129;on
450;450;0.782124;0.120327;on
450;450;0.421482;0.180635;on
450;450;0.120435;2.22805;on
450;450;-0.361065;0.120355;on
450;450;-0.421059;-1.68424;on
450;450;-1.92587;-0.300917;on
450;450;1.08363;1.86625;on
450;450;-1.62495;1.32404;on
450;450;0.120303;-0.842118;on
450;450;-0.421228;0.722105;on
450;450;0.360823;1.20274;on
450;450;-5.68434e-14;0.420961;on
450;450;-0.360715;-0.541072;on
450;450;0.0601412;1.0224;on
450;450;0.180454;-0.0601513;on
450;450;0.180484;0.421129;on
450;450;-1.56393;0.180454;on
450;450;-0.480953;-0.661311;on
450;450;-0.180556;1.38427;on
450;450;-5.68434e-14;0.842287;on
450;450;-0.120246;-2.5853;on
450;450;-0.361113;-5.68434e-14;on
450;450;0.301018;-0.602036;on
450;450;0.120351;0.722105;on
450;450;-1.31734;7.84417;on
450;450;4.67042;1.91607;on
450;450;-0.897531;5.26551;on
450;450;1.738;-4.2551;on
450;450;-1.13778;-2.09591;on
450;450;0.540387;2.34167;on
450;450;-0.179973;-1.13983;on
450;450;-3.30379;-2.40276;on
450;450;0.903749;2.95225;on
450;450;-0.721671;-2.64613;on
450;450;0.602379;0.120476;on
450;450;-3.89746;-1.01934;on
450;450;3.8893;-1.25654;on
450;450;0.538751;6.6446;on
450;450;1.3176;-2.6951;on
450;450;-3.35045;0.95727;on
450;450;0.419824;3.05872;on
450;450;-0.299346;-1.13751;on
450;450;0.299945;0.119978;on
450;450;3.00215;-0.420301;on
450;450;-2.40108;-1.74078;on
450;450;2.22671;-0.300907;on
450;450;2.40726;6.86069;on
450;450;2.6367;1.55805;on
450;450;0.419489;-3.17613;on
450;450;1.91639;4.49153;on
450;450;0.299406;-3.11382;on
450;450;-1.1977;-1.07793;on
450;450;1.86313;1.86313;on
450;450;0.422329;3.19764;on
450;450;-0.483148;-1.63062;on
450;450;-0.0605947;0.545353;on
450;450;-0.78744;2.12003;on
450;450;10.5226;1.20949;on
450;450;4.81822;2.58979;on
450;450;-0.903568;-7.89116;on
450;450;-1.62403;0.120299;on
450;450;0.781575;5.1103;on
450;450;1.50323;-2.82607;on
450;450;-3.90396;-1.44146;on
450;450;2.16256;3.06362;on
450;450;0.120058;1.92093;on
450;450;-2.3962;-0.838671;on
450;450;0.179865;1.55883;on
450;450;0.419671;0.959247;on
450;450;-9.14326;-20.1988;on
450;450;-3.10422;4.65632;on
450;450;-1.79244;-22.3457;on
450;450;-0.358488;-2.9874;on
450;450;0.299256;2.63346;on
450;450;0.539918;0.0599909;on
450;450;-0.719388;-1.61862;on
450;450;-0.661112;1.08182;on
450;450;2.46596;2.58625;on
450;450;-2.82268;-2.58245;on
450;450;1.6839;-3.24752;on
450;450;4.13166;9.04175;on
450;450;0.838978;-0.419489;on
450;450;1.49668;5.86699;on
450;450;0.179655;-4.19196;on
450;450;-0.839677;-0.0599769;on
450;450;0.420778;2.28422;on
450;450;-1.80075;-0.420174;on
450;450;1.68171;-1.20122;on
450;450;1.80394;1.50328;on
450;450;-0.841106;-0.420553;on
450;450;-0.0601352;0.360811;on
450;450;-8.75371;-11.092;on
450;450;-0.598056;1.91378;on
450;450;2.7516;5.02467;on
450;450;0.0598473;-1.0174;on
450;450;0.179518;2.39357;on
450;450;2.8161;-0.059917;on
450;450;-2.45594;-2.15644;on
450;450;1.25981;1.13983;on
450;450;-0.240148;1.26078;on
450;450;-0.780324;-0.900374;on
450;450;1.0816;-0.60089;on
450;450;-5.69269;-19.2952;on
450;450;-4.24648;-3.64838;on
450;450;-4.01324;-5.57062;on
450;450;-1.01869;0.059923;on
450;450;0.65843;2.095;on
450;450;2.57318;-2.7527;on
450;450;-1.91632;0.419196;on
450;450;0.119715;0.538715;on
450;450;-1.97733;-0.359514;on
450;450;1.02039;0.600229;on
450;450;-1.01954;-0.239892;on
450;450;0.4806;4.86608;on
450;450;1.97654;-2.09633;on
450;450;3.95769;1.61905;on
450;450;-1.38256;-0.180333;on
450;450;-0.240412;0.360619;on
450;450;0.903084;2.1674;on
450;450;0.181114;-0.965939;on
450;450;0.302648;1.33165;on
450;450;-0.665601;-0.544583;on
450;450;0.909503;-0.242534;on
450;450;0.121386;3.15603;on
450;450;-0.424678;-1.63804;on
450;450;-0.607399;1.03258;on
450;450;-9.49962;-16.0949;on
450;450;0.662306;1.62566;on
450;450;-3.43218;-7.64714;on
450;450;-3.06813;-0.481275;on
450;450;-0.601553;-0.120311;on
450;450;1.14387;-2.52855;on
450;450;-3.25415;-0.30131;on
450;450;1.99365;0.724965;on
450;450;0.604665;0.241866;on
450;450;-2.90288;-1.0281;on
450;450;16.9517;7.02284;on
450;450;7.42018;8.8077;on
450;450;0.181235;-9.18258;on
450;450;-1.74842;0.542613;on
450;450;-0.662705;-0.602459;on
450;450;-2.04816;-0.0602399;on
450;450;0.724916;3.50376;on
450;450;-0.120686;-0.603429;on
450;450;-0.422811;-0.0604016;on
450;450;-5.68434e-14;0.785089;on
450;450;-0.602701;-0.662971;on
450;450;-1.44721;2.17081;on
450;450;1.21445;-228.745;on
450;450;0.912066;-27.8832;on
450;450;1.37555;6.31501;on
450;450;2.0112;-1.95026;on
450;450;-1.8112;0.301866;on
450;450;0.301119;0.120447;on
450;450;-0.540603;-0.360402;on
450;450;1.14192;0.360607;on
450;450;0.721189;-1.02168;on
450;450;-3.00375;1.62203;on
450;450;-11.0214;-14.0763;on
450;450;-3.04715;-1.31446;on
450;450;-3.52818;-1.25579;on
450;450;-0.896249;0.05975;on
450;450;0.418722;2.27306;on
450;450;0.778222;-3.11289;on
450;450;-4.07707;-0.179871;on
450;450;2.94544;0.661222;on
450;450;-0.722129;0.120355;on
450;450;-1.32506;0.903447;on
450;450;0.602883;0.120577;on
450;450;-6.26599;1.0845;on
450;450;-1.7395;1.19966;on
450;450;-4.62732;-4.98789;on
450;450;-2.04262;-0.961232;on
450;450;1.98241;3.72453;on
450;450;-0.12013;-2.10227;on
450;450;-0.481468;0.300917;on
450;450;0.662195;-0.180599;on
450;450;-2.40976;0.0602439;on
450;450;1.02473;-0.301391;on
450;450;-0.361669;1.98918;on
450;450;-3.84236;-10.3264;on
450;450;2.3978;3.17708;on
450;450;1.91741;1.73765;on
450;450;-0.478444;-4.24619;on
450;450;-0.179548;1.25684;on
450;450;0.119675;-1.37626;on
450;450;-0.896636;-0.239103;on
450;450;2.09633;0.179685;on
450;450;0.119922;-0.359766;on
450;450;-0.479097;-0.598871;on
450;450;0.420132;0.120038;on
450;450;4.60503;8.91103;on
450;450;2.21479;3.5317;on
450;450;3.83699;6.89459;on
450;450;0.419545;-2.27753;on
450;450;-1.01893;-0.239748;on
450;450;2.9421;-0.300215;on
450;450;-1.98175;-1.62143;on
450;450;1.98413;0.962003;on
450;450;0.240839;3.01048;on
450;450;-0.0601232;-3.18653;on
450;450;-1.984;0.54109;on
450;450;-7.66938;-13.721;on
450;450;9.63189;1.97424;on
450;450;0.719292;-5.21486;on
450;450;-2.39453;2.21494;on
450;450;-0.179512;0.658211;on
450;450;-0.779492;-0.419727;on
450;450;-0.720876;0.720876;on
450;450;0.480953;-0.661311;on
450;450;-0.180804;0.120536;on
450;450;-0.542867;-0.42223;on
450;450;0.422868;0.181229;on
450;450;1.63062;-7.73036;on
450;450;8.72865;6.32074;on
450;450;-2.77456;-8.80622;on
450;450;-1.74748;-0.180774;on
450;450;1.928;2.10875;on
450;450;3.61984;-1.32728;on
450;450;-0.30214;1.14813;on
450;450;-5.68434e-14;-1.38924;on
450;450;-2.05752;-0.423607;on
450;450;2.36407;-0.363703;on
450;450;0.181931;0.363862;on
450;450;2.48013;4.11338;on
450;450;6.97149;8.47397;on
450;450;-2.04241;-1.4417;on
450;450;-2.69878;0.239892;on
450;450;1.73667;1.43724;on
450;450;-1.61868;-0.239804;on
450;450;0.120146;1.08131;on
450;450;-0.240212;-5.68434e-14;on
450;450;-1.02093;-1.80165;on
450;450;0.300897;0.481436;on
450;450;-0.301553;-0.120621;on
450;450;1.93155;0.181083;on
450;450;-6.55386;-13.3482;on
450;450;1.32218;3.84634;on
450;450;2.34582;5.29314;on
450;450;3.2447;-3.06444;on
450;450;-1.74421;-1.20291;on
450;450;0.723556;1.14563;on
450;450;0.30127;-0.241016;on
450;450;1.08606;0.663705;on
450;450;1.44871;1.02617;on
450;450;-0.482226;2.23029;on
450;450;-0.842456;-1.32386;on
450;450;-7.49737;-10.6163;on
450;450;-0.717738;1.0168;on
450;450;-4.12988;-2.03501;on
450;450;-1.73563;0.179548;on
450;450;0.599091;4.01391;on
450;450;3.23681;-1.79823;on
450;450;-2.93955;0.119982;on
450;450;3.36937;-0.24067;on
450;450;-0.542231;0.180744;on
450;450;0.361633;-0.723266;on
450;450;-6.73447;-6.61421;on
450;450;2.57875;3.2984;on
450;450;-3.89928;-5.68434e-14;on
450;450;-1.01947;-0.659658;on
450;450;0.41988;-1.43959;on
450;450;1.68143;-2.52214;on
450;450;-3.96548;-0.660913;on
450;450;0.781418;-0.240436;on
450;450;-2.89248;1.14494;on
450;450;-0.301462;-3.19549;on
450;450;-0.0603408;-0.301704;on
450;450;-3.25437;-10.0042;on
450;450;-3.83891;2.8192;on
450;450;-1.80117;-7.26471;on
450;450;-2.81779;-1.07915;on
450;450;1.43906;4.67695;on
450;450;-0.420118;-0.78022;on
450;450;1.14326;1.50429;on
450;450;0.0601674;-0.120335;on
450;450;-3.25197;-0.301109;on
450;450;2.47364;-0.784326;on
450;450;-1.80889;-5.68434e-14;on
450;450;29.6589;7.65584;on
450;450;7.02034;3.66018;on
450;450;-1.02104;-5.40549;on
450;450;-3.96125;2.2207;on
450;450;1.13846;3.59514;on
450;450;0.779934;-1.37988;on
450;450;-1.79637;-2.69456;on
450;450;-0.479049;-0.239525;on
450;450;0.359658;-1.73835;on
450;450;0.660274;-0.780324;on
450;450;-2.15802;0.059945;on
450;450;0.659724;4.31819;on
450;450;-3.40665;-22.4122;on
450;450;2.09014;2.38873;on
450;450;3.46573;4.60105;on
450;450;0.179303;-5.43887;on
450;450;-0.838029;1.13733;on
450;450;1.31954;0.719747;on
450;450;-1.25876;-0.899115;on
450;450;1.20186;0.661024;on
450;450;2.10635;-0.120363;on
450;450;-1.32342;-0.240621;on
450;450;-0.120351;-2.10614;on
450;450;-0.119894;5.81486;on
450;450;2.21826;2.57798;on
450;450;0.959088;2.33778;on
450;450;1.67796;-3.7754;on
450;450;-0.900464;-0.120062;on
450;450;0.541887;1.74608;on
450;450;-1.32412;-1.74544;on
450;450;0.181071;1.62964;on
450;450;3.20118;-0.241598;on
450;450;-2.59448;-0.0603368;on
450;450;1.02652;-0.54345;on
450;450;-0.120274;9.56182;on
450;450;1.02182;-4.74846;on
450;450;-3.29763;1.2591;on
450;450;-5.68434e-14;-2.69716;on
450;450;-0.360102;-0.0600169;on
450;450;0.360727;1.74351;on
450;450;0.180376;0.12025;on
450;450;-1.56708;2.83279;on
450;450;1.56834;0.0603206;on
450;450;-1.38575;0.241;on
450;450;2.41436;-5.68434e-14;on
450;450;-6.49439;-10.9442;on
450;450;-0.359036;-2.87229;on
450;450;-1.85225;-4.24225;on
450;450;-1.91086;0.955429;on
450;450;-2.92493;1.07447;on
450;450;3.64402;-1.07529;on
450;450;-2.69107;-0.0598016;on
450;450;1.49638;0.299276;on
450;450;-0.479368;-0.838894;on
450;450;0.300275;0.60055;on
450;450;2.22248;-1.44161;on
450;450;-3.17613;-5.3335;on
450;450;4.01311;3.35424;on
450;450;3.59239;5.32871;on
450;450;-0.419126;-3.89189;on
450;450;-2.1573;-0.179775;on
450;450;1.61992;2.45987;on
450;450;-0.239916;-1.79937;on
450;450;0.361185;1.20395;on
450;450;0.844998;0.784641;on
450;450;-2.41339;-1.14636;on
450;450;-2.59135;-4.21848;on
450;450;0.166231;-93.754;on
450;450;0.0714637;-450;on
450;450;-2.99612;-450;on
450;450;1.30185;-171.989;on
450;450;4.78549;-30.422;on
450;450;7.73255;-39.7674;on
450;450;15.8919;-91.1138;on
450;450;25.9619;-151.445;on
450;450;49.0917;-282.277;on
450;450;91.1406;-450;on
450;450;151.051;-450;on
450;450;218.922;-450;on
450;450;190.388;-450;on
450;450;210.642;-450;on
450;450;232.945;-450;on
450;450;250.637;-450;on
450;450;250.637;-450;on
450;450;257.147;-450;on
450;450;291.896;-450;on
450;450;295.895;-450;on
450;450;304.23;-450;on
450;450;300.005;-450;on
450;450;253.85;-450;on
450;450;291.896;-450;on
450;450;264.004;-450;on
450;450;264.004;-450;on
450;450;267.572;-450;on
450;450;240.004;-450;on
450;450;233.77;-450;on
450;450;227.852;-450;on
450;450;225.003;-450;on
450;450;225.003;-450;on
450;450;222.226;-450;on
450;450;180.003;-450;on
450;450;139.808;-450;on
450;450;126.925;-450;on
450;450;118.035;-450;on
450;450;135.851;-450;on
450;450;148.456;-450;on
450;450;132.634;-450;on
450;450;173.687;-450;on
450;450;262.637;-435.594;on
450;450;57.4477;-450;on
450;450;87.38;-450;on
450;450;116.668;-450;on
450;450;310.568;-418.316;on
450;450;81.8194;-403.253;on
450;450;87.0981;-450;on
450;450;117.393;-450;on
450;450;152.833;-450;on
450;450;167.013;-450;on
450;450;176.09;-450;on
450;450;186.21;-450;on
450;450;186.21;-450;on
450;450;186.21;-450;on
450;450;190.591;-450;on
450;450;188.375;-450;on
450;450;188.375;-450;on
450;450;186.21;-450;on
450;450;186.21;-450;on
450;450;188.375;-450;on
450;450;186.21;-450;on
450;450;186.21;-450;on
450;450;188.375;-450;on
450;450;186.21;-450;on
450;450;186.21;-450;on
450;450;186.21;-450;on
450;450;188.375;-450;on
450;450;190.591;-450;on
450;450;190.591;-450;on
450;450;188.375;-450;on
450;450;188.375;-450;on
450;450;186.21;-450;on
450;450;188.375;-450;on
450;450;188.375;-450;on
450;450;188.375;-450;on
450;450;186.21;-450;off
450;450;184.094;-450;off
450;450;186.21;-450;off
450;450;184.094;-450;off
450;450;184.094;-450;off
450;450;182.025;-450;off
450;450;184.094;-450;off
450;450;184.094;-450;off
450;450;184.094;-450;off
450;450;184.094;-450;off
450;450;184.094;-450;off
450;450;186.21;-450;off
450;450;184.094;-450;off
450;450;186.21;-450;off
450;450;186.21;-450;off
450;450;186.21;-450;off
450;450;165.52;-450;off
450;450;165.52;-450;off
450;450;184.094;-450;off
450;450;184.094;-450;off
450;450;182.025;-450;off
450;450;184.094;-450;off
450;450;182.025;-450;off
450;450;184.094;-450;off
450;450;184.094;-450;off
450;450;184.094;-450;off
450;450;186.21;-450;off
450;450;184.094;-450;off
450;450;184.094;-450;off
450;450;184.094;-450;off
450;450;184.094;-450;off
450;450;184.094;-450;off
450;450;186.21;-450;off
450;450;186.21;-450;off
450;450;184.094;-450;off
450;450;184.094;-450;off
450;450;182.025;-450;off
450;450;182.025;-450;off
450;450;182.025;-450;off
450;450;184.094;-450;off
450;450;184.094;-450;off
450;450;184.094;-450;off
450;450;184.094;-450;off
450;450;184.094;-450;off
450;450;184.094;-450;off
450;450;184.094;-450;off
450;450;184.094;-450;off
450;450;186.21;-450;off
450;450;184.094;-450;off
450;450;184.094;-450;off
450;450;184.094;-450;off
450;450;184.094;-450;off
450;450;186.21;-450;off
450;450;184.094;-450;off
450;450;184.094;-450;off
450;450;184.094;-450;off
450;450;184.094;-450;off
450;450;184.094;-450;off
450;450;184.094;-450;off
450;450;184.094;-450;off
450;450;186.21;-450;off
450;450;186.21;-450;off
450;450;184.094;-450;off
450;450;184.094;-450;off
450;450;184.094;-450;off
450;450;163.639;-450;off
450;450;184.094;-450;off
450;450;184.094;-450;off
450;450;186.21;-450;off
450;450;184.094;-450;off
450;450;184.094;-450;off
450;450;186.21;-450;off
450;450;188.375;-450;off
450;450;186.21;-450;off
450;450;186.21;-450;off
450;450;186.21;-450;off
450;450;184.094;-450;off
450;450;184.094;-450;off
450;450;182.025;-450;off
450;450;182.025;-450;off
450;450;182.025;-450;off
450;450;184.094;-450;off
450;450;184.094;-450;off
450;450;184.094;-450;off
450;450;184.094;-450;off
450;450;182.025;-450;off
450;450;182.025;-450;off
450;450;182.025;-450;off
450;450;182.025;-450;off
450;450;184.094;-450;off
450;450;184.094;-450;off
450;450;184.094;-450;off
450;450;184.094;-450;off
450;450;184.094;-450;off
450;450;182.025;-450;off
450;450;184.094;-450;off
450;450;184.094;-450;off
450;450;184.094;-450;off
450;450;184.094;-450;off
450;450;182.025;-450;off
450;450;182.025;-450;off
450;450;184.094;-450;off
450;450;184.094;-450;off
450;450;184.094;-450;off
450;450;163.639;-450;off
450;450;184.094;-450;off
450;450;163.639;-450;off
450;450;184.094;-450;off
450;450;184.094;-450;off
450;450;184.094;-450;off
450;450;184.094;-450;off
450;450;184.094;-450;off
450;450;184.094;-450;off
450;450;184.094;-450;off
450;450;184.094;-450;off
450;450;184.094;-450;off
450;450;182.025;-450;off
450;450;184.094;-450;off
450;450;184.094;-450;off
450;450;184.094;-450;off
450;450;186.21;-450;off
450;450;186.21;-450;off
450;450;165.52;-450;off
450;450;184.094;-450;off
450;450;161.8;-450;off
450;450;182.025;-450;off
450;450;161.8;-450;off
450;450;182.025;-450;off
450;450;184.094;-450;off
450;450;161.8;-450;off
450;450;184.094;-450;off
450;450;186.21;-450;off
450;450;184.094;-450;off
450;450;186.21;-450;off
450;450;184.094;-450;off
450;450;184.094;-450;off
450;450;182.025;-450;off
450;450;184.094;-450;off
450;450;163.639;-450;off
450;450;182.025;-450;off
450;450;161.8;-450;off
450;450;184.094;-450;off
450;450;184.094;-450;off
450;450;163.639;-450;off
450;450;184.094;-450;off
450;450;186.21;-450;off
450;450;186.21;-450;off
450;450;165.52;-450;off
450;450;184.094;-450;off
450;450;184.094;-450;off
450;450;184.094;-450;off
450;450;161.8;-450;off
450;450;182.025;-450;off
450;450;182.025;-450;off
450;450;184.094;-450;off
450;450;184.094;-450;off
450;450;184.094;-450;off
450;450;184.094;-450;off
450;450;184.094;-450;off
450;450;163.639;-450;off
450;450;184.094;-450;off
450;450;161.8;-450;off
450;450;184.094;-450;off
450;450;186.21;-450;off
450;450;184.094;-450;off
450;450;184.094;-450;off
450;450;184.094;-450;off
450;450;184.094;-450;off
450;450;184.094;-450;off
450;450;184.094;-450;off
450;450;184.094;-450;off
450;450;184.094;-450;off
450;450;184.094;-450;off
450;450;184.094;-450;off
450;450;184.094;-450;off
450;450;184.094;-450;off
450;450;184.094;-450;off
450;450;182.025;-450;off
450;450;184.094;-450;off
450;450;184.094;-450;off
450;450;184.094;-450;off
450;450;184.094;-450;off
450;450;184.094;-450;off
450;450;184.094;-450;off
450;450;184.094;-450;off
450;450;184.094;-450;off
450;450;184.094;-450;off
450;450;184.094;-450;off
450;450;182.025;-450;off
450;450;184.094;-450;off
450;450;184.094;-450;off
450;450;184.094;-450;off
450;450;184.094;-450;off
450;450;184.094;-450;off
450;450;184.094;-450;off
450;450;184.094;-450;off
450;450;184.094;-450;off
450;450;184.094;-450;off
450;450;184.094;-450;off
450;450;182.025;-450;off
450;450;184.094;-450;off
450;450;184.094;-450;off
450;450;184.094;-450;off
450;450;186.21;-450;off
450;450;184.094;-450;off
450;450;184.094;-450;off
450;450;184.094;-450;off
450;450;184.094;-450;off
450;450;184.094;-450;off
450;450;184.094;-450;off
450;450;184.094;-450;off
450;450;184.094;-450;off
450;450;184.094;-450;off
450;450;182.025;-450;off
450;450;184.094;-450;off
450;450;182.025;-450;off
450;450;184.094;-450;off
450;450;184.094;-450;off
450;450;184.094;-450;off
450;450;184.094;-450;off
450;450;182.025;-450;off
450;450;184.094;-450;off
450;450;184.094;-450;off
450;450;184.094;-450;off
450;450;184.094;-450;off
450;450;184.094;-450;off
450;450;184.094;-450;off
450;450;184.094;-450;off
450;450;182.025;-450;off
450;450;184.094;-450;off
450;450;184.094;-450;off
450;450;184.094;-450;off
450;450;184.094;-450;off
450;450;182.025;-450;off
450;450;184.094;-450;off
450;450;182.025;-450;off
450;450;184.094;-450;off
450;450;184.094;-450;off
450;450;184.094;-450;off
450;450;184.094;-450;off
450;450;186.21;-450;off
450;450;184.094;-450;off
450;450;184.094;-450;off
450;450;184.094;-450;off
450;450;182.025;-450;off
450;450;184.094;-450;off
450;450;184.094;-450;off
450;450;184.094;-450;off
450;450;182.025;-450;off
450;450;182.025;-450;off
450;450;184.094;-450;off
450;450;182.025;-450;off
450;450;182.025;-450;off
450;450;184.094;-450;off
450;450;182.025;-450;off
450;450;182.025;-450;off
450;450;184.094;-450;off
450;450;182.025;-450;off
450;450;184.094;-450;off
450;450;184.094;-450;off
450;450;184.094;-450;off
450;450;184.094;-450;off
450;450;184.094;-450;off
450;450;184.094;-450;off
450;450;184.094;-450;off
450;450;184.094;-450;off
450;450;184.094;-450;off
450;450;184.094;-450;off
450;450;184.094;-450;off
450;450;182.025;-450;off
450;450;184.094;-450;off
450;450;184.094;-450;off
450;450;182.025;-450;off
450;450;184.094;-450;off
450;450;182.025;-450;off
450;450;182.025;-450;off
450;450;184.094;-450;off
450;450;184.094;-450;off
450;450;184.094;-450;off
450;450;184.094;-450;off
450;450;184.094;-450;off
450;450;184.094;-450;off
450;450;184.094;-450;off
450;450;184.094;-450;off
450;450;184.094;-450;off
450;450;184.094;-450;off
450;450;184.094;-450;off
450;450;182.025;-450;off
450;450;182.025;-450;off
450;450;184.094;-450;off
450;450;186.21;-450;off
450;450;186.21;-450;off
450;450;184.094;-450;off
450;450;184.094;-450;off
450;450;184.094;-450;off
450;450;184.094;-450;off
450;450;184.094;-450;off
450;450;184.094;-450;off
450;450;182.025;-450;off
450;450;182.025;-450;off
450;450;182.025;-450;off
450;450;184.094;-450;off
450;450;182.025;-450;off
450;450;182.025;-450;off
450;450;182.025;-450;off
450;450;182.025;-450;off
450;450;182.025;-450;off
450;450;182.025;-450;off
450;450;182.025;-450;off
450;450;182.025;-450;off
450;450;182.025;-450;off
450;450;182.025;-450;off
450;450;184.094;-450;off
450;450;184.094;-450;off
450;450;184.094;-450;off
450;450;184.094;-450;off
450;450;184.094;-450;off
450;450;182.025;-450;off
450;450;182.025;-450;off
450;450;182.025;-450;off
450;450;182.025;-450;off
450;450;184.094;-450;off
450;450;184.094;-450;off
450;450;184.094;-450;off
450;450;184.094;-450;off
450;450;186.21;-450;off
450;450;184.094;-450;off
450;450;184.094;-450;off
450;450;184.094;-450;off
450;450;184.094;-450;off
450;450;182.025;-450;off
450;450;184.094;-450;off
450;450;182.025;-450;off
450;450;184.094;-450;off
450;450;184.094;-450;off
450;450;184.094;-450;off
450;450;182.025;-450;off
450;450;182.025;-450;off
450;450;182.025;-450;off
450;450;182.025;-450;off
450;450;182.025;-450;off
450;450;184.094;-450;off
450;450;184.094;-450;off
450;450;184.094;-450;off
450;450;184.094;-450;off
450;450;184.094;-450;off
450;450;184.094;-450;off
450;450;184.094;-450;off
450;450;182.025;-450;off
450;450;184.094;-450;off
450;450;182.025;-450;off
450;450;184.094;-450;off
450;450;182.025;-450;off
450;450;182.025;-450;off
450;450;182.025;-450;off
450;450;182.025;-450;off
450;450;184.094;-450;off
450;450;182.025;-450;off
450;450;182.025;-450;off
450;450;184.094;-450;off
450;450;182.025;-450;off
450;450;182.025;-450;off
450;450;184.094;-450;off
450;450;184.094;-450;off
450;450;184.094;-450;off
450;450;184.094;-450;off
450;450;184.094;-450;off
450;450;186.21;-450;off
450;450;184.094;-450;off
450;450;184.094;-450;off
450;450;184.094;-450;off
450;450;184.094;-450;off
450;450;182.025;-450;off
450;450;182.025;-450;off
450;450;182.025;-450;off
450;450;184.094;-450;off
450;450;184.094;-450;off
450;450;186.21;-450;off
450;450;186.21;-450;off
450;450;184.094;-450;off
450;450;184.094;-450;off
450;450;182.025;-450;off
450;450;182.025;-450;off
