volt-up; volt-down; volt-left; volt-right; time-min; time-inc; time-max; flip-x; flip-y; swap-xy
3.5;3.5;3.5;3.5;1;0.1;4;0;1;0
0;3.5;1;0.840166;-28.1197
1;3.5;1;-0.763392;12.366
2;3.5;1;-13.5412;-4.31721
3;3.5;1;19.0837;0.78343
0;3.5;1;-6.05211;-18.6967
1;3.5;1;1.31976;32.7659
2;3.5;1;-12.3447;-1.13255
3;3.5;1;18.4001;1.11141
0;3.5;1;-0.0255965;-31.4163
1;3.5;1;-0.679795;7.56644
2;3.5;1;-18.3358;-1.13931
3;3.5;1;22.6132;1.13729
0;3.5;1;-7.05437;-19.131
1;3.5;1;-2.19598;14.5796
2;3.5;1;-1.72103;-1.02017
3;3.5;1;-0.110336;-0.212689
0;3.5;1;-0.419966;-28.106
1;3.5;1;-0.985098;12.9709
2;3.5;1;-21.8152;-1.95522
3;3.5;1;28.3539;0.82454
0;3.5;1.1;-0.495488;-11.336
1;3.5;1.1;-0.395355;18.7559
2;3.5;1.1;-10.6523;-1.17068
3;3.5;1.1;22.5234;0.605046
0;3.5;1.1;-0.98762;-30.2537
1;3.5;1.1;0.563042;18.8797
2;3.5;1.1;-23.6196;-1.01745
3;3.5;1.1;22.4772;0.492042
0;3.5;1.1;-0.032941;-13.7261
1;3.5;1.1;-1.19239;14.9961
2;3.5;1.1;-20.9662;-2.69281
3;3.5;1.1;10.5714;-0.143772
0;3.5;1.1;-0.116366;-15.8713
1;3.5;1.1;-0.201845;26.389
2;3.5;1.1;-18.9363;-1.78484
3;3.5;1.1;16.1285;0.526797
0;3.5;1.1;0.842978;-10.1539
1;3.5;1.1;-0.521433;4.62574
2;3.5;1.1;-17.4806;-1.33929
3;3.5;1.1;20.9846;0.536558
0;3.5;1.2;2.49388;-39.9088
1;3.5;1.2;-1.56057;21.9514
2;3.5;1.2;-22.5638;-1.25274
3;3.5;1.2;17.4511;0.420565
0;3.5;1.2;0.208518;-13.7758
1;3.5;1.2;0.627469;30.5728
2;3.5;1.2;-16.2131;-1.72047
3;3.5;1.2;19.0624;0.749613
0;3.5;1.2;-9.87948;-6.89351
1;3.5;1.2;-1.03486;16.4811
2;3.5;1.2;-12.7489;-3.01772
3;3.5;1.2;15.9763;0.0594482
0;3.5;1.2;-1.00142;-13.0743
1;3.5;1.2;2.27616;14.5641
2;3.5;1.2;-9.8915;-1.53539
3;3.5;1.2;21.9393;0.782581
0;3.5;1.2;0.0952663;-12.9171
1;3.5;1.2;0.308273;10.5885
2;3.5;1.2;-20.4548;-3.40507
3;3.5;1.2;29.453;1.64887
0;3.5;1.3;-1.98699;-20.4905
1;3.5;1.3;-0.715233;29.7368
2;3.5;1.3;-11.5291;-18.1002
3;3.5;1.3;17.2902;0.222914
0;3.5;1.3;-0.4181;-33.0189
1;3.5;1.3;-0.524868;20.8336
2;3.5;1.3;-4.79641;-0.79831
3;3.5;1.3;38.5892;1.46013
0;3.5;1.3;1.00279;-37.0374
1;3.5;1.3;0.659613;13.0896
2;3.5;1.3;-10.9205;-1.15595
3;3.5;1.3;24.1534;0.732599
0;3.5;1.3;-0.865212;-14.8397
1;3.5;1.3;-1.36824;27.7781
2;3.5;1.3;-24.542;-1.8808
3;3.5;1.3;12.5717;0.526086
0;3.5;1.3;-9.6177;-16.0958
1;3.5;1.3;-0.58082;16.8418
2;3.5;1.3;-16.0487;-42.4232
3;3.5;1.3;9.23256;27.9676
0;3.5;1.4;0.0533584;-17.3417
1;3.5;1.4;0.411165;10.1294
2;3.5;1.4;-11.6798;-1.43958
3;3.5;1.4;31.5156;0.429398
0;3.5;1.4;-0.272928;-10.3346
1;3.5;1.4;-0.748074;11.5522
2;3.5;1.4;-12.9071;-7.12756
3;3.5;1.4;-8.41254;-0.000973854
0;3.5;1.4;-0.628282;-17.0683
1;3.5;1.4;-0.723058;10.2315
2;3.5;1.4;-23.0103;-7.6315
3;3.5;1.4;35.1354;0.669496
0;3.5;1.4;0.608562;-20.898
1;3.5;1.4;0.527164;8.34097
2;3.5;1.4;-19.3277;-1.30311
3;3.5;1.4;30.0274;0.825633
0;3.5;1.4;-1.61032;-9.98682
1;3.5;1.4;1.05128;10.6573
2;3.5;1.4;-8.04951;-1.03888
3;3.5;1.4;20.7316;0.442339
0;3.5;1.5;-3.80855;-16.1558
1;3.5;1.5;-0.91552;4.78467
2;3.5;1.5;-9.70886;-6.70963
3;3.5;1.5;26.8816;0.94584
0;3.5;1.5;-1.39002;-11.837
1;3.5;1.5;-2.47781;38.4338
2;3.5;1.5;-10.1216;-1.59942
3;3.5;1.5;34.4339;1.43526
0;3.5;1.5;-8.36451;-17.3172
1;3.5;1.5;-0.498359;19.511
2;3.5;1.5;-18.7428;-2.2879
3;3.5;1.5;41.376;0.782673
0;3.5;1.5;-0.546136;-13.8885
1;3.5;1.5;-0.906376;30.452
2;3.5;1.5;-4.01601;-1.13553
3;3.5;1.5;13.6228;0.576153
0;3.5;1.5;-3.79535;-19.5445
1;3.5;1.5;-2.89633;46.4185
2;3.5;1.5;-20.4586;-3.0815
3;3.5;1.5;23.0498;0.508469
0;3.5;1.6;-6.90592;-52.139
1;3.5;1.6;-1.63283;20.8846
2;3.5;1.6;-26.808;-2.27937
3;3.5;1.6;21.8945;0.212586
0;3.5;1.6;-19.5059;-21.9417
1;3.5;1.6;-1.3053;32.3714
2;3.5;1.6;-27.4667;-2.91307
3;3.5;1.6;33.178;1.19742
0;3.5;1.6;0.310168;-48.7444
1;3.5;1.6;1.04962;13.48
2;3.5;1.6;-14.5718;-1.11206
3;3.5;1.6;34.8933;0.866941
0;3.5;1.6;-1.57714;-19.0601
1;3.5;1.6;-2.09031;31.6262
2;3.5;1.6;-16.3591;-1.8985
3;3.5;1.6;32.1167;0.765266
0;3.5;1.6;-0.320932;-12.6198
1;3.5;1.6;-1.67422;15.8815
2;3.5;1.6;-24.6951;-2.68847
3;3.5;1.6;39.3785;0.882992
0;3.5;1.7;1.80273;-53.3621
1;3.5;1.7;-1.50363;22.6428
2;3.5;1.7;-23.6523;-1.80597
3;3.5;1.7;49.3735;1.3494
0;3.5;1.7;0.0082587;-52.6184
1;3.5;1.7;-0.294827;31.9413
2;3.5;1.7;-18.649;-2.03683
3;3.5;1.7;45.143;0.948011
0;3.5;1.7;-0.400054;-52.4721
1;3.5;1.7;-1.25812;21.1045
2;3.5;1.7;-32.6337;-2.67749
3;3.5;1.7;29.2012;0.697582
0;3.5;1.7;-0.00542031;-19.3579
1;3.5;1.7;-1.17348;20.5884
2;3.5;1.7;-24.2549;-4.18116
3;3.5;1.7;26.9667;0.316361
0;3.5;1.7;-9.9172;-13.7802
1;3.5;1.7;0.470618;17.4527
2;3.5;1.7;-12.8307;-0.847284
3;3.5;1.7;37.4006;1.12316
0;3.5;1.8;0.101345;-13.4693
1;3.5;1.8;-1.69839;50.2647
2;3.5;1.8;-16.8165;-4.52532
3;3.5;1.8;27.7227;0.976262
0;3.5;1.8;0.371499;-58.8776
1;3.5;1.8;0.152286;20.2692
2;3.5;1.8;-23.1622;-1.89747
3;3.5;1.8;14.9429;0.516823
0;3.5;1.8;-2.08094;-14.4202
1;3.5;1.8;-1.7759;25.8107
2;3.5;1.8;-21.9714;-4.43462
3;3.5;1.8;47.3615;30.5798
0;3.5;1.8;-2.49103;-12.9095
1;3.5;1.8;-0.710082;35.554
2;3.5;1.8;-32.6825;-2.62701
3;3.5;1.8;59.9946;1.50116
0;3.5;1.8;-2.12862;-20.7129
1;3.5;1.8;-1.7373;36.2245
2;3.5;1.8;-40.6301;-27.8182
3;3.5;1.8;36.2438;1.36352
0;3.5;1.9;0.328637;-41.4848
1;3.5;1.9;-0.674501;25.0498
2;3.5;1.9;-63.5649;-3.211
3;3.5;1.9;38.5105;1.5558
0;3.5;1.9;-0.422586;-49.484
1;3.5;1.9;-0.994621;34.5594
2;3.5;1.9;-36.5835;-2.9264
3;3.5;1.9;71.0624;2.61346
0;3.5;1.9;1.8889;-63.6373
1;3.5;1.9;-0.958107;45.2553
2;3.5;1.9;-22.4632;-8.35682
3;3.5;1.9;42.7099;1.78909
0;3.5;1.9;-15.4981;-8.46416
1;3.5;1.9;-1.1094;51.4118
2;3.5;1.9;-44.8558;-4.58461
3;3.5;1.9;48.6004;1.81921
0;3.5;1.9;-0.148895;-25.2829
1;3.5;1.9;-0.195866;12.4109
2;3.5;1.9;-87.2818;-4.52548
3;3.5;1.9;59.6147;1.96611
0;3.5;2;0.398168;-62.4069
1;3.5;2;-0.943074;39.0588
2;3.5;2;-34.4529;-3.85641
3;3.5;2;44.3653;4.60471
0;3.5;2;-12.1027;-16.9076
1;3.5;2;-1.16856;27.7061
2;3.5;2;-18.6529;-2.2131
3;3.5;2;48.3829;1.30641
0;3.5;2;1.77308;-66.9847
1;3.5;2;-1.78173;49.5345
2;3.5;2;-37.3227;-3.67632
3;3.5;2;75.7232;3.05864
0;3.5;2;0.104018;-63.6874
1;3.5;2;-3.02001;53.6694
2;3.5;2;-42.1618;-4.69535
3;3.5;2;69.8244;2.1208
0;3.5;2;-0.174805;-15.1766
1;3.5;2;-2.19436;36.4881
2;3.5;2;-39.6938;-2.24809
3;3.5;2;39.0081;1.43103
0;3.5;2.1;-0.341402;-15.0335
1;3.5;2.1;-1.17292;11.3349
2;3.5;2.1;-44.5947;-13.4265
3;3.5;2.1;93.8684;3.18166
0;3.5;2.1;-0.72873;-26.0358
1;3.5;2.1;-3.13509;69.9435
2;3.5;2.1;-36.19;-2.97933
3;3.5;2.1;47.3139;1.14124
0;3.5;2.1;-2.91631;-26.9992
1;3.5;2.1;-2.57888;60.2146
2;3.5;2.1;-45.9399;-6.37741
3;3.5;2.1;58.959;2.39827
0;3.5;2.1;-0.767774;-22.6455
1;3.5;2.1;-1.00284;31.2069
2;3.5;2.1;-44.192;-3.56461
3;3.5;2.1;46.6281;0.640105
0;3.5;2.1;-1.10748;-17.3205
1;3.5;2.1;-1.13425;47.7265
2;3.5;2.1;-43.7026;-45.6804
3;3.5;2.1;52.0595;37.6495
0;3.5;2.2;0.68887;-78.5326
1;3.5;2.2;-3.3516;80.359
2;3.5;2.2;-40.3996;-2.70305
3;3.5;2.2;27.9247;1.18718
0;3.5;2.2;0.976412;-80.2721
1;3.5;2.2;-1.85807;48.3259
2;3.5;2.2;-32.4572;-3.00999
3;3.5;2.2;83.9002;3.13281
0;3.5;2.2;-0.850442;-49.6085
1;3.5;2.2;-1.47949;35.8286
2;3.5;2.2;-22.9321;-2.20824
3;3.5;2.2;52.9079;1.37807
0;3.5;2.2;1.45792;-51.3147
1;3.5;2.2;-1.82999;67.6708
2;3.5;2.2;-43.6158;-2.29492
3;3.5;2.2;70.3893;2.5215
0;3.5;2.2;-0.698109;-19.8881
1;3.5;2.2;-2.65853;39.8652
2;3.5;2.2;-46.7478;-2.96676
3;3.5;2.2;27.496;0.960401
0;3.5;2.3;1.0321;-88.3026
1;3.5;2.3;-0.861333;10.0689
2;3.5;2.3;-44.2994;-33.9466
3;3.5;2.3;25.853;2.30633
0;3.5;2.3;-0.504895;-27.9625
1;3.5;2.3;-1.10148;58.0225
2;3.5;2.3;-40.5383;2.18844
3;3.5;2.3;76.7804;2.54928
0;3.5;2.3;-3.54168;-8.05907
1;3.5;2.3;-1.81634;39.0701
2;3.5;2.3;-45.0599;-2.85043
3;3.5;2.3;64.1411;1.98993
0;3.5;2.3;-1.56445;-18.8088
1;3.5;2.3;-0.752475;28.0365
2;3.5;2.3;-32.7977;-5.87025
3;3.5;2.3;57.8659;1.88693
0;3.5;2.3;-25.1941;-27.5854
1;3.5;2.3;-2.66928;69.3527
2;3.5;2.3;-25.4717;-5.48047
3;3.5;2.3;64.4906;2.29136
0;3.5;2.4;-1.88774;-10.0393
1;3.5;2.4;-0.581247;4.36049
2;3.5;2.4;-39.4883;1.95277
3;3.5;2.4;58.1964;2.08432
0;3.5;2.4;-0.625335;-31.6534
1;3.5;2.4;-1.45903;26.9893
2;3.5;2.4;-47.5602;-3.43382
3;3.5;2.4;32.2936;0.914107
0;3.5;2.4;0.179708;-90.9324
1;3.5;2.4;-1.5421;89.6246
2;3.5;2.4;-35.7294;-5.55035
3;3.5;2.4;92.217;3.34407
0;3.5;2.4;-1.49465;-30.9067
1;3.5;2.4;0.28737;8.69335
2;3.5;2.4;-53.268;0.858987
3;3.5;2.4;72.41;2.99652
0;3.5;2.4;-13.9517;-8.88623
1;3.5;2.4;-1.35346;75.6035
2;3.5;2.4;-45.8404;-6.72162
3;3.5;2.4;67.9315;2.58295
0;3.5;2.5;-2.20808;-10.4322
1;3.5;2.5;-2.03549;33.9458
2;3.5;2.5;-51.3268;-3.5556
3;3.5;2.5;60.3644;2.23943
0;3.5;2.5;-2.96826;-18.4272
1;3.5;2.5;-2.27262;64.7052
2;3.5;2.5;-57.3415;-5.86405
3;3.5;2.5;75.8196;3.1969
0;3.5;2.5;-1.4018;-28.6514
1;3.5;2.5;-0.919458;49.174
2;3.5;2.5;-49.301;-4.31456
3;3.5;2.5;95.6984;3.65316
0;3.5;2.5;-2.02966;-32.0346
1;3.5;2.5;-1.76884;41.7145
2;3.5;2.5;-50.8316;-3.61667
3;3.5;2.5;37.6318;1.47092
0;3.5;2.5;-2.22411;-17.9596
1;3.5;2.5;-1.21566;21.8941
2;3.5;2.5;-30.8545;-2.50576
3;3.5;2.5;38.685;1.45496
0;3.5;2.6;-2.28566;-19.8255
1;3.5;2.6;-2.42148;58.0161
2;3.5;2.6;-32.1302;-5.79644
3;3.5;2.6;65.9228;2.36302
0;3.5;2.6;-0.313526;-19.3043
1;3.5;2.6;-1.4079;34.3973
2;3.5;2.6;-47.901;-6.62565
3;3.5;2.6;68.5565;2.48826
0;3.5;2.6;-1.03435;-36.2021
1;3.5;2.6;-3.41217;95.1517
2;3.5;2.6;-26.5952;-5.03625
3;3.5;2.6;67.8473;1.86482
0;3.5;2.6;-16.9965;-29.4884
1;3.5;2.6;-2.87037;68.2298
2;3.5;2.6;-27.2926;-2.54538
3;3.5;2.6;62.2768;2.17501
0;3.5;2.6;-1.17556;-18.3184
1;3.5;2.6;-1.20762;45.6041
2;3.5;2.6;-32.05;-1.52852
3;3.5;2.6;87.4703;3.23363
0;3.5;2.7;-1.52634;-8.4637
1;3.5;2.7;-2.93591;64.4174
2;3.5;2.7;-26.3187;-51.8359
3;3.5;2.7;29.6158;1.1601
0;3.5;2.7;-2.42287;-31.5658
1;3.5;2.7;-0.989491;22.5462
2;3.5;2.7;-51.2588;-4.03555
3;3.5;2.7;105.31;3.71731
0;3.5;2.7;-21.3417;-97.5155
1;3.5;2.7;-3.55078;77.9342
2;3.5;2.7;-36.1281;-2.8946
3;3.5;2.7;72.7161;2.39961
0;3.5;2.7;-2.44008;-23.7436
1;3.5;2.7;-1.8848;47.8614
2;3.5;2.7;-58.3449;-6.77724
3;3.5;2.7;95.5892;3.44008
0;3.5;2.7;2.73383;-107.486
1;3.5;2.7;-2.00669;63.4181
2;3.5;2.7;-22.9603;-6.04032
3;3.5;2.7;60.9895;2.05399
0;3.5;2.8;-0.809835;-21.9255
1;3.5;2.8;-1.54723;81.5831
2;3.5;2.8;-56.392;-7.37439
3;3.5;2.8;35.979;1.17703
0;3.5;2.8;-3.1411;-11.7173
1;3.5;2.8;-2.63716;65.64
2;3.5;2.8;-63.4566;-2.36737
3;3.5;2.8;81.0872;3.27776
0;3.5;2.8;-2.8548;-13.3773
1;3.5;2.8;-2.09359;63.8603
2;3.5;2.8;-51.2173;-3.77489
3;3.5;2.8;66.9842;2.49425
0;3.5;2.8;-0.864392;-37.9862
1;3.5;2.8;-2.31994;68.1752
2;3.5;2.8;-58.6161;-3.80025
3;3.5;2.8;84.3293;3.22371
0;3.5;2.8;-1.44926;-2.91506
1;3.5;2.8;-2.65631;62.1578
2;3.5;2.8;-36.8088;-18.2352
3;3.5;2.8;13.445;0.0436938
0;3.5;2.9;-0.567528;-22.422
1;3.5;2.9;-1.96244;81.7621
2;3.5;2.9;-38.1451;-5.71281
3;3.5;2.9;70.0992;2.37463
0;3.5;2.9;-0.360897;-31.8196
1;3.5;2.9;-3.05658;87.8599
2;3.5;2.9;-55.4217;-42.358
3;3.5;2.9;68.6487;2.90073
0;3.5;2.9;-1.67703;-4.64752
1;3.5;2.9;-4.16392;123.682
2;3.5;2.9;-32.686;-5.67416
3;3.5;2.9;53.9449;1.76603
0;3.5;2.9;-1.68757;-34.3778
1;3.5;2.9;-4.60605;121.555
2;3.5;2.9;-64.1918;-12.5603
3;3.5;2.9;50.0089;1.61431
0;3.5;2.9;-1.99032;-35.2928
1;3.5;2.9;-4.11496;118.757
2;3.5;2.9;-60.4028;-3.85999
3;3.5;2.9;129.95;4.91381
0;3.5;3;-10.5069;-9.04902
1;3.5;3;-2.29999;81.4365
2;3.5;3;-70.7413;-7.94191
3;3.5;3;103.572;3.55679
0;3.5;3;-2.58327;-9.68924
1;3.5;3;-1.03788;54.1457
2;3.5;3;-59.8647;-20.2581
3;3.5;3;65.0004;2.20776
0;3.5;3;-1.56406;-25.7684
1;3.5;3;-3.29753;101.039
2;3.5;3;-58.5784;-4.34078
3;3.5;3;124.755;4.60981
0;3.5;3;1.49484;-120.188
1;3.5;3;-0.169073;21.5748
2;3.5;3;-62.1955;26.1165
3;3.5;3;89.3363;3.23118
0;3.5;3;-1.0278;-31.0673
1;3.5;3;-2.50653;57.0771
2;3.5;3;-75.4035;-4.81235
3;3.5;3;108.669;4.01699
0;3.5;3.1;-1.1346;-25.9338
1;3.5;3.1;-1.26487;38.0161
2;3.5;3.1;-47.7589;-3.51475
3;3.5;3.1;110.91;4.18262
0;3.5;3.1;-2.39279;-32.5061
1;3.5;3.1;-2.07053;67.0751
2;3.5;3.1;-67.7024;-16.7374
3;3.5;3.1;102.024;3.86438
0;3.5;3.1;-1.35318;-40.7556
1;3.5;3.1;-0.317516;32.2327
2;3.5;3.1;-66.4288;-4.75158
3;3.5;3.1;78.8584;3.13114
0;3.5;3.1;0.841743;-124.805
1;3.5;3.1;-2.73028;79.7723
2;3.5;3.1;-34.3423;31.291
3;3.5;3.1;115.472;3.87632
0;3.5;3.1;-1.47885;-37.4949
1;3.5;3.1;-2.67236;89.6624
2;3.5;3.1;-63.2543;-4.80328
3;3.5;3.1;99.4715;4.24878
0;3.5;3.2;-1.73254;-25.7478
1;3.5;3.2;-4.18725;95.8154
2;3.5;3.2;-62.5858;-4.54756
3;3.5;3.2;86.1864;2.64099
0;3.5;3.2;-1.29392;-43.9801
1;3.5;3.2;-2.39647;71.4512
2;3.5;3.2;-42.9607;-7.09286
3;3.5;3.2;96.6534;3.8238
0;3.5;3.2;-1.43448;-34.9244
1;3.5;3.2;-2.74758;54.7708
2;3.5;3.2;-37.5609;-3.26426
3;3.5;3.2;104.03;3.9544
0;3.5;3.2;-29.2286;-64.2531
1;3.5;3.2;-2.0789;53.145
2;3.5;3.2;-62.9465;-22.6944
3;3.5;3.2;94.989;3.75961
0;3.5;3.2;-0.791972;-32.6058
1;3.5;3.2;-2.75283;83.6423
2;3.5;3.2;-68.8328;-10.0747
3;3.5;3.2;124.476;3.88974
0;3.5;3.3;-1.6176;-44.2253
1;3.5;3.3;-2.64865;97.0766
2;3.5;3.3;-68.9876;-4.40633
3;3.5;3.3;133.031;4.86814
0;3.5;3.3;3.04403;-139.199
1;3.5;3.3;-1.36006;52.94
2;3.5;3.3;-40.1623;-2.78545
3;3.5;3.3;78.055;2.76683
0;3.5;3.3;-0.438431;-47.248
1;3.5;3.3;-2.37009;78.9456
2;3.5;3.3;-68.8344;-2.06548
3;3.5;3.3;40.5322;1.45775
0;3.5;3.3;-1.46985;-44.8302
1;3.5;3.3;-0.19839;-2.53484
2;3.5;3.3;-70.7981;-15.3904
3;3.5;3.3;44.2044;1.78689
0;3.5;3.3;0.47657;-110.796
1;3.5;3.3;-0.802573;45.3868
2;3.5;3.3;-67.4652;0.733671
3;3.5;3.3;61.7712;1.99337
0;3.5;3.4;2.82105;-126.119
1;3.5;3.4;-2.93775;79.7824
2;3.5;3.4;-77.0968;-5.44024
3;3.5;3.4;100.796;3.96298
0;3.5;3.4;1.38507;-122.046
1;3.5;3.4;-2.1231;54.6829
2;3.5;3.4;-83.1399;-5.85165
3;3.5;3.4;129.69;4.59289
0;3.5;3.4;-2.43164;-46.1662
1;3.5;3.4;-2.21057;81.7513
2;3.5;3.4;-40.4117;-4.27005
3;3.5;3.4;122.806;4.39251
0;3.5;3.4;-0.482808;-48.2485
1;3.5;3.4;-4.31012;90.2354
2;3.5;3.4;-97.8318;-8.92974
3;3.5;3.4;82.9172;2.61537
0;3.5;3.4;-22.6803;-118.192
1;3.5;3.4;-3.53485;103.78
2;3.5;3.4;-74.4401;-7.96082
3;3.5;3.4;55.3242;1.99673
0;3.5;3.5;-32.5932;-130.107
1;3.5;3.5;-1.98283;43.3806
2;3.5;3.5;-68.0854;-4.44618
3;3.5;3.5;110.115;3.61889
0;3.5;3.5;-0.894298;-47.1197
1;3.5;3.5;-3.94655;103.83
2;3.5;3.5;-71.0097;-8.62876
3;3.5;3.5;87.6969;2.81548
0;3.5;3.5;-0.737315;-90.9569
1;3.5;3.5;-3.34044;124.03
2;3.5;3.5;-69.5693;-4.7312
3;3.5;3.5;154.874;6.1978
0;3.5;3.5;0.90849;-87.6709
1;3.5;3.5;-5.19811;133.554
2;3.5;3.5;-74.7659;-5.22124
3;3.5;3.5;100.787;3.7098
0;3.5;3.5;-2.28794;-12.2617
1;3.5;3.5;-2.82338;59.5438
2;3.5;3.5;-41.6353;-5.5295
3;3.5;3.5;92.726;3.53343
0;3.5;3.6;-2.51966;-6.33608
1;3.5;3.6;-3.51955;119.451
2;3.5;3.6;-70.6736;-4.26318
3;3.5;3.6;67.6777;2.59643
0;3.5;3.6;-2.05847;-18.3175
1;3.5;3.6;-3.47684;93.6407
2;3.5;3.6;-70.6387;-4.84832
3;3.5;3.6;58.2048;2.32053
0;3.5;3.6;-1.68686;-39.0976
1;3.5;3.6;-2.51504;57.3919
2;3.5;3.6;-52.3469;1.35402
3;3.5;3.6;136.732;5.10161
0;3.5;3.6;-3.54063;-24.9957
1;3.5;3.6;-0.528043;10.9516
2;3.5;3.6;-34.4747;-2.00922
3;3.5;3.6;126.58;3.93304
0;3.5;3.6;-17.8217;-29.8551
1;3.5;3.6;-1.87376;39.997
2;3.5;3.6;-38.2983;-3.89396
3;3.5;3.6;147.772;5.1302
0;3.5;3.7;-2.53447;-0.93696
1;3.5;3.7;-3.2134;87.3699
2;3.5;3.7;-70.1906;-6.29079
3;3.5;3.7;98.5157;3.65809
0;3.5;3.7;-1.5748;-30.9161
1;3.5;3.7;-4.17803;112.802
2;3.5;3.7;-78.1676;-7.20496
3;3.5;3.7;59.7248;2.28557
0;3.5;3.7;-16.011;-89.3105
1;3.5;3.7;-1.43117;50.8853
2;3.5;3.7;-72.466;-11.8085
3;3.5;3.7;59.2425;1.96945
0;3.5;3.7;-0.757745;-49.4378
1;3.5;3.7;-2.38148;55.4869
2;3.5;3.7;-36.8031;-12.0024
3;3.5;3.7;105.002;9.66741
0;3.5;3.7;-1.54899;-83.2884
1;3.5;3.7;-5.95853;149.86
2;3.5;3.7;-39.0146;-3.21165
3;3.5;3.7;102.223;4.46729
0;3.5;3.8;-7.52806;-51.3665
1;3.5;3.8;-0.663799;34.8589
2;3.5;3.8;-47.396;-3.26059
3;3.5;3.8;98.1314;3.37402
0;3.5;3.8;1.27696;-88.8958
1;3.5;3.8;-5.08769;135.318
2;3.5;3.8;-86.8206;-5.45952
3;3.5;3.8;146.884;4.49643
0;3.5;3.8;1.47772;-134.863
1;3.5;3.8;0.155116;4.36442
2;3.5;3.8;-80.9999;-8.33703
3;3.5;3.8;135.509;4.82981
0;3.5;3.8;-0.950926;-41.9143
1;3.5;3.8;-2.56189;77.747
2;3.5;3.8;-44.0132;-6.6118
3;3.5;3.8;141.395;5.19007
0;3.5;3.8;1.41512;-84.4951
1;3.5;3.8;-3.78075;106.756
2;3.5;3.8;-46.392;-4.36968
3;3.5;3.8;113.005;4.41092
0;3.5;3.9;1.51496;-159.961
1;3.5;3.9;-3.37079;72.5048
2;3.5;3.9;-83.8191;-11.0129
3;3.5;3.9;116.185;3.87164
0;3.5;3.9;-22.5863;-15.5306
1;3.5;3.9;-4.90612;127.619
2;3.5;3.9;-87.6345;-64.3133
3;3.5;3.9;65.6689;2.49544
0;3.5;3.9;-5.35432;-20.591
1;3.5;3.9;-1.96923;37.3796
2;3.5;3.9;-0.100709;1.35433
3;3.5;3.9;167.115;6.35017
0;3.5;3.9;-2.5346;-43.5187
1;3.5;3.9;-0.480513;13.2493
2;3.5;3.9;-0.286955;2.72609
3;3.5;3.9;79.6794;2.69192
0;3.5;3.9;-1.78472;-26.4974
1;3.5;3.9;-5.36664;153.782
2;3.5;3.9;-79.466;-4.08867
3;3.5;3.9;90.3909;3.34995
