volt-up; volt-down; volt-left; volt-right; time-min; time-inc; time-max; flip-x; flip-y; swap-xy
3;3.5;3;3;1;1;5;0;1;0
0;3;1;0.977043;-11.2309
1;3.5;1;-2.41544;25.0285
2;3;1;-4.52679;-0.21785
3;3;1;7.20979;0.301397
0;3;1;0.640693;-29.8762
1;3.5;1;-0.453138;12.382
2;3;1;-8.13753;-0.279833
3;3;1;8.66467;0.0542929
0;3;1;-0.0590512;-0.112457
1;3.5;1;-0.677576;16.9218
2;3;1;-19.5301;-0.624636
3;3;1;5.26793;0.228157
0;3;1;0.0613912;-11.995
1;3.5;1;-0.105497;3.39101
2;3;1;-8.39087;-0.283967
3;3;1;21.1821;0.849835
0;3;1;0.510481;-11.0516
1;3.5;1;-0.0571605;11.0976
2;3;1;0.28316;-0.226328
3;3;1;23.2423;0.790061
0;3;1;-0.0322381;-8.56908
1;3.5;1;-0.802034;14.7493
2;3;1;-12.0114;-1.19753
3;3;1;16.5946;0.119939
0;3;1;-1.07547;-12.172
1;3.5;1;-0.581867;14.3602
2;3;1;-16.6079;-0.776761
3;3;1;14.0382;0.778654
0;3;1;0.579168;-7.62782
1;3.5;1;-0.271951;17.4055
2;3;1;-11.6885;-0.927765
3;3;1;19.6189;0.78255
0;3;1;0.159832;-23.3574
1;3.5;1;-0.00765862;13.6996
2;3;1;-2.08284;-0.304021
3;3;1;1.9396;-0.138643
0;3;1;-0.624846;0.236003
1;3.5;1;-0.170444;6.7153
2;3;1;-14.119;-0.6918
3;3;1;7.31478;0.307547
0;3;1;-0.0433208;0.270087
1;3.5;1;0.625568;7.42046
2;3;1;-11.904;0.164729
3;3;1;2.32905;0.742814
0;3;1;0.554614;-13.9342
1;3.5;1;-0.370035;16.3993
2;3;1;-17.3421;-0.546785
3;3;1;21.4068;0.759129
0;3;1;-0.447833;-8.81485
1;3.5;1;0.116517;30.0644
2;3;1;-3.96373;0.220459
3;3;1;24.146;1.19745
0;3;1;-0.618465;0.455204
1;3.5;1;-0.656303;31.3165
2;3;1;-8.03544;-0.337414
3;3;1;15.6885;0.452033
0;3;1;-0.0104472;-24.9326
1;3.5;1;-0.148609;13.9606
2;3;1;-16.468;-0.667514
3;3;1;9.76499;0.29263
0;3;1;1.45277;-24.0362
1;3.5;1;0.111786;17.0206
2;3;1;-9.39348;-0.170892
3;3;1;23.9806;0.842222
0;3;1;0.340521;-8.99475
1;3.5;1;-0.290363;13.1483
2;3;1;-14.7668;-0.882697
3;3;1;6.38051;-0.0197167
0;3;1;0.465591;-26.6186
1;3.5;1;-0.396679;10.8675
2;3;1;-9.62277;-0.1722
3;3;1;5.83721;0.175035
0;3;1;-0.684091;-12.4008
1;3.5;1;-0.849927;26.4619
2;3;1;-17.4178;-0.678946
3;3;1;-0.961871;-0.0553791
0;3;1;-0.0574544;-23.3638
1;3.5;1;-0.453617;32.1596
2;3;1;-13.3355;-0.206329
3;3;1;12.1634;0.512781
0;3;2;-0.336777;-0.0600805
1;3.5;2;-0.988028;54.8245
2;3;2;-17.9544;-1.80357
3;3;2;7.05643;-0.0690359
0;3;2;0.51219;-38.0377
1;3.5;2;-0.00137171;42.6708
2;3;2;-24.2076;-1.01611
3;3;2;44.8325;1.47606
0;3;2;-0.73712;0.056421
1;3.5;2;-1.16745;68.1837
2;3;2;0.127724;-0.533635
3;3;2;43.9933;1.36746
0;3;2;0.245176;-4.60231
1;3.5;2;-1.70611;41.8652
2;3;2;-0.716792;-0.215595
3;3;2;25.6;0.797541
0;3;2;0.511318;-39.0232
1;3.5;2;-0.577505;45.4967
2;3;2;-21.1859;-0.634554
3;3;2;44.8254;1.78706
0;3;2;6.85066;-451.409
1;3.5;2;-6.46722;451.442
2;3;2;-18.9065;-2.08534
3;3;2;0.00373792;-0.225721
0;3;2;1.19453;-40.5164
1;3.5;2;-0.174495;43.6831
2;3;2;-26.9168;-2.16079
3;3;2;44.2307;1.2129
0;3;2;1.41271;-58.151
1;3.5;2;-0.239575;64.2423
2;3;2;-34.5327;-1.19779
3;3;2;35.2082;1.4179
0;3;2;-0.222238;0.171604
1;3.5;2;-0.251549;27.4259
2;3;2;-19.2163;-2.05883
3;3;2;35.5019;1.34366
0;3;2;0.168897;-37.4401
1;3.5;2;-0.922055;4.76633
2;3;2;-22.9332;-1.29155
3;3;2;45.7878;1.97763
0;3;2;-0.590985;-38.3003
1;3.5;2;-0.240132;0.239617
2;3;2;-26.9952;0.00139411
3;3;2;39.5328;1.36304
0;3;2;-0.0339526;-37.112
1;3.5;2;-0.353585;19.6374
2;3;2;-34.4898;-1.56228
3;3;2;31.9599;1.38385
0;3;2;-0.236061;-0.0318146
1;3.5;2;-0.743833;62.3529
2;3;2;-29.9824;-0.896614
3;3;2;18.2071;0.623032
0;3;2;-0.391335;0.0365388
1;3.5;2;-0.395552;40.0909
2;3;2;0.0535713;-1.03393
3;3;2;45.6845;1.49423
0;3;2;0.622631;-53.8589
1;3.5;2;-1.75183;64.0647
2;3;2;-32.6923;0.238926
3;3;2;33.51;1.29473
0;3;2;1.12495;-55.3385
1;3.5;2;-0.331072;53.8576
2;3;2;-27.0806;-1.08503
3;3;2;25.157;0.900453
0;3;2;0.448813;-34.6628
1;3.5;2;-0.287286;-0.0616858
2;3;2;-30.5741;-0.00264653
3;3;2;0.180098;0.0133083
0;3;2;-1.30087;-39.0856
1;3.5;2;0.281708;38.7172
2;3;2;-21.6671;-0.958717
3;3;2;36.2222;1.05379
0;3;2;0.0176437;-38.4594
1;3.5;2;-0.144621;51.5743
2;3;2;-26.7909;-1.36405
3;3;2;38.7038;1.40038
0;3;2;0.359474;-33.2359
1;3.5;2;-0.254776;32.6598
2;3;2;-31.6133;-1.18737
3;3;2;27.1338;1.18013
0;3;3;0.162215;0.117366
1;3.5;3;-0.747341;78.1884
2;3;3;-45.8269;-2.32178
3;3;3;53.5543;1.88057
0;3;3;1.08244;-90.9366
1;3.5;3;0.450161;1.25058
2;3;3;-41.4806;-1.49108
3;3;3;69.3796;2.55236
0;3;3;2.49571;-79.1878
1;3.5;3;-0.904874;89.2845
2;3;3;-43.2514;-2.09311
3;3;3;69.0856;2.06406
0;3;3;0.366913;-75.7709
1;3.5;3;-1.22097;68.5575
2;3;3;-53.604;-2.32435
3;3;3;0.519797;0.00293806
0;3;3;0.390969;-80.8956
1;3.5;3;-0.836602;75.2413
2;3;3;-41.7115;-3.33499
3;3;3;83.7552;2.51349
0;3;3;0.282137;0.179057
1;3.5;3;-0.234572;67.6032
2;3;3;-52.3155;-2.07114
3;3;3;63.9469;2.20641
0;3;3;-7.96896;-55.6654
1;3.5;3;-4.80682;416.62
2;3;3;0.329957;-1.39832
3;3;3;64.7034;2.41723
0;3;3;0.643465;-77.5682
1;3.5;3;-0.869967;78.7081
2;3;3;-45.0302;-2.20638
3;3;3;63.4295;2.21081
0;3;3;0.712817;-91.4762
1;3.5;3;-1.44227;94.3476
2;3;3;-45.5618;-0.613468
3;3;3;53.7496;2.02004
0;3;3;0.678123;-76.0181
1;3.5;3;-0.938594;83.4977
2;3;3;-52.7562;-7.23096
3;3;3;332.338;10.7323
0;3;3;1.50911;-88.524
1;3.5;3;-1.03052;82.978
2;3;3;0.280937;-0.453798
3;3;3;58.6935;1.98098
0;3;3;1.72279;-89.9987
1;3.5;3;-0.666952;-0.134779
2;3;3;-42.6957;-0.41842
3;3;3;0.564255;0.28236
0;3;3;0.269291;-91.4308
1;3.5;3;-0.757453;116.955
2;3;3;-0.28991;-0.543499
3;3;3;60.563;1.97544
0;3;3;-0.550413;0.350134
1;3.5;3;-0.39398;78.203
2;3;3;-45.5724;-2.25724
3;3;3;1.20488;-0.041511
0;3;3;-8.20268;-70.6072
1;3.5;3;-0.490875;89.1687
2;3;3;0.185842;1.22517
3;3;3;56.0947;2.05726
0;3;3;5.91725;-411.339
1;3.5;3;-1.05001;96.9176
2;3;3;-52.378;-0.666382
3;3;3;63.615;1.97654
0;3;3;0.496364;-79.9832
1;3.5;3;-0.208371;63.689
2;3;3;-45.0797;-0.503651
3;3;3;0.849481;0.000487094
0;3;3;0.334473;-75.5182
1;3.5;3;-4.10042;396.099
2;3;3;-26.6826;0.111434
3;3;3;67.8817;2.53947
0;3;3;-0.369356;-0.0493356
1;3.5;3;-0.728835;85.2643
2;3;3;-43.3447;-1.65383
3;3;3;68.6078;2.33178
0;3;3;7.31939;-387.417
1;3.5;3;-2.35434;77.4052
2;3;3;-48.6231;-0.553358
3;3;3;-0.073287;0.0701959
0;3;4;2.02032;-99.7721
1;3.5;4;-1.03525;1.51372
2;3;4;-70.2335;-3.33186
3;3;4;73.8837;2.39009
0;3;4;1.65794;-128.191
1;3.5;4;-1.23614;129.18
2;3;4;-70.8212;-0.947174
3;3;4;69.9702;2.61762
0;3;4;-0.444468;-109.484
1;3.5;4;-0.233953;1.67276
2;3;4;-57.6907;-0.0965313
3;3;4;65.5987;2.54562
0;3;4;0.172621;-104.659
1;3.5;4;-0.259546;1.13374
2;3;4;-58.3315;-0.690479
3;3;4;0.587086;0.224935
0;3;4;2.51217;-121.733
1;3.5;4;-5.72401;415.366
2;3;4;-58.2086;-2.18462
3;3;4;90.6892;2.99191
0;3;4;-11.0345;-123.917
1;3.5;4;-0.616768;122.387
2;3;4;0.343864;-1.17939
3;3;4;99.0766;3.21713
0;3;4;-4.49341;-95.3985
1;3.5;4;-3.12147;256.359
2;3;4;-67.2981;-0.691659
3;3;4;86.2199;3.13387
0;3;4;1.84009;-96.2041
1;3.5;4;-2.18736;137.305
2;3;4;-69.4422;-4.33865
3;3;4;94.3099;3.3552
0;3;4;1.9557;-117.817
1;3.5;4;-0.520826;11.6652
2;3;4;-63.7559;-1.3698
3;3;4;94.0362;3.34744
0;3;4;0.993585;-109.579
1;3.5;4;-1.32169;98.8304
2;3;4;-63.5849;-3.01803
3;3;4;88.7932;2.61548
0;3;4;1.02416;-125.527
1;3.5;4;-0.766485;135.632
2;3;4;-61.542;-3.63188
3;3;4;81.6779;2.69364
0;3;4;1.52633;-114.624
1;3.5;4;-0.209429;66.1739
2;3;4;-59.9822;-2.71615
3;3;4;78.6625;2.5392
0;3;4;-0.22693;-81.4577
1;3.5;4;-1.59653;122.289
2;3;4;-58.1087;-1.06053
3;3;4;87.3314;3.38542
0;3;4;0.0111354;-123.67
1;3.5;4;-5.25885;457.061
2;3;4;-59.7715;-5.02859
3;3;4;92.0584;3.28471
0;3;4;1.74221;-108.188
1;3.5;4;-1.62923;120.488
2;3;4;-17.0117;-2.53336
3;3;4;86.1253;2.70223
0;3;4;1.94137;-109.068
1;3.5;4;-1.54531;129.455
2;3;4;-64.8193;-2.71532
3;3;4;0.99413;0.321183
0;3;4;-6.63087;-121.929
1;3.5;4;1.19238;0.228514
2;3;4;-70.6989;-1.10351
3;3;4;2.46593;0.332859
0;3;4;1.56593;-106.127
1;3.5;4;-1.09677;104.204
2;3;4;-64.2123;-4.50673
3;3;4;78.7755;2.91939
0;3;4;-5.88015;-105.67
1;3.5;4;-1.50044;128.957
2;3;4;-58.4194;-9.86102
3;3;4;79.0499;2.49962
0;3;4;1.78228;-125.908
1;3.5;4;-0.13762;15.127
2;3;4;-56.4758;-0.411388
3;3;4;1.26344;-0.187061
0;3;5;1.97218;-160.368
1;3.5;5;-1.93537;125.968
2;3;5;-84.089;-2.54097
3;3;5;112.334;2.61313
0;3;5;1.21513;-134.474
1;3.5;5;-0.402039;1.04795
2;3;5;-82.4125;-2.47268
3;3;5;114.471;4.3607
0;3;5;1.21483;-153.716
1;3.5;5;-1.78132;130.4
2;3;5;-73.1994;-2.44739
3;3;5;108.44;4.09373
0;3;5;1.26873;-135.896
1;3.5;5;-7.29361;417.376
2;3;5;-80.1821;-4.05281
3;3;5;104.113;3.66638
0;3;5;8.61341;-475.718
1;3.5;5;0.0385546;1.31284
2;3;5;0.131837;1.41336
3;3;5;380.924;12.0112
0;3;5;1.58147;-131.771
1;3.5;5;-2.04849;142.832
2;3;5;0.168786;-1.07543
3;3;5;105.727;3.42382
0;3;5;1.83519;-158.695
1;3.5;5;-0.90082;114.169
2;3;5;-89.5984;-3.54555
3;3;5;115.774;3.49227
0;3;5;3.02591;-151.122
1;3.5;5;-0.29133;33.5987
2;3;5;-80.5443;-1.29221
3;3;5;105.029;3.87197
0;3;5;0.772495;-129.332
1;3.5;5;-2.52734;143.012
2;3;5;0.112162;-0.907963
3;3;5;122.255;4.1858
0;3;5;2.31215;-152.781
1;3.5;5;-1.22493;125.688
2;3;5;-89.1353;-1.63806
3;3;5;97.7149;3.27397
0;3;5;1.5331;-121.605
1;3.5;5;-1.00362;117.131
2;3;5;-78.2194;-1.23956
3;3;5;116.722;4.14054
0;3;5;1.06415;-127.952
1;3.5;5;-3.05798;167.944
2;3;5;-89.1188;-4.78914
3;3;5;109.73;4.04395
0;3;5;1.85961;-157.863
1;3.5;5;-6.31173;399.045
2;3;5;-83.369;-4.40194
3;3;5;121.22;4.00504
0;3;5;1.21383;-142.749
1;3.5;5;-0.729139;139.761
2;3;5;-80.943;-3.44126
3;3;5;124.417;4.60333
0;3;5;1.75955;-156.101
1;3.5;5;-2.06749;155.628
2;3;5;-77.9526;-3.24198
3;3;5;107.126;3.47285
0;3;5;1.26643;-147.619
1;3.5;5;-1.74436;167.462
2;3;5;-63.216;-3.09222
3;3;5;124.136;4.35701
0;3;5;2.22574;-144.518
1;3.5;5;-1.4975;120.847
2;3;5;-77.9502;-2.77021
3;3;5;99.8247;3.32983
0;3;5;2.43459;-155.424
1;3.5;5;-7.52576;427.144
2;3;5;-76.4299;-4.47725
3;3;5;120.183;3.9763
0;3;5;3.27397;-136.148
1;3.5;5;-2.17018;132.492
2;3;5;-283.258;-7.60844
3;3;5;397.731;11.2558
0;3;5;1.41727;-140.774
1;3.5;5;-0.516244;1.9577
2;3;5;-91.2537;-0.993192
3;3;5;103.012;3.40204
0;3;1;0.0604697;-8.14461
1;3.5;1;-0.405158;19.677
2;3;1;-5.315;-0.793194
3;3;1;17.638;0.677183
0;3;1;1.59908;-8.54183
1;3.5;1;0.177629;0.684875
2;3;1;-14.4894;-0.282632
3;3;1;5.87924;0.33983
0;3;1;-0.113296;-7.70168
1;3.5;1;-1.24496;9.2754
2;3;1;-17.1886;-1.02586
3;3;1;5.37755;-0.111181
0;3;1;0.741977;-24.9053
1;3.5;1;0.111272;31.0291
2;3;1;0.503287;-0.0813415
3;3;1;13.6164;0.395298
0;3;1;0.280433;-26.3257
1;3.5;1;-0.738041;33.2252
2;3;1;-12.3843;-0.911839
3;3;1;-0.678663;-0.228714
0;3;1;-0.231242;-26.1126
1;3.5;1;-0.845146;13.0529
2;3;1;-10.0144;-0.736411
3;3;1;3.05268;-0.110575
0;3;1;0.149852;-23.7454
1;3.5;1;-0.50832;-0.339779
2;3;1;-7.86187;-0.617792
3;3;1;25.2908;0.826236
0;3;1;0.519495;-17.2039
1;3.5;1;0.177658;33.6408
2;3;1;-9.65577;-0.392027
3;3;1;19.237;0.506996
0;3;1;0.0541731;-28.4452
1;3.5;1;-0.113359;13.1496
2;3;1;0.169175;-0.232769
3;3;1;6.97686;0.456756
0;3;1;1.08062;-26
1;3.5;1;-2.38266;3.35811
2;3;1;-3.91082;-0.809875
3;3;1;6.42197;-0.46768
0;3;1;2.1025;-24.2377
1;3.5;1;-2.91093;26.1321
2;3;1;-15.0911;-1.01477
3;3;1;23.4417;0.678519
0;3;1;0.678332;-26.4106
1;3.5;1;-0.457654;14.1442
2;3;1;-11.5255;-0.348914
3;3;1;22.8277;0.619901
0;3;1;-0.161998;-8.24675
1;3.5;1;-0.511832;20.6175
2;3;1;-16.3587;-0.586705
3;3;1;6.19826;0.478084
0;3;1;0.166086;-27.8041
1;3.5;1;-0.237411;29.7943
2;3;1;-17.9668;-0.624378
3;3;1;4.19245;0.171357
0;3;1;0.2865;-10.7736
1;3.5;1;-0.398862;32.6343
2;3;1;-5.94966;-0.793288
3;3;1;3.56964;0.173775
0;3;1;-0.1132;-3.45764
1;3.5;1;-0.786761;27.0312
2;3;1;-5.7106;-0.400027
3;3;1;4.58127;-0.104625
0;3;1;-0.793791;0.104644
1;3.5;1;-0.685958;27.0809
2;3;1;-9.55286;-0.8269
3;3;1;5.7684;0.506602
0;3;1;1.20086;-6.61039
1;3.5;1;-0.406644;10.5155
2;3;1;-2.43679;-0.793768
3;3;1;7.30791;-0.510483
0;3;1;0.0109662;-9.62891
1;3.5;1;0.149178;-1.00793
2;3;1;-12.8612;-0.564648
3;3;1;17.8751;0.619236
0;3;1;-0.380742;-9.01436
1;3.5;1;-0.173754;11.8452
2;3;1;-7.27857;-0.393824
3;3;1;13.8181;0.40154
0;3;1.2;0.00109044;-8.49986
1;3.5;1.2;0.22644;8.04354
2;3;1.2;-8.54666;-0.620707
3;3;1.2;19.5016;0.819708
0;3;1.2;0.456589;-11.2368
1;3.5;1.2;-0.228194;13.8794
2;3;1.2;-9.00879;-0.232014
3;3;1.2;20.8266;0.450365
0;3;1.2;-0.959787;0.0587958
1;3.5;1.2;-1.20138;14.177
2;3;1.2;-10.4333;0.776099
3;3;1.2;0.268431;0.044973
0;3;1.2;-0.0985869;-8.76061
1;3.5;1.2;-0.479706;30.4766
2;3;1.2;-12.4793;-3.77932
3;3;1.2;25.4311;1.10139
0;3;1.2;0.269046;-8.61616
1;3.5;1.2;0.147277;23.3369
2;3;1.2;0.136789;-0.595668
3;3;1.2;8.57385;0.362304
0;3;1.2;-0.446881;-5.20262
1;3.5;1.2;0.119443;0.176235
2;3;1.2;-219.684;-7.23963
3;3;1.2;0.63264;-0.232652
0;3;1.2;0.342674;-25.6237
1;3.5;1.2;-0.67689;25.4042
2;3;1.2;-8.71774;-0.717447
3;3;1.2;18.9136;0.628918
0;3;1.2;-0.163584;-8.20406
1;3.5;1.2;-0.778019;15.1938
2;3;1.2;-12.9181;-1.13321
3;3;1.2;6.3866;0.0558786
0;3;1.2;0.338113;-1.24475
1;3.5;1.2;0.0538309;-0.171478
2;3;1.2;-7.64369;-0.399001
3;3;1.2;13.3135;0.237944
0;3;1.2;0.283808;-22.4412
1;3.5;1.2;-0.290158;0.457721
2;3;1.2;-5.94459;-3.11017
3;3;1.2;23.3862;0.937718
0;3;1.2;0.0655008;-10.2125
1;3.5;1.2;-1.2851;33.1577
2;3;1.2;-14.8062;-0.828339
3;3;1.2;9.26034;0.397683
0;3;1.2;0.494591;-30.7166
1;3.5;1.2;0.360086;20.8887
2;3;1.2;-13.4932;-0.471624
3;3;1.2;21.7935;0.714132
0;3;1.2;-0.221218;0.286495
1;3.5;1.2;-0.521685;5.2543
2;3;1.2;-12.0224;-0.468634
3;3;1.2;15.2156;0.306087
0;3;1.2;-0.00430383;-17.9862
1;3.5;1.2;-0.524435;0.165322
2;3;1.2;-19.8212;-0.932597
3;3;1.2;6.37309;0.0501515
0;3;1.2;-0.64859;-9.91016
1;3.5;1.2;-0.38318;-0.128547
2;3;1.2;-16.2323;-1.0269
3;3;1.2;24.009;0.805116
0;3;1.2;0.161314;-29.1848
1;3.5;1.2;-0.513183;30.9863
2;3;1.2;-5.98498;0.260776
3;3;1.2;24.0994;0.597935
0;3;1.2;0.293281;-33.3963
1;3.5;1.2;-0.237044;0.46428
2;3;1.2;-17.0125;0.117824
3;3;1.2;0.226222;0.170611
0;3;1.2;0.171114;-23.3766
1;3.5;1.2;-0.285111;33.4132
2;3;1.2;-8.94073;-0.809225
3;3;1.2;0.905731;0.115036
0;3;1.2;1.07334;-13.2969
1;3.5;1.2;0.0644327;17.9204
2;3;1.2;-7.52492;-0.221393
3;3;1.2;14.2441;0.572595
0;3;1.2;0.50104;-30.2383
1;3.5;1.2;-0.281351;29.7589
2;3;1.2;-5.26006;-0.506725
3;3;1.2;15.2703;0.670795
0;3;1.4;0.225402;-13.2865
1;3.5;1.4;-0.34659;41.2066
2;3;1.4;-11.7903;-0.734239
3;3;1.4;20.231;0.625611
0;3;1.4;1.07764;-33.2125
1;3.5;1.4;0.343381;29.8409
2;3;1.4;0.73926;-0.0639198
3;3;1.4;12.6942;0.294196
0;3;1.4;0.680942;-33.4309
1;3.5;1.4;-0.398436;32.8215
2;3;1.4;-17.2165;-0.565515
3;3;1.4;0.509149;0.0562626
0;3;1.4;0.958189;-21.9769
1;3.5;1.4;0.116725;23.2241
2;3;1.4;-6.3878;-0.126655
3;3;1.4;20.7074;0.903691
0;3;1.4;0.62487;-9.78944
1;3.5;1.4;0.628658;0.293578
2;3;1.4;-13.5852;-3.11484
3;3;1.4;25.7255;0.90749
0;3;1.4;1.27329;-26.534
1;3.5;1.4;-0.230116;34.2005
2;3;1.4;-0.942676;-0.507927
3;3;1.4;9.52307;0.510659
0;3;1.4;0.855994;-21.471
1;3.5;1.4;0.0512975;30.3466
2;3;1.4;-3.28776;0.0971352
3;3;1.4;26.2316;0.829386
0;3;1.4;-0.1823;-17.1068
1;3.5;1.4;-0.576955;19.4825
2;3;1.4;-11.8417;-0.512289
3;3;1.4;15.4062;0.510103
0;3;1.4;0.52772;-41.025
1;3.5;1.4;0.0136396;0.217372
2;3;1.4;-5.06325;-0.221011
3;3;1.4;-0.688692;0.0993751
0;3;1.4;0.22516;-22.5848
1;3.5;1.4;0.283488;15.2427
2;3;1.4;-11.444;-0.680566
3;3;1.4;22.8304;0.452708
0;3;1.4;-0.16682;-9.75238
1;3.5;1.4;-0.345321;8.33212
2;3;1.4;-14.101;0.544813
3;3;1.4;26.173;0.901216
0;3;1.4;-0.110839;-22.555
1;3.5;1.4;-0.290016;14.0373
2;3;1.4;-18.5722;-0.741943
3;3;1.4;-0.0145072;0.477889
0;3;1.4;0.173545;-27.3562
1;3.5;1.4;-0.438672;36.0499
2;3;1.4;-10.1406;-0.438897
3;3;1.4;17.874;0.573727
0;3;1.4;0.166028;-6.80312
1;3.5;1.4;-0.942441;37.1953
2;3;1.4;-231.634;-7.13824
3;3;1.4;19.4846;0.503335
0;3;1.4;-0.171146;0.0932938
1;3.5;1.4;-0.624354;28.2301
2;3;1.4;-234.227;-8.85323
3;3;1.4;0.797463;0.0285351
0;3;1.4;0.550828;-31.9483
1;3.5;1.4;-0.52666;26.7294
2;3;1.4;-18.1366;-0.800915
3;3;1.4;7.40583;0.384626
0;3;1.4;-1.29001;-22.2414
1;3.5;1.4;0.101676;18.4494
2;3;1.4;-16.3873;-0.739831
3;3;1.4;15.6572;0.797218
0;3;1.4;0.107106;0.168937
1;3.5;1.4;-1.06346;41.975
2;3;1.4;-15.3889;-1.08243
3;3;1.4;23.9276;0.863076
0;3;1.4;0.24535;-22.9404
1;3.5;1.4;-0.318933;26.4692
2;3;1.4;-0.222582;-0.00414188
3;3;1.4;16.003;0.731916
0;3;1.4;-0.165483;-14.1569
1;3.5;1.4;-0.568238;30.9892
2;3;1.4;0.11549;-0.777391
3;3;1.4;21.3537;0.581122
0;3;1.6;0.516951;-29.594
1;3.5;1.6;-0.903205;49.1962
2;3;1.6;-18.9044;-0.853902
3;3;1.6;23.0521;0.617822
0;3;1.6;0.338555;-25.5012
1;3.5;1.6;-0.21929;25.5203
2;3;1.6;-15.709;-1.20012
3;3;1.6;22.4369;0.291351
0;3;1.6;0.28344;-14.658
1;3.5;1.6;-0.500162;22.765
2;3;1.6;-236.884;-9.4433
3;3;1.6;0.0412723;0.0539132
0;3;1.6;1.94339;-35.5089
1;3.5;1.6;0.0972851;40.174
2;3;1.6;0.217447;-0.113256
3;3;1.6;11.5107;0.398227
0;3;1.6;-1.81829;-25.6006
1;3.5;1.6;-0.582239;47.1212
2;3;1.6;-12.8393;-21.8811
3;3;1.6;0.706769;1.50307
0;3;1.6;-2.21768;-39.7775
1;3.5;1.6;-0.679834;20.1525
2;3;1.6;-20.6889;-1.03202
3;3;1.6;26.3462;1.26816
0;3;1.6;2.20426;-40.06
1;3.5;1.6;-0.694191;29.2021
2;3;1.6;-17.487;-1.07996
3;3;1.6;0.394304;-0.281593
0;3;1.6;0.0800734;-29.1598
1;3.5;1.6;-0.329191;32.2199
2;3;1.6;-25.5481;-1.17281
3;3;1.6;20.0506;0.786637
0;3;1.6;0.567045;-25.7412
1;3.5;1.6;-0.112697;46.1991
2;3;1.6;-18.215;-0.849234
3;3;1.6;0.734542;-0.1142
0;3;1.6;-0.445413;-41.8745
1;3.5;1.6;-0.0986414;40.1681
2;3;1.6;-22.4464;-1.07705
3;3;1.6;22.112;0.787605
0;3;1.6;0.10423;-28.6152
1;3.5;1.6;-1.05294;40.0934
2;3;1.6;-25.9543;-1.52478
3;3;1.6;20.4367;0.850867
0;3;1.6;-0.277968;-40.7726
1;3.5;1.6;-0.855212;27.7579
2;3;1.6;-9.11252;-0.50933
3;3;1.6;19.7174;0.678896
0;3;1.6;-0.238128;-0.0562387
1;3.5;1.6;-0.423645;44.7508
2;3;1.6;-22.3622;-0.811301
3;3;1.6;32.9591;1.06864
0;3;1.6;-0.283201;-24.3385
1;3.5;1.6;-0.472132;37.4151
2;3;1.6;-14.9416;-0.562376
3;3;1.6;21.1113;0.283395
0;3;1.6;-0.0903527;-34.3383
1;3.5;1.6;-0.460159;0.573908
2;3;1.6;-12.8297;-4.27394
3;3;1.6;27.7885;0.671712
0;3;1.6;0.795718;-27.5659
1;3.5;1.6;-0.599777;17.4985
2;3;1.6;-19.2704;-1.24802
3;3;1.6;19.3444;0.682546
0;3;1.6;-0.368848;-22.509
1;3.5;1.6;-1.27739;11.6062
2;3;1.6;-7.63878;-0.451883
3;3;1.6;15.9826;0.399728
0;3;1.6;0.280853;-17.6821
1;3.5;1.6;-0.116411;20.133
2;3;1.6;-6.06148;-0.705372
3;3;1.6;-0.102013;0.0672722
0;3;1.6;-0.336542;-18.3832
1;3.5;1.6;-2.26498;31.9063
2;3;1.6;-14.8694;-1.37462
3;3;1.6;14.0232;-0.29428
0;3;1.6;-0.455249;-35.9066
1;3.5;1.6;-0.769438;18.326
2;3;1.6;-23.5451;-0.906571
3;3;1.6;28.06;1.07889
0;3;1.8;-9.1751;-26.3174
1;3.5;1.8;-0.0567506;3.11373
2;3;1.8;-15.7879;-0.677579
3;3;1.8;36.716;1.52346
0;3;1.8;0.326517;-19.5754
1;3.5;1.8;0.0172951;42.2284
2;3;1.8;-24.5672;-1.24904
3;3;1.8;33.6943;1.31503
0;3;1.8;-7.55549;-37.4473
1;3.5;1.8;-1.38349;50.0365
2;3;1.8;-17.6148;-0.633199
3;3;1.8;35.3397;1.45374
0;3;1.8;-1.02533;-0.121054
1;3.5;1.8;-0.0734661;8.72856
2;3;1.8;-0.0348714;-0.336645
3;3;1.8;31.4024;1.07447
0;3;1.8;-0.22464;0.0571951
1;3.5;1.8;0.227562;29.4288
2;3;1.8;-22.1117;-1.20566
3;3;1.8;38.0526;1.53
0;3;1.8;0.885261;-36.8963
1;3.5;1.8;-0.126338;49.1912
2;3;1.8;-12.9823;-0.382194
3;3;1.8;26.5542;0.821673
0;3;1.8;0.625837;-46.6667
1;3.5;1.8;-0.179199;31.6052
2;3;1.8;-25.6982;-1.07032
3;3;1.8;6.26705;0.277687
0;3;1.8;-0.167947;-15.8049
1;3.5;1.8;0.792327;-1.30616
2;3;1.8;-15.2236;-0.745615
3;3;1.8;29.725;0.85885
0;3;1.8;0.657887;-46.1379
1;3.5;1.8;0.17333;40.2543
2;3;1.8;-30.8627;-1.51167
3;3;1.8;24.7629;0.770011
0;3;1.8;0.2853;-45.1065
1;3.5;1.8;-0.034514;44.7525
2;3;1.8;-0.30312;1.45061
3;3;1.8;34.3016;1.37296
0;3;1.8;-0.215756;-32.5202
1;3.5;1.8;-0.505441;10.8823
2;3;1.8;-31.4698;-1.47588
3;3;1.8;-0.258328;0.0423221
0;3;1.8;-0.458353;-28.7132
1;3.5;1.8;-0.217886;28.2323
2;3;1.8;-21.8363;-0.791035
3;3;1.8;31.9452;0.924747
0;3;1.8;-0.453649;0.0349643
1;3.5;1.8;-0.117296;32.3317
2;3;1.8;-19.3589;-1.01058
3;3;1.8;29.1109;1.14007
0;3;1.8;-0.226404;-0.113202
1;3.5;1.8;-4.55698;380.687
2;3;1.8;-25.6798;-27.5532
3;3;1.8;42.1176;1.52039
0;3;1.8;-8.08844;-27.5967
1;3.5;1.8;0.0473286;0.866107
2;3;1.8;-14.3081;0.955273
3;3;1.8;25.4431;0.641377
0;3;1.8;0.168833;-51.274
1;3.5;1.8;-0.344607;27.0826
2;3;1.8;-30.4047;-2.21177
3;3;1.8;25.8982;0.788335
0;3;1.8;-0.3397;-19.5007
1;3.5;1.8;0.10757;31.678
2;3;1.8;0.0661291;-0.296031
3;3;1.8;29.6049;1.29136
0;3;1.8;0.361322;-50.2111
1;3.5;1.8;-0.0769686;32.4369
2;3;1.8;-22.6505;-0.962988
3;3;1.8;18.4959;0.454671
0;3;1.8;-0.152333;-21.3838
1;3.5;1.8;-0.0121659;15.2356
2;3;1.8;-0.369732;-1.03802
3;3;1.8;29.6104;0.587603
0;3;1.8;0.0676868;0.220581
1;3.5;1.8;0.2932;37.9857
2;3;1.8;-20.2957;-0.964075
3;3;1.8;20.7852;0.566477
0;3;2;0.76468;-42.2296
1;3.5;2;-0.272638;65.6865
2;3;2;-35.762;-1.09841
3;3;2;46.2151;1.82488
0;3;2;0.149309;-53.6002
1;3.5;2;-0.408863;44.5258
2;3;2;-18.6982;-0.632348
3;3;2;33.5767;1.48345
0;3;2;0.904735;-27.3682
1;3.5;2;0.227286;55.0296
2;3;2;0.788546;-0.624988
3;3;2;34.8951;1.00365
0;3;2;1.44454;-50.7268
1;3.5;2;-1.12676;54.819
2;3;2;-33.1242;0.340547
3;3;2;40.835;1.39903
0;3;2;-0.161096;-42.0465
1;3.5;2;-1.08077;46.5877
2;3;2;-30.6504;-1.64006
3;3;2;0.199469;-0.281759
0;3;2;0.113277;-32.737
1;3.5;2;-0.703347;22.094
2;3;2;-27.0452;-1.29081
3;3;2;23.7533;0.888858
0;3;2;0.446815;-58.8985
1;3.5;2;-0.555466;50.7329
2;3;2;-33.3952;-1.58537
3;3;2;46.828;1.58217
0;3;2;0.227786;-0.00354771
1;3.5;2;-0.0594243;31.0203
2;3;2;-19.1224;-1.13093
3;3;2;44.5824;1.74947
0;3;2;-8.0533;-47.5878
1;3.5;2;0.110244;25.3349
2;3;2;-15.3934;-0.621822
3;3;2;46.3168;1.89168
0;3;2;1.64479;-58.9603
1;3.5;2;-0.777227;41.5241
2;3;2;-17.2214;-0.90381
3;3;2;41.8306;1.62464
0;3;2;0.22837;-48.2021
1;3.5;2;-0.399467;50.6651
2;3;2;-26.4476;-1.30374
3;3;2;27.6944;0.737462
0;3;2;0.607338;-47.631
1;3.5;2;-5.78341;407.563
2;3;2;-29.9404;-3.04712
3;3;2;1.02202;0.0549661
0;3;2;-5.15037;-59.3426
1;3.5;2;-0.52213;30.7741
2;3;2;-29.7635;-1.26284
3;3;2;29.8993;1.11231
0;3;2;0.299013;0.0453861
1;3.5;2;0.0515933;39.8086
2;3;2;-23.4501;-1.14982
3;3;2;0.646451;-1.20644
0;3;2;1.5432;-58.1212
1;3.5;2;0.332143;7.26587
2;3;2;-26.7157;-0.399989
3;3;2;34.4872;1.59852
0;3;2;6.19107;-419.859
1;3.5;2;-0.229749;0.523853
2;3;2;-28.0746;-0.987557
3;3;2;41.3839;1.31385
0;3;2;-0.0398716;-54.8869
1;3.5;2;-1.10021;38.6264
2;3;2;-17.9748;-1.23704
3;3;2;0.718934;0.316758
0;3;2;0.450778;-40.2772
1;3.5;2;-0.581994;28.0341
2;3;2;-34.1566;-1.41885
3;3;2;40.0943;1.09909
0;3;2;0.22639;-27.4498
1;3.5;2;-1.27926;51.2561
2;3;2;-20.3219;-1.59825
3;3;2;41.7497;1.3002
0;3;2;0.937827;-59.1819
1;3.5;2;-0.1991;45.4781
2;3;2;-22.477;-1.19034
3;3;2;45.2902;1.56087
0;3;2.2;0.241238;-65.742
1;3.5;2.2;-0.761616;62.6029
2;3;2.2;-33.9608;-1.13114
3;3;2.2;49.6202;2.04343
0;3;2.2;-0.105591;-61.7892
1;3.5;2.2;0.32679;1.21444
2;3;2.2;-37.777;-2.4248
3;3;2.2;27.9544;0.944977
0;3;2.2;1.03434;-60.9258
1;3.5;2.2;-0.406885;61.7179
2;3;2.2;-37.6558;0.0354842
3;3;2.2;1.01705;-0.013943
0;3;2.2;-3.07161;-57.8231
1;3.5;2.2;-0.701773;62.9386
2;3;2.2;-14.5139;-0.926476
3;3;2.2;51.7861;1.85206
0;3;2.2;0.859066;-49.94
1;3.5;2.2;-0.395555;52.0632
2;3;2.2;-227.667;-8.09947
3;3;2.2;30.2032;0.99866
0;3;2.2;0.66601;-61.8584
1;3.5;2.2;-0.659844;64.514
2;3;2.2;-23.9209;-1.30125
3;3;2.2;45.6305;1.59178
0;3;2.2;6.25555;-374.143
1;3.5;2.2;0.259487;1.41045
2;3;2.2;-28.7402;-1.62038
3;3;2.2;40.0626;1.42847
0;3;2.2;0.229782;-59.9603
1;3.5;2.2;-0.286757;35.4627
2;3;2.2;-31.7037;-1.20046
3;3;2.2;35.8191;1.47439
0;3;2.2;0.0801605;-54.9667
1;3.5;2.2;-0.551466;62.2401
2;3;2.2;-28.738;-1.58799
3;3;2.2;37.8515;1.19097
0;3;2.2;0.120458;-55.5609
1;3.5;2.2;-1.31208;54.8711
2;3;2.2;0.0541799;-0.673698
3;3;2.2;37.9181;1.23041
0;3;2.2;0.423308;-60.3601
1;3.5;2.2;-0.896642;54.3557
2;3;2.2;-27.2099;-2.32579
3;3;2.2;49.2754;1.43338
0;3;2.2;0.780927;-48.9262
1;3.5;2.2;-0.787676;65.5891
2;3;2.2;-36.2035;-2.22007
3;3;2.2;44.2271;1.43462
0;3;2.2;0.992146;-52.7112
1;3.5;2.2;-0.134921;24.6627
2;3;2.2;-33.2416;-1.3532
3;3;2.2;42.6042;1.34423
0;3;2.2;0.322565;-44.4556
1;3.5;2.2;0.214139;-0.183
2;3;2.2;-229.275;-6.29035
3;3;2.2;39.2178;1.37204
0;3;2.2;0.00117363;-22.8583
1;3.5;2.2;-0.625835;35.6395
2;3;2.2;-36.0425;-1.76212
3;3;2.2;0.496118;-0.147666
0;3;2.2;-3.80057;-60.8669
1;3.5;2.2;-0.772061;40.4361
2;3;2.2;-36.5391;0.418464
3;3;2.2;47.8921;1.77492
0;3;2.2;0.821628;-62.7486
1;3.5;2.2;-0.991781;67.2803
2;3;2.2;-34.419;-1.68431
3;3;2.2;34.9993;1.26619
0;3;2.2;-0.0908187;-21.9967
1;3.5;2.2;-0.0439075;15.4708
2;3;2.2;-37.0482;0.0678708
3;3;2.2;1.84286;0.166951
0;3;2.2;0.191668;-62.9451
1;3.5;2.2;-0.0751641;34.1749
2;3;2.2;-32.8848;-1.68526
3;3;2.2;46.8359;1.66028
0;3;2.2;0.740174;-66.4499
1;3.5;2.2;-6.1229;430.65
2;3;2.2;-26.8447;-2.22998
3;3;2.2;0.409127;-0.0950758
0;3;2.4;-2.78016;-69.1399
1;3.5;2.4;-0.449732;42.8534
2;3;2.4;-38.3462;-2.03701
3;3;2.4;49.4731;1.45644
0;3;2.4;0.694083;-50.2613
1;3.5;2.4;-1.45337;65.4934
2;3;2.4;-37.1704;-2.00686
3;3;2.4;45.585;1.27143
0;3;2.4;0.128454;-60.0272
1;3.5;2.4;-1.0365;70.5673
2;3;2.4;1.17855;-0.244867
3;3;2.4;41.6207;1.32546
0;3;2.4;0.0991212;-0.0706886
1;3.5;2.4;-0.561367;55.5695
2;3;2.4;-43.3682;-1.83915
3;3;2.4;42.9494;2.53224
0;3;2.4;-0.072476;-44.175
1;3.5;2.4;-5.83682;360.084
2;3;2.4;0.454283;-0.475938
3;3;2.4;39.2853;1.29703
0;3;2.4;-0.0567402;-43.7467
1;3.5;2.4;-0.619148;57.389
2;3;2.4;-37.206;-2.35072
3;3;2.4;29.7202;1.08659
0;3;2.4;0.00527915;-56.4334
1;3.5;2.4;-0.175169;-0.106781
2;3;2.4;-36.1657;-1.35729
3;3;2.4;51.1647;2.02872
0;3;2.4;0.544214;-68.009
1;3.5;2.4;0.797996;70.7268
2;3;2.4;-30.8984;-1.77433
3;3;2.4;45.7126;1.26145
0;3;2.4;0.456868;-70.0637
1;3.5;2.4;-1.02716;66.7505
2;3;2.4;-32.1029;-1.07792
3;3;2.4;37.4397;1.77368
0;3;2.4;2.0623;-70.0289
1;3.5;2.4;-7.39075;434.483
2;3;2.4;-40.6751;-2.20427
3;3;2.4;55.3168;1.43196
0;3;2.4;0.910245;-48.971
1;3.5;2.4;0.00653623;54.0736
2;3;2.4;-38.9048;-2.20922
3;3;2.4;52.3909;2.5692
0;3;2.4;1.52333;-60.2189
1;3.5;2.4;-0.786841;70.2317
2;3;2.4;-31.7555;-1.12493
3;3;2.4;40.4219;1.5255
0;3;2.4;-0.213397;-45.8923
1;3.5;2.4;-1.04158;45.1252
2;3;2.4;-35.0641;-2.66273
3;3;2.4;41.65;1.63702
0;3;2.4;0.149354;-48.4694
1;3.5;2.4;-0.919174;67.2028
2;3;2.4;-22.1884;0.257013
3;3;2.4;39.44;1.30598
0;3;2.4;0.440446;-62.3569
1;3.5;2.4;-0.505233;36.4533
2;3;2.4;-39.5779;-1.8708
3;3;2.4;52.9149;1.47698
0;3;2.4;0.512073;-56.4493
1;3.5;2.4;-0.225352;0.336261
2;3;2.4;-38.1564;0.0642512
3;3;2.4;31.6631;1.23701
0;3;2.4;-0.126998;-0.131167
1;3.5;2.4;-0.207158;23.0604
2;3;2.4;0.425341;-0.594283
3;3;2.4;32.7297;1.05994
0;3;2.4;0.991729;-63.8737
1;3.5;2.4;-1.0489;62.793
2;3;2.4;-33.5563;-1.46458
3;3;2.4;0.983459;-0.179359
0;3;2.4;0.619547;-63.97
1;3.5;2.4;-0.0921652;69.3168
2;3;2.4;-36.3868;1.24305
3;3;2.4;46.7433;1.7052
0;3;2.4;-0.470924;-44.0083
1;3.5;2.4;-7.65776;412.545
2;3;2.4;-31.5989;14.643
3;3;2.4;39.8768;1.85686
0;3;2.6;2.22518;-67.4169
1;3.5;2.6;-0.863489;1.9077
2;3;2.6;-43.1146;-0.505449
3;3;2.6;56.4246;1.87263
0;3;2.6;1.30428;-72.3635
1;3.5;2.6;-0.3968;70.1785
2;3;2.6;-32.0298;-1.57819
3;3;2.6;40.2523;1.5365
0;3;2.6;0.4941;-15.8665
1;3.5;2.6;-0.506307;77.4762
2;3;2.6;-38.1577;-2.28115
3;3;2.6;52.6225;1.81398
0;3;2.6;-0.952845;-62.9739
1;3.5;2.6;-0.868642;68.4187
2;3;2.6;-36.21;-0.882598
3;3;2.6;23.8339;1.07704
0;3;2.6;1.46917;-43.5302
1;3.5;2.6;-0.0873206;68.6807
2;3;2.6;-33.7432;-1.9892
3;3;2.6;55.6893;3.10429
0;3;2.6;0.383769;0.399348
1;3.5;2.6;-0.41353;60.3395
2;3;2.6;-41.5363;-1.97788
3;3;2.6;50.7667;1.85979
0;3;2.6;-0.0907357;-72.5885
1;3.5;2.6;-0.714379;-0.0478865
2;3;2.6;-27.5218;-7.14198
3;3;2.6;329.2;10.4742
0;3;2.6;0.927391;-75.7963
1;3.5;2.6;-0.31237;55.2893
2;3;2.6;0.514612;-0.156698
3;3;2.6;55.3624;1.79551
0;3;2.6;7.23438;-469.886
1;3.5;2.6;-0.603468;0.633244
2;3;2.6;-41.8309;-0.0457873
3;3;2.6;56.6954;2.25647
0;3;2.6;-0.166657;-64.849
1;3.5;2.6;-1.07811;51.5823
2;3;2.6;0.169363;-0.623195
3;3;2.6;50.7235;1.59211
0;3;2.6;1.06085;-76.9924
1;3.5;2.6;-0.229687;5.84671
2;3;2.6;-44.3318;-0.476095
3;3;2.6;0.406533;-0.0535611
0;3;2.6;0.180848;-75.7864
1;3.5;2.6;0.222353;19.5197
2;3;2.6;-0.345193;1.34112
3;3;2.6;45.0842;1.48451
0;3;2.6;-0.40483;-0.18263
1;3.5;2.6;-0.431241;76.6209
2;3;2.6;0.329874;-0.808782
3;3;2.6;47.3113;1.44538
0;3;2.6;0.592117;-64.0437
1;3.5;2.6;-0.589306;71.971
2;3;2.6;-30.9426;-2.37866
3;3;2.6;56.9272;2.03893
0;3;2.6;-0.732875;-46.7698
1;3.5;2.6;-1.14023;48.0015
2;3;2.6;-240.495;-8.05912
3;3;2.6;64.2797;2.12718
0;3;2.6;-0.443929;-0.0050049
1;3.5;2.6;-1.1979;67.5576
2;3;2.6;-47.175;-2.42458
3;3;2.6;51.6445;1.58528
0;3;2.6;0.889448;-67.4616
1;3.5;2.6;-0.428569;76.4187
2;3;2.6;-16.5726;-1.24082
3;3;2.6;43.4475;1.43892
0;3;2.6;1.89539;-73.6813
1;3.5;2.6;-0.71069;63.2471
2;3;2.6;-40.069;-2.14577
3;3;2.6;35.5084;1.16517
0;3;2.6;0.245802;-72.4941
1;3.5;2.6;-0.663637;67.0734
2;3;2.6;-36.6848;-1.66446
3;3;2.6;57.9549;1.55008
0;3;2.6;0.572751;-49.549
1;3.5;2.6;-0.185423;64.8424
2;3;2.6;-38.9806;-1.85622
3;3;2.6;40.4215;1.31521
0;3;2.8;0.390154;-45.6538
1;3.5;2.8;-0.381036;1.08947
2;3;2.8;-40.8598;-2.09471
3;3;2.8;61.9278;1.77905
0;3;2.8;0.192669;-85.3567
1;3.5;2.8;-1.15909;39.0035
2;3;2.8;-43.5309;-0.290072
3;3;2.8;63.9742;2.12845
0;3;2.8;0.275549;-69.3352
1;3.5;2.8;-0.963222;75
2;3;2.8;-46.6237;-3.25687
3;3;2.8;52.6543;1.68645
0;3;2.8;2.24803;-74.5708
1;3.5;2.8;-0.895133;1.67178
2;3;2.8;-40.9829;-0.495689
3;3;2.8;53.6507;1.72122
0;3;2.8;-0.104263;0.289862
1;3.5;2.8;-1.36059;69.3206
2;3;2.8;-0.369498;-1.7785
3;3;2.8;52.8438;0.311173
0;3;2.8;4.88863;-84.7335
1;3.5;2.8;-1.60637;60.808
2;3;2.8;-33.6716;0.256461
3;3;2.8;2.26695;0.169633
0;3;2.8;-6.5738;-69.9897
1;3.5;2.8;-0.572414;52.9292
2;3;2.8;-34.8559;-1.0909
3;3;2.8;61.7067;2.29467
0;3;2.8;-0.985171;0.159857
1;3.5;2.8;-0.439159;41.6066
2;3;2.8;-35.7126;-1.9753
3;3;2.8;44.3893;1.53011
0;3;2.8;0.877077;-78.9468
1;3.5;2.8;-0.415432;41.6123
2;3;2.8;-38.4149;-2.09916
3;3;2.8;61.8207;2.37329
0;3;2.8;-1.02462;-0.396654
1;3.5;2.8;-1.72057;81.9293
2;3;2.8;-39.2655;-0.604015
3;3;2.8;68.0302;2.31128
0;3;2.8;0.179754;-75.3111
1;3.5;2.8;-0.366966;0.0907544
2;3;2.8;-39.2132;-0.200557
3;3;2.8;52.7306;1.70978
0;3;2.8;-7.52721;-85.9647
1;3.5;2.8;-0.588067;49.9424
2;3;2.8;-47.53;-1.45785
3;3;2.8;58.3643;2.20125
0;3;2.8;0.459201;-77.7128
1;3.5;2.8;-0.565357;55.6373
2;3;2.8;-44.2126;-1.77131
3;3;2.8;31.884;1.45182
0;3;2.8;1.65798;-89.4505
1;3.5;2.8;-0.648865;51.742
2;3;2.8;-42.4689;-3.23929
3;3;2.8;36.5182;1.3976
0;3;2.8;0.638573;-58.6279
1;3.5;2.8;-0.584021;63.2946
2;3;2.8;-36.4645;-1.97901
3;3;2.8;0.848438;0.114066
0;3;2.8;0.947883;-78.9254
1;3.5;2.8;-0.586778;88.2144
2;3;2.8;-43.418;-2.88932
3;3;2.8;52.3718;2.06142
0;3;2.8;1.33007;-84.4065
1;3.5;2.8;-1.76786;103.76
2;3;2.8;-39.4052;-0.0380476
3;3;2.8;68.0634;2.17932
0;3;2.8;-9.5103;-66.9215
1;3.5;2.8;-0.47619;52.0644
2;3;2.8;-43.6906;-1.6111
3;3;2.8;64.2407;2.29658
0;3;2.8;-0.759011;-0.318974
1;3.5;2.8;-0.394662;86.1322
2;3;2.8;-236.528;-8.35273
3;3;2.8;53.1694;2.20674
0;3;2.8;0.237505;-60.0933
1;3.5;2.8;-2.33365;88.8022
2;3;2.8;-44.1694;-1.63684
3;3;2.8;57.8642;1.79577
0;3;3;-1.19611;0.0990746
1;3.5;3;-0.279988;0.290001
2;3;3;-41.2722;-1.64042
3;3;3;71.8299;2.96583
0;3;3;1.21717;-88.0507
1;3.5;3;-0.870226;78.1596
2;3;3;-42.1614;-1.51272
3;3;3;52.9421;1.72846
0;3;3;6.73594;-389.525
1;3.5;3;-1.00575;35.9887
2;3;3;-40.1202;-0.363498
3;3;3;70.502;2.26507
0;3;3;1.43821;-81.2934
1;3.5;3;0.0362561;72.4208
2;3;3;-45.3858;-19.2021
3;3;3;59.4561;2.33521
0;3;3;1.22621;-78.205
1;3.5;3;-0.493944;46.9469
2;3;3;-40.3859;-0.68892
3;3;3;69.0799;2.39152
0;3;3;-0.735536;0.112146
1;3.5;3;-1.5835;99.0593
2;3;3;-43.7214;-2.8501
3;3;3;68.5579;2.07842
0;3;3;1.01486;-62.4778
1;3.5;3;-0.627998;71.9428
2;3;3;-46.3392;-2.09825
3;3;3;333.492;10.0012
0;3;3;1.19124;-66.7078
1;3.5;3;1.06631;1.78569
2;3;3;-46.0758;-2.04011
3;3;3;65.2471;2.55993
0;3;3;-0.693757;-0.0565258
1;3.5;3;-1.2827;87.384
2;3;3;0.212993;-0.75234
3;3;3;57.7503;2.09564
0;3;3;-0.562661;-0.110819
1;3.5;3;-0.793593;71.1955
2;3;3;-51.1649;-0.482352
3;3;3;57.1171;1.74606
0;3;3;-0.798083;-0.00881598
1;3.5;3;-1.39179;91.8999
2;3;3;-42.5781;-1.7911
3;3;3;69.496;2.35803
0;3;3;0.818004;-82.971
1;3.5;3;-0.584364;60.6086
2;3;3;-49.7554;-0.607485
3;3;3;65.0088;2.36787
0;3;3;1.76715;-59.2132
1;3.5;3;-1.08579;91.0604
2;3;3;-45.5683;-2.03149
3;3;3;70.1011;2.21901
0;3;3;0.175634;-66.7638
1;3.5;3;-1.93627;69.9005
2;3;3;-47.2035;-2.37773
3;3;3;64.0434;2.1199
0;3;3;-1.19509;-5.10727
1;3.5;3;-0.871875;77.8999
2;3;3;-40.5885;-3.19742
3;3;3;60.6783;2.21378
0;3;3;1.41379;-78.3347
1;3.5;3;-1.07088;93.0189
2;3;3;-52.7323;-0.293745
3;3;3;1.63952;0.404713
0;3;3;-7.41998;-72.4128
1;3.5;3;-0.571173;81.3654
2;3;3;-52.1497;-0.480066
3;3;3;58.0344;1.78129
0;3;3;-0.238799;-63.6591
1;3.5;3;-1.66518;89.6602
2;3;3;-42.3712;-0.74212
3;3;3;71.8891;2.56507
0;3;3;1.15636;-79.6313
1;3.5;3;-0.11536;0.628915
2;3;3;-50.5852;-0.489451
3;3;3;70.1965;2.53877
0;3;3;-5.84614;-78.6276
1;3.5;3;-0.18149;60.3436
2;3;3;-45.5326;-0.483226
3;3;3;70.1399;2.81368
0;3;3.2;1.32683;-85.3236
1;3.5;3.2;-1.26935;45.7525
2;3;3.2;-43.4106;-1.31403
3;3;3.2;60.3088;2.11721
0;3;3.2;1.09069;-98.9436
1;3.5;3.2;-1.37845;96.4681
2;3;3.2;-45.269;-2.45215
3;3;3.2;72.9015;2.80045
0;3;3.2;1.37224;-85.7961
1;3.5;3.2;-0.342423;73.1818
2;3;3.2;-38.9628;-1.86654
3;3;3.2;60.9192;1.98639
0;3;3.2;1.23369;-91.4239
1;3.5;3.2;-7.62313;424.38
2;3;3.2;0.495595;-0.516391
3;3;3.2;55.5732;1.73057
0;3;3.2;-0.567058;0.161834
1;3.5;3.2;-0.516005;96.333
2;3;3.2;-47.137;-3.25148
3;3;3.2;68.2782;2.55521
0;3;3.2;2.38404;-83.5722
1;3.5;3.2;-1.04807;66.1528
2;3;3.2;-56.2105;15.2012
3;3;3.2;72.5558;2.58604
0;3;3.2;1.04294;-59.5757
1;3.5;3.2;-1.64389;102.39
2;3;3.2;-232.05;-8.53523
3;3;3.2;73.9771;2.94095
0;3;3.2;-0.280523;0.00429009
1;3.5;3.2;-0.413317;33.1815
2;3;3.2;-47.1545;-0.139383
3;3;3.2;79.8095;2.6931
0;3;3.2;0.150402;-0.0102443
1;3.5;3.2;-1.6559;85.4062
2;3;3.2;-0.815769;-2.32488
3;3;3.2;55.2946;1.9302
0;3;3.2;-0.777283;0.343169
1;3.5;3.2;-0.416678;103.869
2;3;3.2;-48.6574;-3.64243
3;3;3.2;68.3532;2.29785
0;3;3.2;1.73751;-90.1599
1;3.5;3.2;-1.49311;99.5675
2;3;3.2;-55.3503;-2.73162
3;3;3.2;68.6391;2.52088
0;3;3.2;7.88761;-424.532
1;3.5;3.2;-2.08109;86.6949
2;3;3.2;-50.6794;-1.86551
3;3;3.2;69.321;2.29795
0;3;3.2;-0.16986;-81.8001
1;3.5;3.2;-0.169126;1.65515
2;3;3.2;-42.6755;0.261909
3;3;3.2;74.3339;2.7893
0;3;3.2;2.03012;-77.1865
1;3.5;3.2;0.0523755;-13.3711
2;3;3.2;-50.0297;-0.719661
3;3;3.2;0.841832;-0.0706971
0;3;3.2;0.426176;-86.6214
1;3.5;3.2;-2.27374;100.04
2;3;3.2;-34.9814;-1.69871
3;3;3.2;72.9634;3.32578
0;3;3.2;-0.437381;-87.748
1;3.5;3.2;-1.61522;53.2301
2;3;3.2;-48.6808;-2.20689
3;3;3.2;50.8029;1.86766
0;3;3.2;1.04608;-76.5626
1;3.5;3.2;-1.33868;103.015
2;3;3.2;-58.5713;-10.7716
3;3;3.2;0.219781;0.670418
0;3;3.2;2.71488;-89.9067
1;3.5;3.2;0.000339687;0.741937
2;3;3.2;-54.5737;-0.8405
3;3;3.2;72.1384;2.71397
0;3;3.2;1.32824;-74.2149
1;3.5;3.2;0.0340724;0.809409
2;3;3.2;-47.9534;-1.88212
3;3;3.2;0.113018;-0.0556833
0;3;3.2;1.05404;-89.7722
1;3.5;3.2;-0.817667;64.9015
2;3;3.2;-54.12;-2.12951
3;3;3.2;70.5648;3.0111
0;3;3.4;1.02752;-65.3844
1;3.5;3.4;0.961313;1.03854
2;3;3.4;-45.1749;-0.898057
3;3;3.4;323.873;11.1584
0;3;3.4;2.23808;-102.368
1;3.5;3.4;0.395732;0.824063
2;3;3.4;-51.8253;-2.02934
3;3;3.4;348.328;11.4669
0;3;3.4;2.08057;-98.7819
1;3.5;3.4;0.227346;1.26452
2;3;3.4;-54.1677;-0.204398
3;3;3.4;66.0049;2.71625
0;3;3.4;7.12694;-432.697
1;3.5;3.4;0.141232;11.3016
2;3;3.4;-53.2749;-5.72464
3;3;3.4;75.8224;3.43747
0;3;3.4;0.42035;-86.5935
1;3.5;3.4;-1.62257;109.273
2;3;3.4;-50.5362;-2.21255
3;3;3.4;36.3519;1.26162
0;3;3.4;1.15402;-79.882
1;3.5;3.4;-1.4502;88.243
2;3;3.4;-57.2849;-3.68231
3;3;3.4;71.099;2.76729
0;3;3.4;1.59388;-95.2868
1;3.5;3.4;-1.52832;83.35
2;3;3.4;-56.6026;-2.10492
3;3;3.4;74.2491;2.77801
0;3;3.4;1.0122;-92.4837
1;3.5;3.4;-0.728412;112.276
2;3;3.4;-50.337;-2.22932
3;3;3.4;67.7738;2.51091
0;3;3.4;2.17292;-102.509
1;3.5;3.4;-1.05966;76.4643
2;3;3.4;-34.5827;-0.16246
3;3;3.4;76.7978;2.39711
0;3;3.4;-0.0631981;0.473267
1;3.5;3.4;-1.10554;102.013
2;3;3.4;-57.7888;-3.40327
3;3;3.4;71.6211;2.8815
0;3;3.4;1.95859;-103.743
1;3.5;3.4;-0.57268;96.1572
2;3;3.4;-44.0944;-2.03516
3;3;3.4;38.4473;1.30472
0;3;3.4;2.20573;-91.9392
1;3.5;3.4;-2.02358;115.415
2;3;3.4;-54.0474;-3.97285
3;3;3.4;71.6815;2.64836
0;3;3.4;1.32478;-75.3638
1;3.5;3.4;-1.07707;79.349
2;3;3.4;-51.4377;-23.7806
3;3;3.4;31.46;2.23777
0;3;3.4;-11.6868;-96.7553
1;3.5;3.4;-0.959527;87.0705
2;3;3.4;-50.4743;-2.06362
3;3;3.4;74.3033;2.53704
0;3;3.4;-0.169547;-80.9688
1;3.5;3.4;-0.277825;69.6566
2;3;3.4;-40.2232;-1.58234
3;3;3.4;0.0398664;0.0437575
0;3;3.4;0.180015;-77.8161
1;3.5;3.4;-1.86034;110.622
2;3;3.4;-59.8743;-3.5763
3;3;3.4;76.7366;3.22952
0;3;3.4;1.46522;-90.1015
1;3.5;3.4;-0.00287473;0.558052
2;3;3.4;-52.4062;-1.28103
3;3;3.4;0.963973;-0.057194
0;3;3.4;2.05787;-97.7749
1;3.5;3.4;-0.684686;1.51082
2;3;3.4;-56.2585;-2.24525
3;3;3.4;61.8649;2.23308
0;3;3.4;0.855771;-97.3255
1;3.5;3.4;-2.11981;84.4385
2;3;3.4;-54.9031;-2.51018
3;3;3.4;70.3408;2.49663
0;3;3.4;-6.96092;-96.3222
1;3.5;3.4;-8.27114;401.127
2;3;3.4;-4.8519;-1.8826
3;3;3.4;71.035;2.19614
0;3;3.6;1.26827;-80.0145
1;3.5;3.6;-1.24352;94.3267
2;3;3.6;-61.6166;-3.06916
3;3;3.6;76.8847;2.56265
0;3;3.6;1.20487;-106.977
1;3.5;3.6;-1.47856;106.759
2;3;3.6;-52.5366;-3.39166
3;3;3.6;-0.636496;0.128973
0;3;3.6;2.27252;-90.1513
1;3.5;3.6;-1.41397;102.771
2;3;3.6;-55.2765;-0.402036
3;3;3.6;71.956;2.54769
0;3;3.6;0.708685;-108.133
1;3.5;3.6;-1.6706;108.138
2;3;3.6;-60.0728;-2.42309
3;3;3.6;0.803628;0.0603244
0;3;3.6;1.20898;-106.014
1;3.5;3.6;-1.42025;86.8483
2;3;3.6;-61.1709;-2.22501
3;3;3.6;80.431;2.93966
0;3;3.6;-0.398825;-6.74562
1;3.5;3.6;-1.37346;86.8489
2;3;3.6;-54.9815;16.234
3;3;3.6;73.8405;2.5397
0;3;3.6;0.925047;-82.8336
1;3.5;3.6;-7.4657;432.101
2;3;3.6;-50.4912;-3.93955
3;3;3.6;65.9045;2.06462
0;3;3.6;1.18319;-84.9362
1;3.5;3.6;-1.32105;99.4186
2;3;3.6;-58.3519;-4.66168
3;3;3.6;73.9168;2.61029
0;3;3.6;1.65191;-72.9804
1;3.5;3.6;-8.27877;434.384
2;3;3.6;-57.2023;-3.93017
3;3;3.6;74.5674;2.68467
0;3;3.6;1.38391;-86.2335
1;3.5;3.6;-1.49569;81.3888
2;3;3.6;-54.6134;-2.22329
3;3;3.6;84.2438;2.91384
0;3;3.6;1.44197;-103.799
1;3.5;3.6;-6.19561;384.885
2;3;3.6;-55.9295;-6.43444
3;3;3.6;81.8211;2.88028
0;3;3.6;3.06231;-106.064
1;3.5;3.6;-0.610597;68.2721
2;3;3.6;-61.7214;-2.79908
3;3;3.6;57.7917;2.06965
0;3;3.6;1.37047;-104.496
1;3.5;3.6;-1.16306;108.216
2;3;3.6;-60.7898;-2.21515
3;3;3.6;-0.618215;-0.105238
0;3;3.6;0.758007;-86.8409
1;3.5;3.6;-1.5319;90.1481
2;3;3.6;-60.5976;-1.91557
3;3;3.6;75.0348;2.87679
0;3;3.6;0.414871;-96.3974
1;3.5;3.6;-2.01031;125.765
2;3;3.6;-58.7134;-1.13004
3;3;3.6;94.2268;3.33988
0;3;3.6;0.479314;-108.384
1;3.5;3.6;-1.71377;88.8138
2;3;3.6;-52.1652;-3.58142
3;3;3.6;68.9909;2.63166
0;3;3.6;1.53541;-111.41
1;3.5;3.6;-1.84261;96.0337
2;3;3.6;-0.541203;-0.905039
3;3;3.6;76.5204;2.54675
0;3;3.6;3.43731;-109.9
1;3.5;3.6;2.88346;2.19567
2;3;3.6;-50.058;0.760997
3;3;3.6;87.587;3.83228
0;3;3.6;-1.06848;-86.2233
1;3.5;3.6;-6.98562;390.269
2;3;3.6;-61.5979;-4.01542
3;3;3.6;87.9229;3.09398
0;3;3.6;1.16925;-98.0084
1;3.5;3.6;-2.13517;123.604
2;3;3.6;-63.2388;-3.82708
3;3;3.6;71.1176;2.66658
0;3;3.8;2.99565;-114.191
1;3.5;3.8;-1.341;94.2502
2;3;3.8;-52.7674;-2.28028
3;3;3.8;62.7468;2.08425
0;3;3.8;1.45041;-95.5236
1;3.5;3.8;-0.247061;74.0416
2;3;3.8;-61.116;-2.77112
3;3;3.8;1.09851;0.226242
0;3;3.8;-8.98278;-120.672
1;3.5;3.8;-1.77168;112.133
2;3;3.8;-56.1497;-0.159347
3;3;3.8;81.7413;2.74423
0;3;3.8;2.35756;-108.491
1;3.5;3.8;-0.455268;0.456549
2;3;3.8;-55.1646;-1.23024
3;3;3.8;78.0529;2.64446
0;3;3.8;0.822285;-97.8882
1;3.5;3.8;-1.24812;119.416
2;3;3.8;-63.1954;-2.46214
3;3;3.8;92.2571;3.35747
0;3;3.8;1.50556;-111.818
1;3.5;3.8;-2.22451;75.4434
2;3;3.8;-55.7213;-2.78617
3;3;3.8;32.9279;0.945527
0;3;3.8;1.98772;-101.27
1;3.5;3.8;-0.511805;0.23861
2;3;3.8;-58.3601;-0.332632
3;3;3.8;73.2308;2.89203
0;3;3.8;0.567456;-110.57
1;3.5;3.8;-0.711906;16.808
2;3;3.8;-53.9361;-14.1733
3;3;3.8;92.4351;2.25253
0;3;3.8;1.61969;-112.935
1;3.5;3.8;-1.55811;115.312
2;3;3.8;-65.2288;-3.28705
3;3;3.8;91.5137;2.91984
0;3;3.8;1.59954;-104.239
1;3.5;3.8;-0.684457;23.5082
2;3;3.8;-57.6583;-0.746142
3;3;3.8;77.8605;3.37939
0;3;3.8;0.192435;-95.7294
1;3.5;3.8;-1.44579;38.4081
2;3;3.8;-48.869;-0.383228
3;3;3.8;88.7301;2.88629
0;3;3.8;6.54748;-407.794
1;3.5;3.8;-3.43389;127.937
2;3;3.8;-57.0655;-1.363
3;3;3.8;74.4076;1.84522
0;3;3.8;1.02705;-90.9114
1;3.5;3.8;-7.99469;491.382
2;3;3.8;-67.4795;-1.56257
3;3;3.8;87.9085;3.1741
0;3;3.8;1.98121;-94.9399
1;3.5;3.8;-1.37523;64.7639
2;3;3.8;-55.3032;-0.602702
3;3;3.8;81.247;2.75595
0;3;3.8;0.277342;-83.3724
1;3.5;3.8;-8.13007;481.222
2;3;3.8;-63.1675;-4.3074
3;3;3.8;78.1052;2.15551
0;3;3.8;1.34145;-86.7327
1;3.5;3.8;0.169766;-0.169766
2;3;3.8;-56.6335;-1.11043
3;3;3.8;75.0248;2.87322
0;3;3.8;0.606219;-104.925
1;3.5;3.8;-1.22281;111.501
2;3;3.8;-267.527;-9.2217
3;3;3.8;86.9071;3.01796
0;3;3.8;0.552491;-88.5401
1;3.5;3.8;-1.29319;113.609
2;3;3.8;-65.708;-3.96092
3;3;3.8;101.805;2.84958
0;3;3.8;1.21062;-96.8974
1;3.5;3.8;-2.59239;103.176
2;3;3.8;-45.5468;-1.43421
3;3;3.8;77.9761;1.04652
0;3;3.8;2.07422;-102.779
1;3.5;3.8;-0.3194;80.8321
2;3;3.8;-64.0246;-2.12806
3;3;3.8;76.6561;2.22642
0;3;4;1.87014;-125.547
1;3.5;4;-2.4641;96.9162
2;3;4;-48.906;-2.15939
3;3;4;85.9516;2.81405
0;3;4;0.864485;-125.866
1;3.5;4;-2.18417;126.533
2;3;4;-61.7743;-2.7697
3;3;4;94.6748;3.01877
0;3;4;1.75993;-120.362
1;3.5;4;-1.69429;117.629
2;3;4;-229.97;-8.14548
3;3;4;93.0936;3.34505
0;3;4;2.37493;-122.263
1;3.5;4;-1.68854;89.9057
2;3;4;-57.9561;-2.65581
3;3;4;82.1086;2.78279
0;3;4;3.58636;-122.752
1;3.5;4;-1.83208;146.631
2;3;4;0.00515282;-1.43325
3;3;4;93.607;2.98546
0;3;4;1.70753;-101.213
1;3.5;4;-1.68019;97.1276
2;3;4;-57.4465;-4.07502
3;3;4;81.1234;2.9788
0;3;4;1.77949;-90.2359
1;3.5;4;-1.82733;123.478
2;3;4;-60.2659;-2.36091
3;3;4;80.2208;3.01636
0;3;4;2.6765;-110.017
1;3.5;4;-8.67217;450.91
2;3;4;-71.6652;-2.8501
3;3;4;97.3453;3.36165
0;3;4;1.86817;-112.299
1;3.5;4;-2.54303;112.182
2;3;4;0.112245;-0.471045
3;3;4;91.248;2.79404
0;3;4;2.14474;-123.899
1;3.5;4;-1.50516;99.9757
2;3;4;-68.668;-5.1811
3;3;4;96.286;3.36156
0;3;4;1.72312;-120.006
1;3.5;4;-1.0494;101.087
2;3;4;-69.2854;-2.99549
3;3;4;70.0014;2.32128
0;3;4;1.52366;-117.561
1;3.5;4;-1.64379;106.376
2;3;4;0.152756;1.28459
3;3;4;92.3197;3.25531
0;3;4;0.460456;-101.682
1;3.5;4;-1.89039;79.9385
2;3;4;-68.8792;-0.866276
3;3;4;93.0485;3.25929
0;3;4;0.95881;-117.176
1;3.5;4;-1.56167;106.931
2;3;4;-64.6852;-11.4582
3;3;4;-0.978393;-0.0808574
0;3;4;-6.35213;-102.75
1;3.5;4;-1.63003;114.897
2;3;4;-54.1012;-2.46065
3;3;4;78.2311;3.06211
0;3;4;1.4986;-113.665
1;3.5;4;-1.68744;69.879
2;3;4;-64.83;-2.54028
3;3;4;335.976;10.4621
0;3;4;2.48819;-104.3
1;3.5;4;-2.4292;126.459
2;3;4;-69.0713;-1.55631
3;3;4;98.3238;3.43631
0;3;4;1.51003;-105.013
1;3.5;4;-1.87529;130.586
2;3;4;-70.1035;-3.44831
3;3;4;83.6911;2.81902
0;3;4;1.57159;-122.814
1;3.5;4;-1.37778;102.486
2;3;4;-54.392;-2.54493
3;3;4;86.4028;3.07548
0;3;4;1.40886;-124.196
1;3.5;4;-1.03997;90.9541
2;3;4;-52.5519;-2.2002
3;3;4;7.56713;0.232905
0;3;4.2;2.2161;-113.167
1;3.5;4.2;-1.7134;99.0438
2;3;4.2;-62.4835;-2.54489
3;3;4.2;88.5338;3.27165
0;3;4.2;1.85464;-119.482
1;3.5;4.2;-2.19013;121.258
2;3;4.2;-65.6134;-4.27895
3;3;4.2;98.5332;3.47448
0;3;4.2;2.64427;-127.315
1;3.5;4.2;-2.63657;128.207
2;3;4.2;-59.843;-0.912004
3;3;4.2;94.3853;3.70584
0;3;4.2;0.917218;-117.661
1;3.5;4.2;-1.20321;33.6023
2;3;4.2;-69.0161;-2.47024
3;3;4.2;29.0221;1.0029
0;3;4.2;2.10108;-126.721
1;3.5;4.2;0.337402;5.02353
2;3;4.2;-39.5051;-0.145698
3;3;4.2;84.5609;3.02637
0;3;4.2;0.989011;-117.775
1;3.5;4.2;-1.24761;113.215
2;3;4.2;-75.3343;-3.22631
3;3;4.2;89.4319;3.17707
0;3;4.2;1.7241;-130.622
1;3.5;4.2;-2.75389;133.969
2;3;4.2;-30.0513;0.29012
3;3;4.2;90.9801;2.99265
0;3;4.2;1.88715;-109.59
1;3.5;4.2;0.260505;1.365
2;3;4.2;-65.3239;-0.795748
3;3;4.2;86.2917;3.2924
0;3;4.2;0.980157;-135.592
1;3.5;4.2;-0.702298;99.3519
2;3;4.2;-59.6319;-1.01301
3;3;4.2;95.7063;3.1948
0;3;4.2;2.04699;-116.017
1;3.5;4.2;-1.66257;110.043
2;3;4.2;-69.8182;-1.34416
3;3;4.2;82.0445;3.19751
0;3;4.2;3.14276;-135.78
1;3.5;4.2;-2.57186;127.018
2;3;4.2;-38.9423;0.123064
3;3;4.2;104.171;3.53947
0;3;4.2;1.5956;-109.197
1;3.5;4.2;-0.846589;109.964
2;3;4.2;0.191145;-1.71672
3;3;4.2;85.5264;2.54364
0;3;4.2;2.08822;-109.036
1;3.5;4.2;-1.91342;99.1624
2;3;4.2;-287.212;-9.75602
3;3;4.2;91.8179;3.34352
0;3;4.2;2.33756;-125.677
1;3.5;4.2;-2.2115;120.853
2;3;4.2;-71.0928;12.7163
3;3;4.2;92.5104;2.93949
0;3;4.2;0.40003;-121.996
1;3.5;4.2;-3.17762;131.226
2;3;4.2;-50.1141;-2.38216
3;3;4.2;97.262;3.13291
0;3;4.2;-6.42954;-115.037
1;3.5;4.2;0.346082;-1.43945
2;3;4.2;-56.5007;-1.22105
3;3;4.2;1.45657;0.305255
0;3;4.2;2.30781;-126.404
1;3.5;4.2;-1.50428;96.9661
2;3;4.2;-64.7342;-3.0624
3;3;4.2;102.787;3.49277
0;3;4.2;0.184234;-120.787
1;3.5;4.2;-1.68278;114.225
2;3;4.2;-53.0011;-3.80422
3;3;4.2;69.8504;2.17953
0;3;4.2;8.00069;-405.07
1;3.5;4.2;-2.39938;127.454
2;3;4.2;-57.8093;-3.15423
3;3;4.2;91.9987;3.33117
0;3;4.2;2.45621;-118.735
1;3.5;4.2;-1.24261;92.8614
2;3;4.2;-57.3502;-3.33317
3;3;4.2;96.7974;3.16228
0;3;4.4;8.47097;-454.683
1;3.5;4.4;-2.80948;98.2603
2;3;4.4;-58.4307;-0.743855
3;3;4.4;318.364;10.833
0;3;4.4;2.50093;-81.5762
1;3.5;4.4;-2.2081;125.983
2;3;4.4;-40.6448;-2.32393
3;3;4.4;95.4875;3.58446
0;3;4.4;-7.45837;-128.557
1;3.5;4.4;0.450807;0.633974
2;3;4.4;-67.8626;-1.64246
3;3;4.4;105.127;3.58976
0;3;4.4;0.845697;-128.032
1;3.5;4.4;-2.0858;71.1677
2;3;4.4;-61.7743;-0.746883
3;3;4.4;94.0855;3.35571
0;3;4.4;2.06542;-109.568
1;3.5;4.4;-2.48723;120.144
2;3;4.4;-63.997;-4.57438
3;3;4.4;95.1539;3.50422
0;3;4.4;2.60151;-132.471
1;3.5;4.4;-3.38504;130.057
2;3;4.4;-62.4651;-2.73527
3;3;4.4;91.9821;2.93483
0;3;4.4;1.78332;-134.675
1;3.5;4.4;-3.2682;138.687
2;3;4.4;-71.8807;-3.45254
3;3;4.4;96.9265;2.90739
0;3;4.4;3.70069;-128.015
1;3.5;4.4;-1.82659;112.484
2;3;4.4;-72.9721;-1.02419
3;3;4.4;94.3388;3.41567
0;3;4.4;1.8359;-122.366
1;3.5;4.4;-1.27427;111.309
2;3;4.4;-244.743;-6.18496
3;3;4.4;104.211;3.62875
0;3;4.4;2.69706;-132.109
1;3.5;4.4;-1.96942;125.793
2;3;4.4;-238.867;-7.17123
3;3;4.4;89.299;3.15777
0;3;4.4;2.56429;-131.667
1;3.5;4.4;-1.62773;114.027
2;3;4.4;-75.6176;-3.18727
3;3;4.4;71.1473;2.12289
0;3;4.4;1.87535;-131.841
1;3.5;4.4;-0.228152;20.4178
2;3;4.4;-62.5583;-11.0731
3;3;4.4;89.0947;2.87242
0;3;4.4;1.4622;-112.775
1;3.5;4.4;-3.1567;125.507
2;3;4.4;-74.1129;-2.50804
3;3;4.4;25.6551;0.59979
0;3;4.4;3.41917;-139.154
1;3.5;4.4;-2.41481;80.4293
2;3;4.4;-65.4295;-2.26138
3;3;4.4;97.178;3.62864
0;3;4.4;2.12055;-127.109
1;3.5;4.4;-1.81427;91.3744
2;3;4.4;-75.4944;-2.82771
3;3;4.4;104.664;3.40025
0;3;4.4;1.00776;-119.051
1;3.5;4.4;-1.47804;109.776
2;3;4.4;-70.4171;-2.30375
3;3;4.4;-0.470951;0.00899884
0;3;4.4;3.02356;-137.137
1;3.5;4.4;-2.14109;108
2;3;4.4;0.342718;-0.343243
3;3;4.4;100.313;2.9567
0;3;4.4;2.97705;-135.647
1;3.5;4.4;-1.94068;142.601
2;3;4.4;-0.722145;-0.617281
3;3;4.4;91.1026;2.68074
0;3;4.4;4.56982;-130.18
1;3.5;4.4;-1.89216;149.571
2;3;4.4;-65.8534;-2.75784
3;3;4.4;100.545;3.45182
0;3;4.4;1.44564;-134.771
1;3.5;4.4;-2.65244;132.505
2;3;4.4;-69.3531;-1.75401
3;3;4.4;52.0148;1.6426
0;3;4.6;3.20579;-131.393
1;3.5;4.6;-1.48914;156.114
2;3;4.6;-73.2237;-2.68925
3;3;4.6;2.51045;0.656671
0;3;4.6;1.65159;-126.872
1;3.5;4.6;-4.47626;141.703
2;3;4.6;-215.879;-7.57462
3;3;4.6;105.91;3.26312
0;3;4.6;-1.29266;-0.126232
1;3.5;4.6;-1.95904;111.696
2;3;4.6;-79.5918;-1.84584
3;3;4.6;105.296;3.45935
0;3;4.6;-0.573347;-0.102783
1;3.5;4.6;-2.01298;128.199
2;3;4.6;-74.2664;-4.83323
3;3;4.6;100.236;3.98959
0;3;4.6;-1.04059;0.0867514
1;3.5;4.6;-1.31009;121.707
2;3;4.6;-79.9847;-3.1082
3;3;4.6;101.457;3.30079
0;3;4.6;2.66382;-129.601
1;3.5;4.6;-1.84834;135.405
2;3;4.6;-75.5896;-3.32163
3;3;4.6;100.271;2.87208
0;3;4.6;2.62681;-142.421
1;3.5;4.6;-3.15946;117.86
2;3;4.6;-72.5655;-3.73184
3;3;4.6;-0.514924;-0.284694
0;3;4.6;2.74196;-132.654
1;3.5;4.6;-2.94564;125.805
2;3;4.6;-72.9661;-2.64139
3;3;4.6;100.939;4.13092
0;3;4.6;1.44985;-116.718
1;3.5;4.6;-3.2547;110.676
2;3;4.6;-77.2589;-3.49348
3;3;4.6;103.827;3.04686
0;3;4.6;1.10935;-125.044
1;3.5;4.6;-0.892371;141.16
2;3;4.6;-0.78867;0.677552
3;3;4.6;114.958;3.50641
0;3;4.6;5.83584;-418
1;3.5;4.6;-4.10816;147.476
2;3;4.6;-75.8668;-3.27049
3;3;4.6;114.596;3.49463
0;3;4.6;10.4735;-494.847
1;3.5;4.6;-3.3557;147.23
2;3;4.6;-61.3203;-2.43612
3;3;4.6;5.8296;0.177234
0;3;4.6;14.2684;-139.022
1;3.5;4.6;-2.49532;159.947
2;3;4.6;-76.3892;3.45291
3;3;4.6;47.4428;2.60536
0;3;4.6;1.18165;-109.972
1;3.5;4.6;-1.7284;110.831
2;3;4.6;-83.0949;-3.50975
3;3;4.6;94.6294;2.57865
0;3;4.6;0.899985;-140.516
1;3.5;4.6;-2.89763;121.234
2;3;4.6;-66.337;-3.09341
3;3;4.6;71.2799;1.78837
0;3;4.6;2.26697;-138.048
1;3.5;4.6;-1.08547;99.6559
2;3;4.6;-78.4342;-1.17102
3;3;4.6;105.147;3.57631
0;3;4.6;1.66471;-136.625
1;3.5;4.6;-1.85835;94.5255
2;3;4.6;-77.818;-2.37217
3;3;4.6;96.9414;3.11378
0;3;4.6;1.54937;-130.824
1;3.5;4.6;-2.24955;115.444
2;3;4.6;-0.521291;0.464365
3;3;4.6;107.601;3.74941
0;3;4.6;3.85681;-135.414
1;3.5;4.6;-2.5085;130.746
2;3;4.6;-37.6825;-1.74363
3;3;4.6;102.685;3.24843
0;3;4.6;2.33992;-132.43
1;3.5;4.6;-0.447001;-0.0247958
2;3;4.6;-69.9961;-1.13335
3;3;4.6;0.722899;-0.441464
0;3;4.8;1.93863;-136.748
1;3.5;4.8;-3.53013;141.379
2;3;4.8;-238.333;-8.53715
3;3;4.8;108.994;4.02799
0;3;4.8;3.35921;-145.132
1;3.5;4.8;-2.3875;163.272
2;3;4.8;-74.0224;-2.94373
3;3;4.8;10.1857;0.26641
0;3;4.8;3.28313;-124.962
1;3.5;4.8;-3.46269;107.912
2;3;4.8;-87.5044;-2.79016
3;3;4.8;106.502;3.76499
0;3;4.8;3.81511;-151.746
1;3.5;4.8;-1.71734;97.957
2;3;4.8;-0.288383;1.13636
3;3;4.8;110.694;3.68346
0;3;4.8;2.75475;-133.854
1;3.5;4.8;-1.79975;85.3769
2;3;4.8;-78.8327;-1.91193
3;3;4.8;104.3;3.72894
0;3;4.8;3.81773;-144.887
1;3.5;4.8;-8.34808;433.892
2;3;4.8;-78.2256;-4.67885
3;3;4.8;1.52069;-0.213803
0;3;4.8;3.26376;-142.473
1;3.5;4.8;-2.85693;162.399
2;3;4.8;0.471088;-2.795
3;3;4.8;109.857;3.87413
0;3;4.8;2.06459;-107.141
1;3.5;4.8;0.400265;1.67688
2;3;4.8;-79.6538;-2.55382
3;3;4.8;102.353;3.87675
0;3;4.8;2.29669;-149.517
1;3.5;4.8;-2.54212;159.23
2;3;4.8;-69.5487;-2.41394
3;3;4.8;115.652;3.78344
0;3;4.8;2.8362;-155.204
1;3.5;4.8;-2.71775;157.185
2;3;4.8;-0.225679;-0.349834
3;3;4.8;91.1207;2.92711
0;3;4.8;3.13614;-125.809
1;3.5;4.8;-9.51859;433.961
2;3;4.8;-61.0037;-4.18667
3;3;4.8;102.837;3.27543
0;3;4.8;2.20691;-153.009
1;3.5;4.8;-0.848248;44.7603
2;3;4.8;-70.5023;-1.05968
3;3;4.8;96.086;3.89651
0;3;4.8;1.43803;-131.523
1;3.5;4.8;-2.63734;144.075
2;3;4.8;-77.3813;-2.2904
3;3;4.8;93.032;2.04357
0;3;4.8;1.78571;-121.083
1;3.5;4.8;0.186546;1.37749
2;3;4.8;-0.46308;1.10581
3;3;4.8;-1.69966;-0.0611092
0;3;4.8;3.63566;-127.938
1;3.5;4.8;0.55721;1.97608
2;3;4.8;-84.6297;-6.94367
3;3;4.8;100.209;3.52619
0;3;4.8;2.56424;-146.491
1;3.5;4.8;-2.45658;143.138
2;3;4.8;-79.3073;-3.19285
3;3;4.8;115.993;4.08367
0;3;4.8;3.12328;-156.916
1;3.5;4.8;-1.87757;118.321
2;3;4.8;-0.0589649;1.52015
3;3;4.8;112.429;3.6921
0;3;4.8;2.06487;-139.528
1;3.5;4.8;0.45;2.18674
2;3;4.8;-80.8005;-3.28351
3;3;4.8;-1.12531;-0.119852
0;3;4.8;2.71144;-107.723
1;3.5;4.8;0.493311;1.28168
2;3;4.8;-76.2219;-3.20604
3;3;4.8;-1.64074;-1.52771
0;3;4.8;1.68175;-151.196
1;3.5;4.8;-1.99104;133.633
2;3;4.8;-85.7181;-3.62674
3;3;4.8;325.412;10.3206
