target.x;target.y;delta.x;delta.y
450;450;-2.39221;0.170872
450;450;-2.39221;0.170872
450;450;-8.37355;2.05066
450;450;-8.37355;2.05066
450;450;-9.22711;2.90483
450;450;-9.22711;2.90483
450;450;-6.08636;7.16712
450;450;-6.08636;7.16712
450;450;-16.4404;7.79356
450;450;-15.3625;7.33985
450;450;-15.3625;7.33985
450;450;-1.08052;5.68693
450;450;1.42128;5.40088
450;450;-6.36695;5.1163
450;450;-8.07417;5.00371
450;450;-6.65266;5.51545
450;450;-6.65266;5.51545
450;450;-12.1147;6.42704
450;450;-11.439;3.58537
450;450;-11.439;3.58537
450;450;1.53741;-0.284706
450;450;1.53741;-0.284706
450;450;-4.50121;1.36746
450;450;-7.69121;3.07648
450;450;-13.0524;2.62187
450;450;-6.15569;2.27989
450;450;-2.62137;1.53863
450;450;-1.25338;-0.113944
450;450;-5.0697;0.569629
450;450;-5.0697;0.569629
450;450;-9.85458;2.50637
450;450;-11.3406;1.65266
450;450;-11.3406;1.65266
450;450;-3.76157;0.626929
450;450;0.227938;0.455876
450;450;-3.58923;2.27888
450;450;-11.0522;3.93094
450;450;-10.2504;6.26413
450;450;-8.88059;7.28664
450;450;-9.5616;6.60205
450;450;-9.5616;6.60205
450;450;-5.51911;6.42948
450;450;-2.1045;6.0291
450;450;-2.1045;6.0291
450;450;-2.1045;6.0291
450;450;-8.75926;6.25661
450;450;-8.75926;6.25661
450;450;-7.05402;5.85939
450;450;-6.88467;4.66564
450;450;-4.72403;2.04898
450;450;-4.72403;2.04898
450;450;-0.910772;0.512309
450;450;-1.65098;-0.626235
450;450;-2.44816;-0.910945
450;450;-4.04411;-1.13919
450;450;-3.98879;-0.512845
450;450;-6.26969;-0.911955
450;450;-6.26969;-0.911955
450;450;-3.93293;-0.968982
450;450;-4.56035;-1.36811
450;450;-5.30225;-1.31131
450;450;-4.67525;-0.855228
450;450;-4.67525;-0.855228
450;450;-5.41473;-1.19694
450;450;-5.41473;-1.19694
450;450;-3.76122;-1.4247
450;450;-3.70423;-1.88061
450;450;-3.70423;-1.88061
450;450;-0.113969;-1.53858
450;450;-5.4125;0.170921
450;450;-9.00384;0.398904
450;450;-1.99402;2.79162
450;450;-1.0824;3.19022
450;450;-1.0824;3.19022
450;450;-12.997;3.76229
450;450;-12.997;3.76229
450;450;-7.12442;3.6477
450;450;0.455617;3.81579
450;450;-8.25857;3.4743
450;450;-8.25857;3.4743
450;450;-4.89617;4.95311
450;450;-11.7292;4.49808
450;450;-9.45494;1.36698
450;450;-9.45494;1.36698
450;450;-1.25291;0.569503
450;450;-1.25291;0.569503
450;450;-6.66592;-3.01961
450;450;-2.67895;-2.27996
450;450;-2.67895;-2.27996
450;450;-10.3728;-1.48183
450;450;-10.3728;-1.48183
450;450;-12.7112;-1.08301
450;450;-12.7112;-1.08301
450;450;-5.24523;-1.59638
450;450;-5.24523;-1.59638
450;450;-5.24523;-1.59638
450;450;-5.64522;-2.33792
450;450;-5.64522;-2.33792
450;450;-5.64522;-2.33792
450;450;-5.64522;-2.33792
450;450;-5.64522;-2.33792
450;450;-11.4056;-1.08353
450;450;-11.4056;-1.08353
450;450;-8.04348;-0.798643
450;450;-6.16057;-1.42606
450;450;-6.16057;-1.42606
450;450;-4.27939;-1.76882
450;450;-4.2222;-1.76876
450;450;-4.2222;-1.76876
450;450;-8.1586;0.228213
450;450;-8.1586;0.228213
450;450;-8.32791;1.36897
450;450;-6.44068;4.0468
450;450;-15.0496;4.33247
450;450;-14.252;3.93355
450;450;-2.45018;2.96301
450;450;-4.67051;3.47441
450;450;-11.3349;3.53148
450;450;-8.37302;4.55674
450;450;-8.37302;4.55674
450;450;-13.902;3.53248
450;450;-7.97682;2.16514
450;450;-1.53824;1.48127
450;450;-3.98829;0.455804
450;450;-9.80227;0.34194
450;450;-7.52243;0.569881
450;450;-7.57918;-0.569863
450;450;-8.77617;-1.08277
450;450;-5.2999;-1.82362
450;450;-5.2999;-1.82362
450;450;-5.6999;-1.70997
450;450;-9.81004;-0.684421
450;450;-9.81004;-0.684421
450;450;-7.64488;0.513462
450;450;-7.13413;-0.513658
450;450;-7.13413;-0.513658
450;450;-4.73887;-0.342569
450;450;-5.8802;-0.85634
450;450;-4.68014;0.856123
450;450;-4.68014;0.856123
450;450;-4.68014;0.856123
450;450;-9.12706;3.30856
450;450;-6.66951;5.30141
450;450;-6.66951;5.30141
450;450;-6.66951;5.30141
450;450;-7.63013;7.34542
450;450;-7.63013;7.34542
450;450;-5.12196;7.85367
450;450;-5.12196;7.85367
450;450;-7.45271;7.39581
450;450;-7.16848;6.82712
450;450;-7.16848;6.82712
450;450;-7.16848;6.82712
450;450;-9.67359;4.60918
450;450;-5.17903;3.01636
450;450;-5.17903;3.01636
450;450;-4.6683;-0.113861
450;450;-4.6683;-0.113861
450;450;-1.65208;-0.740588
450;450;-7.06787;0.056999
450;450;-10.0907;0.513088
450;450;-8.89325;1.02614
450;450;-4.78882;0.570098
450;450;-4.78882;0.570098
450;450;-4.16145;0.399043
450;450;-4.16145;0.399043
450;450;-4.67451;0.513056
450;450;-8.38124;0.684183
450;450;-8.0959;0.570134
450;450;-3.64897;-0.741198
450;450;-1.88132;-0.684118
450;450;-0.969044;0.456021
450;450;-5.41422;1.99471
450;450;-5.41422;1.99471
450;450;-7.80614;5.41302
450;450;-10.0242;6.72077
450;450;-10.0242;6.72077
450;450;-6.37601;6.1483
450;450;-2.84544;5.46325
450;450;-6.08886;5.29219
450;450;-8.36719;5.23661
450;450;-8.2557;4.83955
450;450;-8.2557;4.83955
450;450;-7.29148;2.33555
450;450;-2.73448;0.227873
450;450;-2.73448;0.227873
450;450;-3.13524;-1.02608
450;450;-5.18888;-0.399144
450;450;-7.24277;0.570297
450;450;-8.72748;0.513381
450;450;-8.67291;-0.0570586
450;450;-4.56556;-0.399486
450;450;-3.31066;-0.856205
450;450;-3.53954;-1.19888
450;450;-5.19629;-0.342612
450;450;-5.19629;-0.342612
450;450;-6.39583;0.0571057
450;450;-8.39373;0.513902
450;450;-6.96733;0.0571093
450;450;-6.96733;0.0571093
450;450;-1.31351;-0.399765
450;450;-5.68434e-14;1.02767
450;450;-8.27769;2.34059
450;450;-8.73439;3.36817
450;450;-3.93704;4.6788
450;450;-3.93704;4.6788
450;450;-1.88216;5.3613
450;450;-10.4401;4.90626
450;450;-1.4257;4.84737
450;450;-2.90768;5.41627
450;450;-7.35659;5.70279
450;450;-7.35659;5.70279
450;450;-4.79019;6.44394
450;450;-7.24093;6.44272
450;450;-9.92316;3.82099
450;450;-3.13663;2.73742
450;450;-1.7677;2.10983
450;450;-6.38834;0.0570387
450;450;-6.38834;0.0570387
450;450;-6.3327;-0.39936
450;450;-6.3327;-0.39936
450;450;-3.31034;-1.1415
450;450;-6.85029;-1.02754
450;450;-6.85029;-1.02754
450;450;-4.79535;0.0570875
450;450;-6.10779;0.0570821
450;450;-4.96504;0.913111
450;450;-2.62411;1.08387
450;450;-2.62411;1.08387
450;450;-5.2459;1.53956
450;450;-5.2459;1.53956
450;450;-5.47363;1.42543
450;450;-2.85085;1.25437
450;450;-2.85085;1.25437
450;450;-5.07387;2.85049
450;450;-5.07387;2.85049
450;450;-5.07387;2.85049
450;450;-3.93293;4.50292
450;450;-3.93293;4.50292
450;450;-15.268;7.2352
450;450;-14.7001;7.06519
450;450;-14.7001;7.06519
450;450;-5.68434e-14;5.80691
450;450;-5.68434e-14;5.80691
450;450;-7.74254;4.78216
450;450;-4.83817;5.52121
450;450;-11.2174;5.86495
450;450;-13.3884;3.6462
450;450;-8.54606;2.79171
450;450;-0.797581;0.740611
450;450;-0.797581;0.740611
450;450;-5.64433;0.114027
450;450;-5.64433;0.114027
450;450;-8.60957;0.912272
450;450;-8.60957;0.912272
450;450;-8.89888;0.68453
450;450;-3.76455;-0.684464
450;450;-5.01972;-1.54014
450;450;-6.21899;-0.91288
450;450;-7.2469;-0.741809
450;450;-8.44467;-0.969996
450;450;-8.61612;-0.970027
450;450;-6.10624;-1.14135
450;450;-2.68201;-1.65486
450;450;0.285248;-0.456396
450;450;-2.39555;0.684443
450;450;-9.01012;2.79428
450;450;-8.66494;4.67451
450;450;-8.60766;4.78837
450;450;-7.29356;6.72375
450;450;-11.4481;8.20162
450;450;-11.4481;8.20162
450;450;-10.5934;7.57487
450;450;-3.41572;6.09137
450;450;-6.94354;4.55314
450;450;-6.94354;4.55314
450;450;-8.54038;3.47309
450;450;-10.0834;1.99389
450;450;-9.69259;-0.741198
450;450;-2.45282;-2.05352
450;450;-0.513446;-2.73838
450;450;-0.513446;-2.73838
450;450;-0.513446;-2.73838
450;450;-8.55635;0.798592
450;450;-11.5207;1.93913
450;450;-11.5207;1.93913
450;450;-5.92883;0.912128
450;450;-1.99477;-0.626929
450;450;-1.99477;-0.626929
450;450;-5.47294;-0.11402
450;450;-8.49607;0.798289
450;450;-10.6068;0.627287
450;450;-9.8652;0.228097
450;450;-9.8652;0.228097
450;450;0.341886;0.512828
450;450;0.341886;0.512828
450;450;-10.6025;2.2231
450;450;-7.34938;5.41233
450;450;-11.048;5.80874
450;450;-10.3057;5.35214
450;450;-6.03387;4.8954
450;450;-1.4794;4.32439
450;450;-7.85566;3.6432
450;450;-8.82841;3.36049
450;450;-8.82841;3.36049
450;450;-8.82841;3.36049
450;450;-7.80935;-0.399018
450;450;-1.08322;-2.33748
450;450;-1.08322;-2.33748
450;450;-4.90409;-3.59253
450;450;-4.90409;-3.59253
450;450;-6.15979;-2.62361
450;450;-8.5577;-2.39616
450;450;-9.64443;-3.08165
450;450;-4.7949;-2.85411
450;450;-3.93929;-3.08292
450;450;-6.27983;-3.31118
450;450;-7.19212;-2.11197
450;450;-7.1928;-1.5984
450;450;-8.62077;-1.19891
450;450;-6.28043;-0.685137
450;450;-3.13962;0.28542
450;450;-2.28234;1.88293
450;450;-6.38894;4.22127
450;450;-6.38894;4.22127
450;450;-10.7104;9.00128
450;450;-10.7104;9.00128
450;450;-10.7104;9.00128
450;450;-8.02593;7.79824
450;450;-3.29936;6.76937
450;450;-1.42106;5.28634
450;450;-6.02662;5.00323
450;450;-8.58808;5.80122
450;450;-8.58808;5.80122
450;450;-11.3814;3.64205
450;450;-2.67573;0.170791
450;450;-2.67573;0.170791
450;450;0.7404;-2.16425
450;450;-3.07619;-1.59506
450;450;-8.49096;-5.68434e-14
450;450;-12.1993;0.570062
450;450;-12.1993;0.570062
450;450;-5.24656;-1.0265
450;450;-0.171132;-2.22472
450;450;-0.171132;-2.22472
450;450;-2.85383;-0.741997
450;450;-2.85383;-0.741997
450;450;-6.84725;1.14121
450;450;-6.84725;1.14121
450;450;-4.95797;2.73543
450;450;-4.27316;2.336
450;450;-3.75979;1.82293
450;450;-1.30973;3.18891
450;450;-2.33437;4.55487
450;450;-12.4144;6.37803
450;450;-13.5555;6.89164
450;450;-5.97883;5.69413
450;450;-4.27073;3.87213
450;450;-4.55602;3.07532
450;450;-4.15737;3.18922
450;450;-7.23383;4.15803
450;450;-12.3641;3.53259
450;450;-12.3641;3.53259
450;450;-4.90176;0.113994
450;450;-2.10943;-2.56552
450;450;-2.10943;-2.56552
450;450;-2.22395;-3.42145
450;450;-4.1629;-2.39509
450;450;-9.63801;-1.82495
450;450;-9.4096;-1.93895
450;450;-6.89972;-2.33792
450;450;-6.89972;-2.33792
450;450;-3.53562;-3.99182
450;450;-3.93505;-3.25069
450;450;-6.38631;-2.16678
450;450;-10.2067;-1.9387
450;450;-10.5498;-2.10996
450;450;-10.5498;-2.10996
450;450;-10.5498;-2.10996
450;450;-5.9902;-1.19804
450;450;-7.81505;1.48315
450;450;-7.81505;1.48315
450;450;-11.6863;5.81463
450;450;-12.824;6.44048
450;450;-7.91884;5.81095
450;450;-7.91884;5.81095
450;450;-7.91884;5.81095
450;450;-4.49865;3.64447
450;450;-5.80856;3.35985
450;450;-6.94881;3.93007
450;450;-10.1452;2.79277
450;450;-7.92537;1.76753
450;450;-0.855282;0.0570188
450;450;1.0265;-0.855418
450;450;0.513365;-0.855608
450;450;-3.19457;0.28523
450;450;-8.09975;1.48305
450;450;-9.07088;1.59739
450;450;-6.27525;0.912764
450;450;-6.27525;0.912764
450;450;-0.285194;-0.627426
450;450;-1.02689;-1.19804
450;450;-4.90564;0.0570423
450;450;-4.90564;0.0570423
450;450;-9.13169;-0.228292
450;450;-4.68059;-1.71241
450;450;2.2822;-1.48343
450;450;0.798517;0.114074
450;450;-6.44252;1.19728
450;450;-4.72702;6.32168
450;450;-8.36798;8.59568
450;450;-22.5473;8.82534
450;450;-10.3617;6.77494
450;450;3.18508;3.75385
450;450;3.18508;3.75385
450;450;-8.65206;2.56147
450;450;-8.65206;2.56147
450;450;-9.28084;5.23827
450;450;-17.2066;2.7918
450;450;0.854687;-1.0826
450;450;6.60853;-2.56365
450;450;4.33069;-3.98879
450;450;-5.01527;-2.50764
450;450;-8.09283;0.683901
450;450;-12.5992;1.19721
450;450;-12.5992;1.19721
450;450;-5.47242;-0.0570044
450;450;3.70482;-1.53892
450;450;-0.228003;-1.76702
450;450;-6.27009;1.08301
450;450;-8.09308;2.22275
450;450;-9.34694;2.10876
450;450;-5.01369;1.76619
450;450;-5.01369;1.76619
450;450;0.51265;1.36707
450;450;0.51265;1.36707
450;450;-5.6379;5.06841
450;450;-5.6379;5.06841
450;450;-13.2606;9.67512
450;450;-12.6334;9.16204
450;450;-5.57601;6.42948
450;450;-0.796472;3.92547
450;450;-5.91983;2.3907
450;450;-5.91983;2.3907
450;450;-8.88424;2.05021
450;450;-8.88424;2.05021
450;450;-7.2924;-0.398803
450;450;-1.93809;-2.73612
450;450;-1.93809;-2.73612
450;450;-1.93809;-2.73612
450;450;-8.27245;-1.65449
450;450;-11.4699;-0.513576
450;450;-8.10283;-0.570622
450;450;-4.39254;-2.05365
450;450;-4.39254;-2.05365
450;450;-1.02683;-2.62411
450;450;-1.02683;-2.62411
450;450;-8.38469;-0.627426
450;450;-8.38469;-0.627426
450;450;-8.38469;-0.627426
450;450;-3.7605;2.84887
450;450;-3.7605;2.84887
450;450;-7.63182;3.30333
450;450;-4.77959;6.88488
450;450;-10.5202;8.01807
450;450;-10.5202;8.01807
450;450;-9.49898;7.50817
450;450;-3.58197;5.5151
450;450;-6.02891;3.6401
450;450;-6.42928;2.73102
450;450;-5.06409;2.73119
450;450;-8.48183;1.87853
450;450;-9.39561;0.911089
450;450;-3.41842;-0.227895
450;450;-1.02562;-0.854687
450;450;-1.02562;-0.854687
450;450;-3.8747;-0.62679
450;450;-6.26751;0.569773
450;450;-6.26751;0.569773
450;450;-6.66508;-0.96843
450;450;-3.589;-2.05086
450;450;-1.25334;-3.47518
450;450;-2.56374;-3.81712
450;450;-2.56374;-3.81712
450;450;-4.50064;-0.569701
450;450;-9.91437;1.02562
450;450;-9.91437;1.02562
450;450;-2.04982;3.75801
450;450;-4.26776;5.74725
450;450;-12.3465;7.11203
450;450;-12.3465;7.11203
450;450;-12.3465;7.11203
450;450;-6.19504;6.02453
450;450;-6.19504;6.02453
450;450;-4.54653;4.26237
450;450;-1.81844;3.80736
450;450;-3.9215;3.5805
450;450;-3.9215;3.5805
450;450;-3.9215;3.5805
450;450;-4.49339;0.34127
450;450;-3.18609;-0.739628
450;450;-3.18609;-0.739628
450;450;-3.18609;-0.739628
450;450;-10.3613;0.910887
450;450;-10.3613;0.910887
450;450;-9.33778;0.626314
450;450;-5.75125;0.0569431
450;450;-3.64447;-0.854173
450;450;-3.01884;-0.227837
450;450;-5.1833;1.76574
450;450;-10.6507;2.73387
450;450;-7.91434;3.13157
450;450;-3.13019;4.0977
450;450;-3.13019;4.0977
450;450;-9.49898;4.72105
450;450;-7.67857;4.66402
450;450;-7.67857;4.66402
450;450;-2.38738;4.54739
450;450;-9.26794;4.26439
450;450;-5.11727;3.9801
450;450;-5.57143;4.43441
450;450;-9.83963;3.41259
450;450;-8.07774;1.64968
450;450;-0.910427;0.625918
450;450;-0.910427;0.625918
450;450;-6.71822;-0.967879
450;450;-5.35299;-0.51252
450;450;-5.35299;-0.51252
450;450;-5.01258;-0.683533
450;450;-7.17869;-0.398816
450;450;-5.58307;-0.284851
450;450;-5.52505;-0.569593
450;450;-7.00511;-1.02514
450;450;-6.2064;-0.512455
450;450;-5.52208;-0.910859
450;450;-5.06713;-0.910945
450;450;-3.9282;0.284652
450;450;-6.09175;1.36637
450;450;-7.00156;3.81386
450;450;-7.91083;5.12212
450;450;-9.50468;5.86217
450;450;-10.813;6.77237
450;450;-7.33892;6.59934
450;450;-4.83328;5.79994
450;450;-4.77627;5.79975
450;450;-5.57354;4.77732
450;450;-6.65644;4.32384
450;450;-6.65644;4.32384
450;450;-7.39956;2.73214
450;450;-7.39956;2.73214
450;450;-3.64528;-0.170872
450;450;-3.8736;-0.569647
450;450;-4.78549;-0.284851
450;450;-7.12442;0.626949
450;450;-8.20863;1.02608
450;450;-7.18255;0.969075
450;450;-4.1051;0.342091
450;450;-3.24997;-0.057017
450;450;-2.68005;-0.627247
450;450;-2.68005;-0.627247
450;450;-3.25069;0.114059
450;450;-2.79383;2.05261
450;450;-6.32829;3.30667
450;450;-6.32829;3.30667
450;450;-5.52855;6.0985
450;450;-7.9216;7.00976
450;450;-9.51853;7.29564
450;450;-9.51853;7.29564
450;450;-9.51853;7.29564
450;450;-5.80948;5.98035
450;450;-5.69539;4.89803
450;450;-5.69539;4.89803
450;450;-6.09619;3.4754
450;450;-6.09619;3.4754
450;450;-6.09619;3.4754
450;450;-3.24915;0.798036
450;450;-4.1051;0.399107
450;450;-5.01861;0.855445
450;450;-5.01861;0.855445
450;450;-8.89776;2.05333
450;450;-8.21045;2.10963
450;450;-8.21045;2.10963
450;450;-4.38989;1.4823
450;450;-5.35943;0.969259
450;450;-5.64433;1.48235
450;450;-4.78852;2.10923
450;450;-5.24308;3.87532
450;450;-9.97135;4.67229
450;450;-9.97135;4.67229
450;450;-2.44832;6.83252
450;450;-7.22903;8.02593
450;450;-7.22903;8.02593
450;450;-12.9163;9.50228
450;450;-8.98791;9.72742
450;450;-7.50604;9.15509
450;450;-8.24449;8.6425
450;450;-8.24449;8.6425
450;450;-5.22801;7.27376
450;450;-9.54741;6.59226
450;450;-11.4268;5.62811
450;450;-7.67711;4.32193
450;450;-5.74453;3.07133
450;450;-4.32453;0.455213
450;450;-2.56211;-1.02485
450;450;-1.93625;-1.08202
450;450;-1.93625;-1.08202
450;450;-9.17567;-0.170975
450;450;-8.32264;1.02608
450;450;-4.90098;0.797834
450;450;-4.04539;0.512796
450;450;-3.4181;0.911493
450;450;-4.27222;1.13926
450;450;-5.63951;1.25322
450;450;-8.60249;1.53819
450;450;-5.69647;1.48108
450;450;-1.59476;1.82258
450;450;-1.30952;2.73292
450;450;-7.45931;4.2706
450;450;-7.45931;4.2706
450;450;-7.05782;8.70843
450;450;-13.2614;8.30975
450;450;-13.2614;8.30975
450;450;-13.2614;8.30975
450;450;-13.2614;8.30975
450;450;-1.47996;5.69215
450;450;-6.66255;5.23893
450;450;-6.37823;6.32128
450;450;-7.57511;6.32208
450;450;-7.57511;6.32208
450;450;-7.57511;6.32208
450;450;-4.44662;1.71024
450;450;0.171024;-5.68434e-14
450;450;-3.02305;-0.855581
450;450;-4.16396;-0.228162
450;450;-6.16194;1.36932
450;450;-6.16194;1.36932
450;450;-10.3906;1.76983
450;450;-4.22448;1.14175
450;450;-4.22448;1.14175
450;450;-1.31293;-0.171252
450;450;-3.82474;0.513772
450;450;-6.90716;1.65543
450;450;-7.87733;1.54122
450;450;-5.36419;2.11144
450;450;-3.42167;3.02248
450;450;-6.95696;2.50907
450;450;-2.62187;4.21779
450;450;-2.62187;4.21779
450;450;-8.13951;9.73326
450;450;-22.1502;10.2494
450;450;-22.1502;10.2494
450;450;0.967023;8.58944
450;450;-2.27484;5.97147
450;450;-3.92559;4.6652
450;450;-3.92559;4.6652
450;450;-4.5507;6.82604
450;450;-11.5536;6.48823
450;450;-16.1723;5.29587
450;450;-16.1723;5.29587
450;450;-8.03406;2.84896
450;450;-8.03406;2.84896
450;450;1.02549;-1.93704
450;450;-0.455977;-1.65292
450;450;-1.59592;1.08295
450;450;-1.59592;1.08295
450;450;-14.9936;2.50843
450;450;-14.9936;2.50843
450;450;-8.15395;2.16678
450;450;-0.171019;0.45605
450;450;-0.627167;-1.25433
450;450;-0.627167;-1.25433
450;450;-5.24673;1.36871
450;450;-5.24673;1.36871
450;450;-5.24673;1.36871
450;450;-8.43745;2.9075
450;450;-8.43745;2.9075
450;450;-4.10445;2.39426
450;450;2.6781;3.8747
450;450;2.6781;3.8747
450;450;-13.3859;7.34798
450;450;-8.37275;7.80318
450;450;-2.84688;7.34496
450;450;-3.87041;5.7487
450;450;-4.7805;5.17887
450;450;-2.84535;5.57689
450;450;-2.84535;5.57689
450;450;-2.84535;5.57689
450;450;-7.96649;6.37319
450;450;-11.8962;5.12277
450;450;-2.39025;3.07318
450;450;-0.626176;1.1385
450;450;-3.13177;0.626354
450;450;-2.50605;1.19607
450;450;-3.70271;1.65198
450;450;-7.52077;2.16507
450;450;-6.83749;2.39312
450;450;-6.83749;2.39312
450;450;-1.65114;1.25259
450;450;-2.84679;1.02485
450;450;-2.84679;1.02485
450;450;-4.32781;1.53751
450;450;-5.75234;1.42385
450;450;-2.96123;2.33481
450;450;-2.39138;3.13157
450;450;-2.39138;3.13157
450;450;-5.12488;3.13187
450;450;-2.10689;4.95405
450;450;-2.10689;4.95405
450;450;-12.5844;7.68731
450;450;-12.9302;6.60749
450;450;-12.9302;6.60749
450;450;0.45553;5.46636
450;450;-6.60644;4.67007
450;450;-5.63861;5.0121
450;450;-5.01147;6.09349
450;450;-11.4481;6.20817
450;450;-10.7158;3.53394
450;450;-4.95891;2.67895
450;450;1.31044;0.797657
450;450;-3.53293;-0.62681
450;450;-3.13474;0.455963
450;450;-3.13474;0.455963
450;450;-8.49419;1.31118
450;450;-7.69949;0.684399
450;450;-2.85175;0.11407
450;450;-1.8253;-1.02673
450;450;-3.25213;-1.08404
450;450;-3.88097;0.285365
450;450;-3.88097;0.285365
450;450;-3.88097;0.285365
450;450;-5.82071;1.31251
450;450;-5.82071;1.31251
450;450;-5.64808;1.54039
450;450;0.399107;2.79375
450;450;-4.50335;2.79321
450;450;-4.95828;5.30023
450;450;-4.95828;5.30023
450;450;-4.95828;5.30023
450;450;-12.3048;8.03228
450;450;-5.24092;6.32328
450;450;0.740096;5.52226
450;450;0.740096;5.52226
450;450;-7.63182;4.21459
450;450;-5.74998;5.35146
450;450;-5.74998;5.35146
450;450;-11.5638;2.79127
450;450;-3.18972;1.08223
450;450;1.25322;-0.455718
450;450;1.25322;-0.455718
450;450;-1.13976;-1.4247
450;450;-1.13976;-1.4247
450;450;-6.10508;0.969965
450;450;-10.6136;0.970058
450;450;-8.78981;0.285383
450;450;-1.99749;-0.741926
450;450;-1.99749;-0.741926
450;450;-1.99749;-0.741926
450;450;-5.47815;-0.970088
450;450;-6.90672;0.0570803
450;450;-5.76584;0.399613
450;450;-5.76584;0.399613
450;450;-6.44864;2.73925
450;450;-5.93353;3.02382
450;450;-5.30074;5.58572
450;450;-11.6252;6.89535
450;450;-13.2212;6.95255
450;450;-7.46427;6.15375
450;450;-7.46427;6.15375
450;450;-5.01194;4.61326
450;450;-6.6077;3.5317
450;450;-6.6077;3.5317
450;450;-7.74867;3.58946
450;450;-10.2041;1.99522
450;450;-3.47749;0.228032
450;450;-3.47749;0.228032
450;450;-3.47749;0.228032
450;450;-2.45134;-1.65323
450;450;-4.33274;-1.31123
450;450;-4.33274;-1.31123
450;450;-8.8924;-0.456021
450;450;-8.8924;-0.456021
450;450;-8.8924;-0.456021
450;450;-4.21806;-2.33703
450;450;-1.31127;-4.10484
450;450;-1.59648;-4.44733
450;450;-3.02315;-3.59355
450;450;-3.82341;-2.11144
450;450;-3.02372;0.228205
450;450;-3.02372;0.228205
450;450;-5.86978;2.62145
450;450;-3.01913;4.61414
450;450;-5.18198;6.20699
450;450;-8.42651;6.54762
450;450;-8.87891;6.88684
450;450;-4.26776;6.5439
450;450;-6.03158;6.03158
450;450;-7.28387;5.3491
450;450;-5.23644;4.49651
450;450;-5.23644;4.49651
450;450;-5.23644;4.49651
450;450;-6.71928;1.76524
450;450;-6.71928;1.76524
450;450;-1.53732;-0.0569377
450;450;-2.73301;-0.626314
450;450;-2.73301;-0.626314
450;450;-2.73301;-0.626314
450;450;-9.51642;0.62683
450;450;-7.4094;0.455963
450;450;-7.4094;0.455963
450;450;-7.4094;0.455963
450;450;-3.30741;-0.456194
450;450;-4.04847;0.114041
450;450;-6.61481;0.627267
450;450;-4.90284;1.1402
450;450;-4.90284;1.1402
450;450;-3.70224;2.33526
450;450;-4.72672;2.79048
450;450;-2.67506;5.00861
450;450;-9.84679;5.97638
450;450;-12.8663;6.03463
450;450;-6.54783;5.80764
450;450;-1.82126;5.1792
450;450;-1.82126;5.1792
450;450;-7.74156;5.29386
450;450;-7.74156;5.29386
450;450;-7.96875;6.48884
450;450;-12.6999;5.12553
450;450;-7.80367;3.13286
450;450;-2.50645;1.02536
450;450;-3.36156;-5.68434e-14
450;450;-6.15511;-0.398942
450;450;-5.92846;0.114009
450;450;-6.55613;0.399069
450;450;-9.80786;0.798314
450;450;-9.80786;0.798314
450;450;-7.24047;0.399081
450;450;-5.58643;-0.285022
450;450;-5.58643;-0.285022
450;450;-5.58643;-0.285022
450;450;-7.69681;-0.114027
450;450;-8.32449;-0.057017
450;450;-8.32449;-0.057017
450;450;-9.80755;-0.228083
450;450;-9.06657;-0.342135
450;450;-9.06657;-0.342135
450;450;-3.70587;-0.855201
450;450;-3.07726;0.740822
450;450;-3.07726;0.740822
450;450;-9.05509;5.86588
450;450;-9.22361;7.34473
450;450;-14.8612;8.19928
450;450;-13.153;7.74377
450;450;-13.153;7.74377
450;450;-3.86919;6.42969
450;450;-3.86919;6.42969
450;450;-8.4754;4.94872
450;450;-9.38759;4.43777
450;450;-8.93356;4.38143
450;450;-10.9289;2.67531
450;450;-8.31369;-0.113886
450;450;-8.31369;-0.113886
450;450;-0.683382;-2.27794
450;450;-5.86681;-1.5379
450;450;-5.86681;-1.5379
450;450;-11.8502;0.797607
450;450;-11.7958;0.797783
450;450;-7.52363;-0.455977
450;450;-4.67436;-0.855066
450;450;-1.99522;-1.42515
450;450;-5.64451;-0.684183
450;450;-5.64451;-0.684183
450;450;-9.34902;1.08312
450;450;-10.2598;1.31098
450;450;-10.2598;1.31098
450;450;-3.81845;0.512926
450;450;3.13187;2.33467
450;450;3.13187;2.33467
450;450;-7.28779;4.38406
450;450;-13.8341;6.94552
450;450;-13.8341;6.94552
450;450;-13.8341;6.94552
450;450;-12.1773;7.16984
450;450;-1.02413;6.0879
450;450;-1.02413;6.0879
450;450;-7.05335;7.28088
450;450;-7.05335;7.28088
450;450;-14.4576;7.28572
450;450;-14.4576;7.28572
450;450;-8.25179;5.69089
450;450;-7.45789;1.48019
450;450;-7.45789;1.48019
450;450;2.27837;-1.5379
450;450;-4.16013;-0.91181
450;450;-12.543;1.19728
450;450;-13.2875;2.4522
450;450;-12.3204;2.05339
450;450;-8.4444;0.399397
450;450;-2.22543;-0.51356
450;450;-2.22543;-0.51356
450;450;-4.79231;-0.228205
450;450;-4.79231;-0.228205
450;450;-11.6385;1.9968
450;450;-11.6385;1.9968
450;450;-11.6385;1.9968
450;450;-3.93405;-0.798213
450;450;-3.93405;-0.798213
450;450;0.797986;0.740987
450;450;-9.23354;2.73586
450;450;-12.2536;6.83923
450;450;-15.2173;7.69413
450;450;-10.4278;6.49603
450;450;-1.36655;5.12455
450;450;1.6503;4.38184
450;450;-3.24319;4.77944
450;450;-8.65097;5.34994
450;450;-8.65097;5.34994
450;450;-9.78925;4.32548
450;450;-9.78925;4.32548
450;450;-1.42385;-0.911262
450;450;3.70388;-3.36198
450;450;-0.284995;-3.19194
450;450;-5.81555;-1.02627
450;450;-8.09719;0.0570224
450;450;-9.92536;1.0838
450;450;-5.41919;-0.0570441
450;450;-5.41919;-0.0570441
450;450;2.39525;-1.19762
450;450;2.39525;-1.19762
450;450;-2.45228;0.171089
450;450;-6.50015;2.28075
450;450;-7.18437;2.39479
450;450;-3.13534;1.59617
450;450;-3.13534;1.59617
450;450;3.01989;0.398854
450;450;5.41165;1.08233
450;450;5.41165;1.08233
450;450;5.41165;1.08233
450;450;-8.20006;5.92227
450;450;-8.20006;5.92227
450;450;-8.20006;5.92227
450;450;-6.03101;6.99824
450;450;-4.72164;6.42826
450;450;-4.72164;6.42826
450;450;-2.21755;6.42522
450;450;-7.22332;5.91516
450;450;-3.75302;5.80012
450;450;-3.75302;4.8903
450;450;-5.74434;3.98123
450;450;-3.75432;2.21846
450;450;-1.1946;1.64968
450;450;-0.455127;0.341345
450;450;-3.98475;-0.0569251
450;450;-3.98475;-0.0569251
450;450;-2.73301;1.48038
450;450;-2.73301;1.48038
450;450;-2.73301;1.48038
450;450;-3.76074;2.10829
450;450;-1.31035;1.13944
450;450;-2.67751;0.512715
450;450;-2.67751;0.512715
450;450;-4.95765;1.08271
450;450;-4.95765;1.08271
450;450;-5.41525;0.171008
450;450;0.171013;1.08308
450;450;-0.284878;2.84878
450;450;-0.284878;2.84878
450;450;-5.58183;4.44268
450;450;-7.68853;6.26473
450;450;-9.96126;9.73357
450;450;-11.4412;9.73357
450;450;-10.5894;9.22303
450;450;-10.5894;9.22303
450;450;1.36637;7.51506
450;450;1.36637;7.51506
450;450;-3.4154;7.74156
450;450;-9.67879;8.14157
450;450;-9.50799;7.74303
450;450;-9.50799;7.74303
450;450;-10.1359;5.18182
450;450;-10.1359;5.18182
450;450;-0.512569;-0.911233
450;450;-0.512569;-0.911233
450;450;1.08271;-3.19113
450;450;-7.75677;-1.88216
450;450;-10.2148;-0.0570658
450;450;-10.2148;-0.0570658
450;450;-11.7037;-0.114182
450;450;-11.7037;-0.114182
450;450;-3.19832;-1.37071
450;450;-2.45578;-1.59911
450;450;-3.8838;-2.05613
450;450;-8.28137;-0.799581
450;450;-10.2806;0.285574
450;450;-10.3391;0.057122
450;450;-10.3391;0.057122
450;450;-5.82848;-1.48569
450;450;3.59823;-0.514032
450;450;-3.19741;1.19903
450;450;-3.19741;1.19903
450;450;-10.8501;2.96949
450;450;-3.59424;6.90321
450;450;-10.092;7.98238
450;450;-16.6484;7.18392
450;450;-7.23933;5.13023
450;450;-7.23933;5.13023
450;450;5.12812;3.53271
450;450;-5.64147;2.50732
450;450;-5.64147;2.50732
450;450;-5.64147;2.50732
450;450;-10.8322;3.47771
450;450;-13.6858;1.53965
450;450;-13.6858;1.53965
450;450;-4.67762;-1.31201
450;450;5.19184;-3.08087
450;450;5.19184;-3.08087
450;450;-4.90875;-3.08224
450;450;-5.42194;-0.228292
450;450;-11.0704;0.456512
450;450;-11.1835;-0.0570586
450;450;-6.04802;-0.399397
450;450;-6.04802;-0.399397
450;450;-6.04802;-0.399397
450;450;-4.84906;-1.42619
450;450;-7.47325;0.912764
450;450;-7.47325;0.912764
450;450;-10.4968;0.456382
450;450;-3.87875;-0.513365
450;450;-3.87875;-0.513365
450;450;-0.228119;0.741386
450;450;-8.44226;2.45282
450;450;-7.18278;6.84074
450;450;-7.18278;6.84074
450;450;-7.18278;6.84074
450;450;-13.6754;9.34487
450;450;-11.2235;7.86212
450;450;-11.2235;7.86212
450;450;0.512553;5.29638
450;450;0.512553;5.29638
450;450;0.512553;5.29638
450;450;-8.43024;5.35434
450;450;-8.71505;6.26572
450;450;-8.71505;6.26572
450;450;-11.9079;3.87434
450;450;-11.9079;3.87434
450;450;0.170981;-0.227974
450;450;0.170981;-0.227974
450;450;0.170981;-0.227974
450;450;-3.7642;-1.31177
450;450;-5.81666;0.912417
450;450;-5.81666;0.912417
450;450;-11.1225;1.31189
450;450;-11.1225;1.31189
450;450;-5.59103;-0.0570514
450;450;-1.59749;-0.855798
450;450;-0.913024;-2.33962
450;450;-0.913024;-2.33962
450;450;-5.7642;-0.114143
450;450;-5.7642;-0.114143
450;450;-5.7642;-0.114143
450;450;-9.64535;0.171219
450;450;-7.59216;-0.171252
450;450;-0.513869;-0.970642
450;450;0.513951;-0.571057
450;450;-3.19782;0.913662
450;450;-7.93618;3.59697
450;450;-7.93618;3.59697
450;450;-7.70462;6.79148
450;450;-8.67043;7.8148
450;450;-8.67043;7.8148
450;450;-12.8883;7.69876
450;450;-12.8883;7.69876
450;450;-12.8883;7.69876
450;450;0.228018;3.76229
450;450;-3.53528;2.96507
450;450;-6.61565;2.85157
450;450;-8.27219;2.79543
450;450;-8.27219;2.79543
450;450;-8.27219;2.79543
450;450;-9.93292;0.913372
450;450;0.342645;-2.79827
450;450;2.05554;-3.19751
450;450;-5.70912;-1.99819
450;450;-5.70912;-1.99819
450;450;-10.6163;0.627844
450;450;-10.6163;0.627844
450;450;-4.16541;-1.14121
450;450;-0.0570459;-1.88252
450;450;-0.0570459;-1.88252
450;450;-9.01469;0.45644
450;450;-9.98589;1.02712
450;450;-6.73313;1.19827
450;450;-1.88246;1.59724
450;450;-2.11037;1.82518
450;450;-2.96545;3.36464
450;450;-2.96545;3.36464
450;450;-2.96545;3.36464
450;450;-9.91876;7.58158
450;450;-13.5658;8.72084
450;450;-7.5787;8.09155
450;450;-7.5787;8.09155
450;450;-3.41788;5.29772
450;450;-3.41788;5.29772
450;450;-3.41788;5.29772
450;450;-6.95101;3.76038
450;450;-10.1474;2.05229
450;450;-10.1474;2.05229
450;450;-4.67747;-0.456339
450;450;-2.05463;-2.73951
450;450;-2.28408;-2.62669
450;450;-6.33853;-1.37049
450;450;-6.33853;-1.37049
450;450;-6.33853;-1.37049
450;450;-11.7653;0.39979
450;450;-7.42444;-0.114222
450;450;-7.42444;-0.114222
450;450;-2.2843;-1.31347
450;450;-2.2843;-1.31347
450;450;-4.22475;-0.285456
450;450;-7.13526;0.856232
450;450;-7.13526;0.856232
450;450;-3.36432;4.27668
450;450;-6.72567;5.64272
450;450;-6.32368;7.63399
450;450;-4.38476;8.8834
450;450;-6.71525;10.3574
450;450;-11.2648;10.582
450;450;-11.2648;10.582
450;450;-11.2648;10.582
450;450;-4.72179;9.78492
450;450;-4.72179;9.78492
450;450;-4.83771;5.69143
450;450;-3.07415;4.38351
450;450;-3.07415;4.38351
450;450;-5.63719;2.50542
450;450;-5.63719;2.50542
450;450;-2.79065;0.512569
450;450;-0.854525;-0.227873
450;450;-0.854525;-0.227873
450;450;-5.58731;0.0570134
450;450;-6.50118;0.513251
450;450;-6.50118;0.513251
450;450;-5.3046;0.0570387
450;450;-2.9662;-0.342254
450;450;-1.82507;-0.627366
450;450;-2.62345;-0.342189
450;450;-4.50549;0.114063
450;450;-3.19265;1.08322
450;450;-3.70505;1.65302
450;450;-6.89688;1.82397
450;450;-3.81772;3.30489
450;450;-3.81772;3.30489
450;450;-7.57678;5.41199
450;450;-10.8834;5.86904
450;450;-10.8834;5.86904
450;450;-1.76496;5.46567
450;450;-4.15474;5.06537
450;450;-6.25879;5.57601
450;450;-6.37117;6.2574
450;450;-8.53309;5.91628
450;450;-8.42278;4.60976
450;450;-5.86161;3.81289
450;450;-1.42277;1.76423
450;450;-1.42281;1.02442
450;450;-1.42281;1.02442
450;450;-3.70071;0.569341
450;450;-4.32795;0.968093
450;450;-5.18149;1.36655
450;450;-6.43355;1.30948
450;450;-6.8349;1.02523
450;450;-6.8349;1.02523
450;450;-5.58183;0.854362
450;450;-3.53114;0.170862
450;450;-3.53114;0.170862
450;450;-3.53114;0.170862
450;450;-4.95561;0.740494
450;450;-5.24025;1.08223
450;450;-5.24025;1.08223
450;450;-5.63915;1.19618
450;450;-2.8476;1.82247
450;450;-3.36007;2.44886
450;450;-4.15711;3.87237
450;450;-4.15711;3.87237
450;450;-10.5904;7.06027
450;450;-10.5904;7.06027
450;450;-7.74352;5.63683
450;450;-1.30919;4.09835
450;450;-3.87127;3.24504
450;450;-5.80893;3.13227
450;450;-7.51958;4.21552
450;450;-10.0286;4.04565
450;450;-11.5134;3.07785
450;450;-4.73376;0.3422
450;450;-0.114095;-0.912764
450;450;-0.114095;-0.912764
450;450;0.513527;-1.48352
450;450;-3.02497;-0.741973
450;450;-7.64731;1.14139
450;450;-11.6488;1.88437
450;450;-10.3965;1.48522
450;450;-4.16964;-5.68434e-14
450;450;-1.99895;-0.685355
450;450;-2.51289;-0.685333
450;450;-6.28242;0.799581
450;450;-6.28242;0.799581
450;450;-7.76538;2.74072
450;450;-6.96291;3.8239
450;450;-7.98947;3.76646
450;450;-4.16396;3.9358
450;450;-1.99598;4.39115
450;450;-1.99598;4.39115
450;450;-1.99598;4.39115
450;450;-11.0585;6.6123
450;450;-13.0548;7.01198
450;450;-4.21686;5.18559
450;450;-4.55761;3.47518
450;450;-4.55761;3.47518
450;450;-6.43803;3.07658
450;450;-6.43803;3.07658
450;450;-9.69075;1.82414
450;450;-9.69075;1.82414
450;450;-1.25445;-0.627227
450;450;-2.11003;-1.14056
450;450;-2.11003;-1.14056
450;450;-3.02219;-0.22809
450;450;-7.35543;0.96932
450;450;-7.35543;0.96932
450;450;-7.35543;0.96932
450;450;-6.67353;1.08374
450;450;-6.67353;1.08374
450;450;-2.05378;-1.59739
450;450;-3.30877;-1.14095
450;450;-3.30866;0.342276
450;450;-4.90564;2.50986
450;450;-6.95894;3.47947
450;450;-7.3538;5.87164
450;450;-6.72396;7.52172
450;450;-6.72396;7.52172
450;450;-6.72396;7.52172
450;450;-10.3699;7.80589
450;450;-8.71863;7.0091
450;450;-5.86996;5.07211
450;450;-5.07259;3.59071
450;450;-4.10406;1.65302
450;450;-3.64921;0.798264
450;450;-5.58926;-0.0570333
450;450;-6.27446;-0.171122
450;450;-5.47797;0.114124
450;450;-5.42091;0.114124
450;450;-5.70803;-0.0570803
450;450;-5.53784;0.114182
450;450;-5.53784;0.114182
450;450;-5.53784;0.114182
450;450;-5.30982;0.456758
450;450;-5.30982;0.456758
450;450;-3.99562;0.684964
450;450;-3.99562;0.684964
450;450;-1.65491;2.45383
450;450;-5.82035;4.73616
450;450;-5.82035;4.73616
450;450;-9.01297;8.15731
450;450;-10.1497;9.1233
450;450;-9.40572;8.20863
450;450;-4.61706;7.2391
450;450;-3.70517;6.95431
450;450;-6.61146;6.38348
450;450;-6.61146;6.38348
450;450;-9.0637;5.98546
450;450;-9.06427;4.9597
450;450;-6.8995;2.67997
450;450;-6.8995;2.67997
450;450;-2.96535;1.42565
450;450;-2.96535;1.42565
450;450;-5.58908;1.14063
450;450;-7.47089;1.93901
450;450;-7.47089;1.93901
450;450;-7.47089;1.93901
450;450;-8.50254;1.94018
450;450;-8.50254;1.94018
450;450;-4.16633;0.856096
450;450;-3.25358;0.570803
450;450;-5.13902;0.913604
450;450;-6.28182;1.48479
450;450;-5.59618;2.28415
450;450;-2.62519;4.16607
450;450;-3.65163;4.90688
450;450;-5.64504;6.67141
450;450;-5.64504;6.67141
450;450;-4.44564;7.92236
450;450;-5.29537;10.2491
450;450;-5.29537;10.2491
450;450;-9.33601;10.7023
450;450;-10.0748;10.3594
450;450;-3.35699;8.8761
450;450;-3.35699;8.8761
450;450;-4.95029;6.20209
450;450;-3.98387;5.29286
450;450;-3.98387;5.29286
450;450;-7.74328;3.6439
450;450;-7.74328;3.6439
450;450;-1.02556;0.740682
450;450;-1.02556;0.740682
450;450;-0.569899;0.34194
450;450;-0.569899;0.34194
450;450;-6.84096;1.65323
450;450;-8.83764;2.50875
450;450;-8.83764;2.50875
450;450;-4.04834;0.912301
450;450;-1.93864;-0.228075
450;450;-1.93864;-0.228075
450;450;-1.93864;-0.228075
450;450;-7.18506;0.969412
450;450;-4.73256;1.48249
450;450;-4.73256;1.48249
450;450;-3.81966;2.10936
450;450;-4.04718;2.85013
450;450;-0.683533;5.98091
450;450;-10.7633;8.71312
450;450;-10.7633;8.71312
450;450;-18.0054;8.54687
450;450;-17.2647;8.48989
450;450;1.99332;6.7773
450;450;1.99332;6.7773
450;450;-4.09873;5.06649
450;450;-5.35079;6.31848
450;450;-11.9562;7.6861
450;450;-14.9869;5.47052
450;450;-3.47826;2.73699
450;450;-3.47826;2.73699
450;450;-0.399309;-0.68453
450;450;-4.73706;-0.171219
450;450;-4.73706;-0.171219
450;450;-7.99023;2.22585
450;450;-12.6167;2.1694
450;450;-5.59405;1.36997
450;450;-1.19846;0.570694
450;450;-0.399435;-0.741809
450;450;-3.48135;-0.285356
450;450;-4.68044;1.14157
450;450;-4.68044;1.14157
450;450;-5.93522;2.7964
450;450;-5.70441;4.05013
450;450;-5.70441;4.05013
450;450;-4.95781;6.15452
450;450;-4.95781;6.15452
450;450;-11.6215;7.06407
450;450;-6.37843;6.54928
450;450;-5.46567;6.09195
450;450;-5.46567;6.09195
450;450;-7.34659;5.23943
450;450;-7.34659;5.23943
450;450;-7.34659;5.23943
450;450;-10.0318;4.67392
450;450;-9.63527;3.76289
450;450;-4.84645;2.79383
450;450;-4.84645;2.79383
450;450;-4.90751;1.19834
450;450;-5.65095;1.54117
450;450;-5.93654;2.28328
450;450;-9.13488;2.39791
450;450;-8.62241;1.94147
450;450;-8.5082;1.94147
450;450;-4.62482;1.08484
450;450;-4.62482;1.08484
450;450;-5.30897;1.1988
450;450;-5.47954;1.54112
450;450;-3.88011;2.39654
450;450;-5.07596;4.04936
450;450;-9.29554;4.22006
450;450;-7.92562;4.61853
450;450;-1.88049;6.15433
450;450;-2.90566;6.60895
450;450;-9.62795;6.95035
450;450;-5.97959;7.34635
450;450;-5.97959;7.34635
450;450;-6.48802;7.91083
450;450;-8.53498;6.77108
450;450;-8.53498;6.77108
450;450;-2.84347;6.53997
450;450;-2.72938;6.08425
450;450;-2.72938;6.08425
450;450;-7.67978;4.039
450;450;-2.21973;2.16281
450;450;-4.72672;0.911176
450;450;-6.55301;-0.170948
450;450;-6.55301;-0.170948
450;450;-4.61692;-0.056999
450;450;-4.61692;-0.056999
450;450;-7.35473;0.570134
450;450;-5.01877;0.171094
450;450;-5.01877;0.171094
450;450;-3.93729;-0.285311
450;450;-2.85302;-0.0570604
450;450;-4.67895;0.171181
450;450;-4.22207;1.25521
450;450;-4.22207;1.25521
450;450;-4.22207;1.25521
450;450;-8.09847;3.76408
450;450;-7.52601;6.04361
450;450;-7.75063;7.69364
450;450;-7.75063;7.69364
450;450;-12.1931;8.0338
450;450;-8.14466;8.08771
450;450;-10.9914;7.11878
450;450;-11.7336;6.49336
450;450;-8.71725;5.69755
450;450;-7.97657;5.01385
450;450;-10.9431;2.90676
450;450;-9.69228;1.99547
450;450;-9.69228;1.99547
450;450;-4.38962;-0.171024
450;450;-7.2991;-1.76775
450;450;-7.2991;-1.76775
450;450;-7.2991;-1.76775
450;450;-4.56295;-0.627406
450;450;-9.24056;-0.456324
450;450;-9.24056;-0.456324
450;450;-5.93109;0.171089
450;450;-5.53013;-0.684139
450;450;-6.44068;-0.512974
450;450;-5.75653;-0.227981
450;450;-5.75653;-0.227981
450;450;-5.75617;1.02585
450;450;-5.75617;1.02585
450;450;-9.74343;3.13385
450;450;-8.26093;4.32987
450;450;-8.26093;4.32987
450;450;-12.5334;7.29217
450;450;-15.8437;6.04113
450;450;-3.58968;4.67229
450;450;-2.33592;3.53237
450;450;-7.00865;3.01999
450;450;-10.0888;2.62195
450;450;-10.0888;2.62195
450;450;-10.8298;2.33696
450;450;-11.0603;-0.969197
450;450;-1.88246;-2.79516
450;450;-0.28542;-3.1967
450;450;-0.28542;-3.1967
450;450;-5.9371;-1.71263
450;450;-6.05128;-1.65554
450;450;-6.05128;-1.65554
450;450;-11.3026;1.08459
450;450;-9.70058;0.570622
450;450;-3.53562;-0.798365
450;450;-1.14045;-1.82472
450;450;-2.50962;-0.0570369
450;450;-5.133;1.5399
450;450;-12.0949;4.16475
450;450;-10.7803;5.81795
450;450;-7.81084;6.3855
450;450;-7.69584;5.75763
450;450;-3.19235;4.21846
450;450;0.797783;3.98892
450;450;0.797783;3.98892
450;450;-9.22945;4.61472
450;450;-9.22945;4.61472
450;450;-5.81113;4.15895
450;450;-4.38517;1.87936
450;450;-2.05002;0.0569449
450;450;-0.45553;-0.0569413
450;450;-2.39153;-0.227765
450;450;-8.0872;0.683425
450;450;-8.0872;0.683425
450;450;-9.34162;0.683533
450;450;-9.34162;0.683533
450;450;-4.90067;-0.398892
450;450;-3.76146;-0.569918
450;450;-4.73151;-0.45605
450;450;-5.6999;0.797986
450;450;-5.6999;0.797986
450;450;-10.7718;2.96366
450;450;-8.15085;2.84995
450;450;-8.15085;2.84995
450;450;-6.26394;4.04309
450;450;-9.90778;3.53036
450;450;-3.64228;3.86993
450;450;-6.37279;4.49509
450;450;-6.37279;4.49509
450;450;-8.02491;4.21166
450;450;-6.08829;4.89339
450;450;-7.96649;2.44685
450;450;-4.38198;2.04872
450;450;-1.5363;1.7639
450;450;-3.86956;1.19501
450;450;-8.13951;2.21987
450;450;-7.96951;2.61855
450;450;-7.96951;2.61855
450;450;-5.63701;-0.512455
450;450;-5.63701;-0.512455
450;450;0.512861;-2.50732
450;450;-2.6222;-2.22317
450;450;-8.61257;-1.0837
450;450;-8.9565;0.51343
450;450;-7.18779;0.28523
450;450;-5.93297;0.0570477
450;450;-4.56382;-0.0570477
450;450;-3.82232;-5.68434e-14
450;450;-3.82232;-5.68434e-14
450;450;-3.82232;-5.68434e-14
450;450;-5.07628;0.969627
450;450;-5.07628;0.969627
450;450;-8.83708;5.18822
450;450;-12.5996;7.29749
450;450;-12.5996;7.29749
450;450;-11.2249;9.05968
450;450;-10.2536;7.5763
450;450;-5.1265;6.49356
450;450;-6.60602;6.32128
450;450;-12.1289;6.49151
450;450;-12.1289;6.49151
450;450;-12.1889;6.26532
450;450;-9.68369;5.58236
450;450;-9.68369;5.58236
450;450;-7.9211;2.22247
450;450;-3.13494;0.284995
450;450;-3.13494;0.284995
450;450;-4.16145;0.171019
450;450;-4.16145;0.171019
450;450;-4.16145;0.171019
450;450;-8.95224;1.71062
450;450;-8.95224;1.71062
450;450;-7.81628;0.912851
450;450;-3.70857;-0.057055
450;450;-3.70857;-0.057055
450;450;-3.99448;0.171192
450;450;-7.01976;1.25557
450;450;-6.33391;1.54068
450;450;-7.24621;1.82582
450;450;-8.78758;1.71187
450;450;-6.16311;1.42665
450;450;-0.798264;3.022
450;450;-0.798264;3.022
450;450;-15.2322;4.16462
450;450;-7.64488;3.65129
450;450;-7.64488;3.65129
450;450;-5.24407;2.90704
450;450;-6.89862;2.33755
450;450;-5.92864;4.16145
450;450;-11.5185;4.10562
450;450;-10.325;2.22472
450;450;-10.325;2.22472
450;450;-3.59321;0.912561
450;450;-3.59321;0.912561
450;450;-7.35986;-0.570532
450;450;-7.30373;-0.0570604
450;450;-7.30373;-0.0570604
450;450;-7.64997;-0.91343
450;450;-7.25081;-0.913488
450;450;-4.73827;-0.856313
450;450;-5.93673;-0.742091
450;450;-8.04858;-0.856232
450;450;-7.7056;-0.399549
450;450;-6.73462;0.171219
450;450;-6.73462;0.171219
450;450;-6.9638;-0.171241
450;450;-5.93579;-0.570749
450;450;-1.8253;0.342243
450;450;-3.3639;1.93852
450;450;-9.69259;3.87703
450;450;-9.92065;4.84629
450;450;-7.34868;6.26631
450;450;-7.34868;6.26631
450;450;-8.42571;5.57919
450;450;-1.5362;4.66549
450;450;-1.5362;4.66549
450;450;-0.796372;4.94888
450;450;-8.8192;6.08809
450;450;-11.2712;6.14791
450;450;-7.85591;5.74961
450;450;-7.85591;5.74961
450;450;-5.5247;1.93649
450;450;-0.797556;0.68362
450;450;-2.96413;-0.171008
450;450;-7.64319;-5.68434e-14
450;450;-6.8466;0.171165
450;450;-6.78954;0.171165
450;450;-5.59121;-0.342319
450;450;-5.59121;-0.342319
450;450;-3.59435;-0.285266
450;450;-5.30662;-0.114121
450;450;-7.70706;0.0570894
450;450;-6.85116;0.913488
450;450;-5.99514;0.628063
450;450;-5.25272;0.0570948
450;450;-1.65538;0.742068
450;450;-3.70869;2.28227
450;450;-3.70869;2.28227
450;450;-4.96111;5.58838
450;450;-5.98489;7.63786
450;450;-5.98489;7.63786
450;450;-14.1429;7.01443
450;450;-14.1429;7.01443
450;450;-1.19626;6.26612
450;450;-7.63399;5.64004
450;450;-7.34938;6.43783
450;450;-9.56825;7.51791
450;450;-9.56825;7.51791
450;450;-12.4214;5.98281
450;450;-12.4214;5.98281
450;450;-2.1637;3.87188
450;450;-2.1637;3.87188
450;450;-5.98224;1.19645
450;450;-5.98224;1.19645
450;450;-5.98224;1.19645
450;450;-6.49665;1.70964
450;450;-9.34813;1.93803
450;450;-9.3499;1.88138
450;450;-6.04227;1.71008
450;450;-5.41507;1.14002
450;450;-5.41507;1.14002
450;450;-5.3041;1.1977
450;450;-4.90564;1.0838
450;450;-4.90564;1.0838
450;450;-4.79049;2.68039
450;450;-7.01376;3.93455
450;450;-6.09889;5.5289
450;450;-5.52732;6.43905
450;450;-8.08976;7.2352
450;450;-8.08976;7.2352
450;450;-6.32348;6.20955
450;450;-6.32348;6.20955
450;450;-6.32348;6.20955
450;450;-5.41147;3.9874
450;450;-5.41147;3.9874
450;450;-5.92602;4.10263
450;450;-5.92602;4.10263
450;450;-5.92602;4.10263
450;450;-8.66275;4.38836
450;450;-5.92733;2.84968
450;450;-4.44536;2.16569
450;450;-4.27398;0.968768
450;450;-4.95797;0.455905
450;450;-4.84522;0.456021
450;450;-5.70116;0.627128
450;450;-5.70116;0.627128
450;450;-8.38416;0.798491
450;450;-8.38416;0.798491
450;450;-5.36436;0.684812
450;450;-3.19579;0.285338
450;450;-2.73829;-0.114095
450;450;-1.0836;0.513283
450;450;-4.04731;1.76714
450;450;-6.95431;2.2801
450;450;-6.89578;4.21726
450;450;-6.89578;4.21726
450;450;-6.89578;4.21726
450;450;-8.48747;6.43681
450;450;-9.17132;6.6079
450;450;-6.8912;6.54949
450;450;-6.37702;5.7507
450;450;-6.88968;5.23843
450;450;-6.88968;5.23843
450;450;-5.8631;3.47232
450;450;-8.02821;1.87894
450;450;-7.2901;0.170862
450;450;-4.55876;-1.42461
450;450;-4.55876;-1.42461
450;450;-4.55876;-1.42461
450;450;-4.55876;-1.42461
450;450;-5.41919;-1.54019
450;450;-5.41919;-1.54019
450;450;-8.16145;-0.342438
450;450;-7.99048;-0.513674
450;450;-5.30662;-1.02709
450;450;-3.76467;-1.42601
450;450;-3.76467;-1.42601
450;450;-3.8222;-1.14095
450;450;-3.8222;-1.14095
450;450;-5.81739;1.25473
450;450;-5.81739;1.25473
450;450;-9.06485;2.67955
450;450;-9.06485;2.67955
450;450;-8.14569;4.89881
450;450;-8.14569;4.89881
450;450;-8.77201;5.01258
450;450;-8.77201;5.01258
450;450;-6.2066;4.84001
450;450;-10.0239;5.0689
450;450;-9.97166;4.95734
450;450;-7.5787;4.55862
450;450;-7.40846;3.98917
450;450;-7.1269;2.22359
450;450;-4.50606;0.969658
450;450;-3.9936;0.513462
450;450;-5.30679;0.114124
450;450;-5.47867;0.0570694
450;450;-5.30813;0.17123
450;450;-5.30813;0.17123
450;450;-5.30813;0.17123
450;450;-8.73439;-0.22835
450;450;-8.73439;-0.22835
450;450;-6.16585;-1.19891
450;450;-6.16585;-1.19891
450;450;-7.02489;-1.42782
450;450;-7.14025;-1.0282
450;450;-5.02562;-0.228437
450;450;-5.70803;1.59825
450;450;-7.41973;1.71225
450;450;-10.3857;2.45375
450;450;-4.21939;4.33343
450;450;-4.21939;4.33343
450;450;-11.2851;6.04151
450;450;-11.2851;6.04151
450;450;-6.83879;6.15491
450;450;-6.83879;6.15491
450;450;-7.80639;4.90036
450;450;-6.83749;3.76062
450;450;-4.27222;4.10133
450;450;-4.27222;4.10133
450;450;-7.86661;1.53912
450;450;-4.21846;1.14012
450;450;-2.56625;-0.855418
450;450;-4.50649;-2.28177
450;450;-4.50649;-2.28177
450;450;-5.02036;-1.42624
450;450;-8.8452;-1.48371
450;450;-8.8452;-1.48371
450;450;-6.33732;-0.57093
450;450;-6.33732;-0.57093
450;450;-4.51106;-2.28408
450;450;-4.39644;-2.34096
450;450;-1.82645;-1.02738
450;450;-1.82645;-1.02738
450;450;-8.90425;1.14157
450;450;-9.1911;3.48234
450;450;-9.1911;3.48234
450;450;-7.35496;5.9866
450;450;-9.40453;6.55467
450;450;-6.77837;7.68975
450;450;-8.99672;8.19954
450;450;-10.3064;7.97178
450;450;-8.25701;6.77644
450;450;-8.25701;6.77644
450;450;-8.25701;6.77644
450;450;-6.55156;3.01942
450;450;-3.58991;2.39327
450;450;-3.9328;1.42493
450;450;-5.53065;1.42543
450;450;-5.53065;1.42543
450;450;-5.53065;1.42543
450;450;-6.27326;0.741386
450;450;-7.9839;0.513251
450;450;-6.61649;-0.0570387
450;450;-5.87629;-5.68434e-14
450;450;-6.55945;0.342232
450;450;-6.55945;0.342232
450;450;-6.55945;0.342232
450;450;-7.24231;0.741339
450;450;-7.24231;0.741339
450;450;-7.92712;0.570297
450;450;-6.10295;0.74148
450;450;-3.82159;1.59708
450;450;-3.82159;1.59708
450;450;-3.82159;1.59708
450;450;-3.82159;1.59708
450;450;-9.17771;5.2444
450;450;-5.01178;8.25805
450;450;-8.76507;10.1311
450;450;-14.1152;10.3587
450;450;-14.1152;10.3587
450;450;-15.3143;9.79204
450;450;-4.78004;8.13745
450;450;-4.78004;8.13745
450;450;-4.49452;6.37198
450;450;-4.49452;6.37198
450;450;-5.23562;4.66653
450;450;-7.3424;4.49651
450;450;-10.7609;3.6439
450;450;-9.39739;1.53775
450;450;-2.22134;-0.0569575
450;450;-0.854497;-0.854497
450;450;-3.76038;-1.08253
450;450;-7.35287;0.512991
450;450;-7.35287;0.512991
450;450;-13.0552;2.05235
450;450;-10.0907;1.82431
450;450;-10.0907;1.82431
450;450;-2.33592;0.170921
450;450;-3.87311;-5.68434e-14
450;450;-7.00732;0.797581
450;450;-7.00732;0.797581
450;450;-7.00732;0.797581
450;450;-7.29079;1.93662
450;450;-8.14441;1.93643
450;450;-7.00511;2.33504
450;450;-3.87176;4.3842
450;450;-3.87176;4.3842
450;450;-12.5896;6.72205
450;450;-12.5896;6.72205
450;450;-12.5896;6.72205
450;450;-8.82701;7.68804
450;450;-7.6282;7.11586
450;450;-7.6282;7.11586
450;450;-6.43091;5.57725
450;450;-7.7975;5.12245
450;450;-7.7975;5.12245
450;450;-9.28378;3.07561
450;450;-5.18379;1.42412
450;450;-3.41842;-1.0825
450;450;-3.19134;-1.88061
450;450;-2.16603;-1.93803
450;450;-5.41576;-1.4252
450;450;-9.18003;-1.14038
450;450;-12.3211;-0.570423
450;450;-7.18824;-0.114099
450;450;-7.18824;-0.114099
450;450;-3.82244;-1.08398
450;450;-3.30762;-0.855418
450;450;-3.30762;-0.855418
450;450;-9.12359;-0.0570224
450;450;-10.7195;0.285094
450;450;-10.7195;0.285094
450;450;-1.59632;-0.171035
450;450;-1.59632;-0.171035
450;450;-1.31106;0.684031
450;450;-8.78257;1.48277
450;450;-8.78257;1.48277
