target.x;target.y;delta.x;delta.y
450;450;-1.13789;0.568945
450;450;0.739839;-0.512196
450;450;0.739839;-0.512196
450;450;0.739839;-0.512196
450;450;-0.569143;-0.3984
450;450;-0.569143;-0.3984
450;450;-1.13832;0.341496
450;450;-1.13832;0.341496
450;450;0.853525;0.796623
450;450;0.853525;0.796623
450;450;0.853525;0.796623
450;450;-0.455213;-0.68282
450;450;-0.455213;-0.68282
450;450;-0.455213;-0.68282
450;450;-0.739839;-0.0569107
450;450;-0.739839;-0.0569107
450;450;-0.739839;-0.0569107
450;450;-0.739839;-0.0569107
450;450;-0.739839;-0.0569107
450;450;0.284445;-0.739558
450;450;0.284445;-0.739558
450;450;0.170656;-1.08082
450;450;0.0568747;-5.68434e-14
450;450;0.0568747;-5.68434e-14
450;450;0.170619;0.227492
450;450;0.170619;0.227492
450;450;0.170619;0.227492
450;450;0.170619;0.227492
450;450;0.113739;0.284347
450;450;0.113739;0.284347
450;450;-0.227535;0.284418
450;450;-0.227535;0.284418
450;450;-1.02391;0.227535
450;450;-1.02391;0.227535
450;450;1.53571;-0.284391
450;450;1.53571;-0.284391
450;450;1.53571;-0.284391
450;450;-0.511872;-0.796246
450;450;0.398135;0.113753
450;450;0.398135;0.113753
450;450;0.853067;0.568711
450;450;0.853067;0.568711
450;450;-0.284311;0.511759
450;450;-0.454868;0.454868
450;450;-0.511791;-0.682389
450;450;-0.398161;-0.910082
450;450;-0.170678;0.227571
450;450;-0.170678;0.227571
450;450;0.0568891;0.512002
450;450;0.568783;-5.68434e-14
450;450;0.568783;-5.68434e-14
450;450;0.284454;-0.284454
450;450;0.398312;-0.512115
450;450;0.398312;-0.512115
450;450;-0.85366;-5.68434e-14
450;450;-0.85366;-5.68434e-14
450;450;0.398337;0.455242
450;450;0.398337;0.455242
450;450;0.398337;0.455242
450;450;0.170716;0.398337
450;450;0.170716;0.398337
450;450;0.113789;0.0568945
450;450;0.113789;0.0568945
450;450;-0.113775;-0.0568873
450;450;-0.113775;-0.0568873
450;450;-0.91034;-0.0568963
450;450;-0.91034;-0.0568963
450;450;-0.91034;-0.0568963
450;450;-5.68434e-14;-0.398211
450;450;-5.68434e-14;-0.398211
450;450;0.11376;-0.455041
450;450;0.11376;-0.455041
450;450;-0.0568711;-0.341227
450;450;-0.0568711;-0.341227
450;450;-0.0568711;-0.341227
450;450;0.967053;0.739511
450;450;0.967053;0.739511
450;450;0.967053;0.739511
450;450;-0.341378;-0.170689
450;450;-0.341378;-0.170689
450;450;-0.512164;-0.455257
450;450;-0.512164;-0.455257
450;450;0.512309;0.227693
450;450;0.853687;0.739862
450;450;0.284544;0.853633
450;450;0.284544;0.853633
450;450;-5.68434e-14;0.0569125
450;450;-0.0569197;-0.341518
450;450;-0.0569197;-0.341518
450;450;-0.0569197;-0.341518
450;450;-0.96791;-0.227743
450;450;-0.96791;-0.227743
450;450;-0.96791;-0.227743
450;450;0.854308;-0.0569539
450;450;0.854308;-0.0569539
450;450;0.854308;-0.0569539
450;450;-1.13911;0.170867
450;450;-1.13911;0.170867
450;450;0.854335;0.341734
450;450;0.854335;0.341734
450;450;1.42367;0.113893
450;450;1.42367;0.113893
450;450;-0.569323;0.398526
450;450;-0.569323;0.398526
450;450;-0.569323;0.398526
450;450;0.910772;-0.0569233
450;450;0.910772;-0.0569233
450;450;-0.341507;-0.284589
450;450;-0.341507;-0.284589
450;450;-0.341507;-0.284589
450;450;0.626097;-0.113836
450;450;1.25219;-0.113836
450;450;-0.682885;-0.284535
450;450;-0.227628;-0.398349
450;450;-0.227628;-0.398349
450;450;-0.227628;-0.398349
450;450;-0.455314;0.170743
450;450;-1.25239;0.170781
450;450;-1.25239;0.170781
450;450;0.0569215;0.455372
450;450;0.0569215;0.455372
450;450;1.25243;0.227715
450;450;1.25243;0.227715
450;450;-1.1389;0.284724
450;450;-1.1389;0.284724
450;450;0.740377;-0.398665
450;450;0.740377;-0.398665
450;450;0.797228;-0.854173
450;450;-0.284688;-0.854065
450;450;-0.284688;-0.854065
450;450;-0.796674;0.625958
450;450;-0.910312;0.853417
450;450;-0.910312;0.853417
450;450;0.568747;0.341248
450;450;1.08045;-0.625523
450;450;1.08045;-0.625523
450;450;-0.795969;-0.852824
450;450;-1.64885;-0.34114
450;450;-1.64885;-0.34114
450;450;0.795919;0.397959
450;450;0.0568478;0.170543
450;450;0.0568478;0.170543
450;450;-1.07997;0.511565
450;450;1.30779;0.113721
450;450;-0.398085;0.227477
450;450;-1.13749;-0.284374
450;450;-1.13749;-0.284374
450;450;0.398186;-0.910139
450;450;1.25124;0.227499
450;450;1.25124;0.227499
450;450;-1.08082;0.284427
450;450;-1.08082;0.284427
450;450;1.25156;-5.68434e-14
450;450;-0.28449;-0.170694
450;450;-1.47954;-0.625958
450;450;0.341507;-0.455343
450;450;0.626097;-0.284589
450;450;0.341464;0.569107
450;450;-0.739675;1.13796
450;450;-0.739675;1.13796
450;450;0.398324;-1.53639
450;450;0.569017;1.59325
450;450;0.227657;-0.853714
450;450;0.227657;-0.853714
450;450;0.170748;0.227664
450;450;0.170748;0.227664
450;450;0.170748;0.227664
450;450;-0.569017;0.34141
450;450;-0.17064;-0.2844
450;450;-0.17064;-0.2844
450;450;0.511986;-0.341324
450;450;-0.398312;0.113803
450;450;-0.398312;0.113803
450;450;0.796196;0.398098
450;450;0.113757;0.398148
450;450;-0.909995;-5.68434e-14
450;450;-0.909995;-5.68434e-14
450;450;-0.909995;-5.68434e-14
450;450;-0.113717;-0.511727
450;450;0.397846;-0.227341
450;450;0.397846;-0.227341
450;450;0.397846;-0.227341
450;450;1.3637;-0.227283
450;450;-1.42057;-0.170468
450;450;0.0568298;0.170489
450;450;0.625167;-0.227334
450;450;0.909277;-0.170489
450;450;0.340957;-5.68434e-14
450;450;-0.113663;-0.284158
450;450;0.284185;-0.397859
450;450;-0.341022;0.511533
450;450;-1.53503;0.397972
450;450;0.568567;0.568567
450;450;0.568567;0.568567
450;450;0.568567;0.568567
450;450;-0.739301;-0.113739
450;450;-0.739301;-0.113739
450;450;0.511775;-0.227456
450;450;-0.454911;-0.568639
450;450;-0.682302;-0.341151
450;450;0.284239;-0.113696
450;450;0.284239;-0.113696
450;450;1.64879;0.284275
450;450;-1.25069;0.625345
450;450;0.397846;1.02303
450;450;0.454624;-0.85242
450;450;-0.966076;-0.681936
450;450;-0.966076;-0.681936
450;450;-0.966076;-0.681936
450;450;0.511501;-0.0568334
450;450;-0.511694;-1.1371
450;450;-0.511646;1.19384
450;450;0.170554;-0.170554
450;450;1.25077;-0.568531
450;450;1.25077;-0.568531
450;450;-0.68213;1.08004
450;450;-0.68213;1.08004
450;450;-0.68213;1.08004
450;450;0.909593;-0.511646
450;450;-0.625325;-0.625325
450;450;-0.966351;-0.511598
450;450;-0.0568406;-0.170522
450;450;0.397859;0.056837
450;450;1.36456;0.0568567
450;450;1.36456;0.0568567
450;450;-0.852824;0.284275
450;450;-0.852824;0.284275
450;450;-0.852824;0.284275
450;450;-0.454854;0.227427
450;450;-1.08052;0.284347
450;450;0.0568729;0.454983
450;450;0.0568729;0.454983
450;450;1.47823;-0.682259
450;450;1.47823;-0.682259
450;450;-0.45484;-0.397985
450;450;-0.45484;-0.397985
450;450;-0.45484;-0.397985
450;450;1.64874;0.113706
450;450;1.64874;0.113706
450;450;1.64874;0.113706
450;450;0.454696;-5.68434e-14
450;450;-0.284275;0.170565
450;450;-1.02349;-0.227441
450;450;0.511694;0.397985
450;450;0.511694;0.397985
450;450;-0.511565;0.227362
450;450;-0.909421;-0.113678
450;450;0.170511;-0.170511
450;450;0.738904;-0.227355
450;450;0.341043;-0.568406
450;450;-1.42052;-0.454567
450;450;-1.42052;-0.454567
450;450;0.511355;-0.0568173
450;450;0.511355;-0.0568173
450;450;-0.227283;0.113642
450;450;-0.227283;0.113642
450;450;-0.682087;0.341043
450;450;0.454782;0.170543
450;450;0.454782;0.170543
450;450;1.25049;-0.170522
450;450;-1.0798;-0.0568316
450;450;-1.0798;-0.0568316
450;450;0.625049;0.113645
450;450;-0.738624;0.113635
450;450;-0.738624;0.113635
450;450;-1.76128;0.340893
450;450;1.13652;0.340957
450;450;-0.795894;0.0568496
450;450;-0.0568657;0.113731
450;450;-0.0568657;0.113731
450;450;-0.0568657;0.113731
450;450;-0.398098;-0.568711
450;450;-0.454969;-0.568711
450;450;-0.454969;-0.568711
450;450;0.398098;-0.454969
450;450;-0.455098;0.227549
450;450;-0.455098;0.227549
450;450;0.170667;0.0568891
450;450;0.511888;0.227506
450;450;0.511888;0.227506
450;450;0.625661;-0.227513
450;450;0.625661;-0.227513
450;450;0.0568693;-0.0568693
450;450;0.0568693;-0.0568693
450;450;0.341108;0.341108
450;450;0.341108;0.341108
450;450;-0.966595;0.966595
450;450;-0.966595;0.966595
450;450;0.625562;-0.454954
450;450;0.853174;-0.398148
450;450;-0.511937;-0.455055
450;450;-0.511937;-0.455055
450;450;-0.511937;-0.455055
450;450;-0.0568585;-0.227434
450;450;-0.0568585;-0.227434
450;450;-0.0568514;0.227405
450;450;-0.0568514;0.227405
450;450;-0.0568514;0.227405
450;450;0.568208;0.284104
450;450;0.568208;0.284104
450;450;0.568208;0.284104
450;450;0.170495;-0.34099
450;450;-0.284131;-0.340957
450;450;-0.341;-0.284167
450;450;-0.795869;-0.454782
450;450;-0.909852;-0.454926
450;450;0.910398;-0.227599
450;450;0.341453;0.227635
450;450;0.341453;0.227635
450;450;-0.398425;0.341507
450;450;-0.853633;0.398362
450;450;0.170737;0.398387
450;450;0.796699;0.341442
450;450;0.796699;0.341442
450;450;0.796699;0.341442
450;450;-0.625879;-0.341388
450;450;-0.625879;-0.341388
450;450;-0.0568963;-0.398274
450;450;-0.0569107;-0.455285
450;450;-0.512245;-0.0569161
450;450;0.22765;0.284562
450;450;0.22765;0.284562
450;450;0.341486;0.3984
450;450;0.341486;0.3984
450;450;0.739558;0.568891
450;450;-0.284427;-0.341313
450;450;-0.625819;-0.398249
450;450;-0.853606;-0.398349
450;450;0.227664;-0.455329
450;450;0.227664;-0.455329
450;450;0.569053;0.569053
450;450;0.0568927;0.625819
450;450;-0.170678;0.512034
450;450;-1.08076;-0.682583
450;450;-1.08076;-0.682583
450;450;-1.08076;-0.682583
450;450;0.909909;-0.454954
450;450;-0.568585;0.568585
450;450;-0.852716;1.02326
450;450;-0.852716;1.02326
450;450;0.738881;-0.852555
450;450;0.795743;-0.909421
450;450;0.113627;0.0568137
450;450;0.113627;0.0568137
450;450;0.511355;0.0568173
450;450;-0.284158;-5.68434e-14
450;450;-0.284158;-5.68434e-14
450;450;-0.454696;0.170511
450;450;-0.454696;0.170511
450;450;-5.68434e-14;0.284149
450;450;-5.68434e-14;0.284149
450;450;0.1705;0.227334
450;450;0.966351;0.341065
450;450;0.966351;0.341065
450;450;0.966351;0.341065
450;450;0.966351;0.341065
450;450;0.966351;0.341065
450;450;0.397985;-5.68434e-14
450;450;0.397985;-5.68434e-14
450;450;0.397985;-5.68434e-14
450;450;0.568783;-1.13757
450;450;0.227463;0.39806
450;450;0.227463;0.39806
450;450;0.227463;0.39806
450;450;-0.113713;0.568567
450;450;-1.08048;-0.113735
450;450;-1.08048;-0.113735
450;450;0.853147;-0.341259
450;450;0.853147;-0.341259
450;450;0.853147;-0.341259
450;450;-0.853013;-0.113735
450;450;-0.853013;-0.113735
450;450;0.568496;-0.170549
450;450;0.568496;-0.170549
450;450;0.568496;-0.170549
450;450;-0.28423;-0.341076
450;450;0.113663;0.284158
450;450;0.1705;0.454667
450;450;0.1705;0.341
450;450;0.170527;0.170527
450;450;-0.227427;0.284284
450;450;-0.852878;0.113717
450;450;0.341151;-0.0568585
450;450;1.42146;0.284293
450;450;-0.909823;-0.0568639
450;450;-1.42182;-0.568729
450;450;0.966809;-0.341227
450;450;-0.170581;-0.454883
450;450;-0.170581;-0.454883
450;450;-0.170581;-0.454883
450;450;1.36392;0.795617
450;450;0.0568262;0.568262
450;450;0.0568262;0.568262
450;450;0.0568262;0.568262
450;450;-0.738484;-0.340839
450;450;-0.227197;-0.454395
450;450;-0.227197;-0.454395
450;450;0.39762;-0.624832
450;450;0.795316;-0.397658
450;450;0.795316;-0.397658
450;450;-0.568244;-0.0568244
450;450;-0.625187;0.454682
450;450;-0.625187;0.454682
450;450;0.11367;0.795693
450;450;0.738718;0.454595
450;450;0.397633;-0.113609
450;450;-0.79504;-0.79504
450;450;-0.568047;-0.511242
450;450;-0.170403;-0.170403
450;450;-0.0568119;-5.68434e-14
450;450;0.113624;0.624931
450;450;0.113624;0.624931
450;450;0.965985;-0.170468
450;450;-0.227312;-0.966076
450;450;-0.227312;-0.966076
450;450;-1.3637;-0.0568208
450;450;-1.3637;-0.0568208
450;450;0.795391;0.0568137
450;450;-0.227226;0.227226
450;450;-0.624793;0.227197
450;450;-1.07926;0.113606
450;450;-1.07926;0.113606
450;450;1.07919;0.454395
450;450;1.07919;0.454395
450;450;-0.738438;0.0568029
450;450;-0.738438;0.0568029
450;450;0.170446;0.227262
450;450;0.170446;0.227262
450;450;0.511501;-0.738834
450;450;-0.284194;-0.568388
450;450;-0.909449;-5.68434e-14
450;450;0.0568298;-5.68434e-14
450;450;-0.056828;0.056828
450;450;-0.284149;-0.0568298
450;450;0.511355;0.113635
450;450;0.511355;0.113635
450;450;1.24998;0.568173
450;450;1.24998;0.568173
450;450;1.24998;0.568173
450;450;-1.13652;0.340957
450;450;0.795366;0.170436
450;450;0.795366;0.170436
450;450;-0.170419;-0.0568065
450;450;-0.170419;-0.0568065
450;450;-0.11367;-5.68434e-14
450;450;-0.11367;-5.68434e-14
450;450;-0.11367;-5.68434e-14
450;450;0.113717;-0.170576
450;450;0.113717;-0.170576
450;450;0.113717;-0.170576
450;450;-0.454868;0.113717
450;450;0.455012;-0.284382
450;450;0.284356;-5.68434e-14
450;450;-0.170629;-0.284382
450;450;-0.170629;-0.284382
450;450;-0.227477;0.113739
450;450;0.113713;-5.68434e-14
450;450;0.284266;0.227413
450;450;-0.341162;0.0568603
450;450;-1.02349;-0.568603
450;450;-1.02349;-0.568603
450;450;-1.02349;-0.568603
450;450;0.113703;0.227405
450;450;-0.852743;0.113699
450;450;-0.852743;0.113699
450;450;-0.852743;0.113699
450;450;0.625424;-5.68434e-14
450;450;1.02329;-0.170549
450;450;-5.68434e-14;-0.568316
450;450;-0.227348;-0.113674
450;450;-0.227348;-0.113674
450;450;-1.25045;0.227355
450;450;0.454782;-0.170543
450;450;0.966442;-0.227398
450;450;0.966442;-0.227398
450;450;-0.170506;0.795693
450;450;-5.68434e-14;0.909392
450;450;-0.568442;-0.68213
450;450;-0.568442;-0.68213
450;450;-0.568442;-0.68213
450;450;1.30742;-0.0568442
450;450;-0.795743;-0.682065
450;450;-0.0568316;0.795642
450;450;0.682087;0.738928
450;450;0.341108;-0.227405
450;450;-0.341194;-0.113731
450;450;-0.341194;-0.113731
450;450;-0.341194;-0.113731
450;450;-0.341194;-0.113731
450;450;-0.17057;-0.0568567
450;450;-0.17057;-0.0568567
450;450;1.08048;-0.796145
450;450;1.08048;-0.796145
450;450;1.08048;-0.796145
450;450;-0.398073;1.13735
450;450;-0.398073;1.13735
450;450;0.739418;-0.568783
450;450;0.227542;-0.113771
450;450;0.796196;0.625582
450;450;-5.68434e-14;0.454954
450;450;-0.397985;0.170565
450;450;-1.47832;0.113717
450;450;0.398123;-0.96687
450;450;0.284382;-0.170629
450;450;0.284382;-0.170629
450;450;0.625681;0.682561
450;450;0.625681;0.682561
450;450;-0.227477;0.739301
450;450;-1.4216;-5.68434e-14
450;450;0.39811;-0.39811
450;450;0.568819;-0.853228
450;450;0.568819;-0.853228
450;450;0.512002;-1.08089
450;450;0.398224;0.113778
450;450;0.113771;0.796397
450;450;0.113771;0.796397
450;450;0.113771;0.796397
450;450;-0.853444;-0.227585
450;450;0.569017;-0.113803
450;450;0.569017;-0.113803
450;450;-0.0568909;-0.910254
450;450;-0.0568909;-0.910254
450;450;0.0568945;0.625839
450;450;-5.68434e-14;0.967298
450;450;-1.36594;-1.25211
450;450;-0.626057;-0.3984
450;450;0.625958;0.512147
450;450;1.08103;0.45517
450;450;-0.227585;0.227585
450;450;-5.68434e-14;0.341388
450;450;0.227549;0.113775
450;450;-0.455084;-0.284427
450;450;-0.910312;-0.341367
450;450;-0.910312;-0.341367
450;450;-0.910312;-0.341367
450;450;0.568855;-0.511969
450;450;-0.284382;0.511888
450;450;-0.284382;0.511888
450;450;-1.02362;0.739278
450;450;0.454782;-0.341087
450;450;0.454782;-0.341087
450;450;0.454782;-0.341087
450;450;-0.341076;-0.738998
450;450;-1.08014;0.397947
450;450;-1.08014;0.397947
450;450;-5.68434e-14;0.96629
450;450;-5.68434e-14;0.96629
450;450;0.795617;-0.397809
450;450;0.852555;-0.511533
450;450;0.341065;-0.68213
450;450;-1.1938;-0.397934
450;450;0.34113;0.34113
450;450;0.34113;0.34113
450;450;0.341076;0.511614
450;450;0.341076;0.511614
450;450;-0.738718;0.227298
450;450;-0.738718;0.227298
450;450;0.625069;-0.454595
450;450;0.625069;-0.454595
450;450;0.625069;-0.454595
450;450;-0.681979;0.170495
450;450;-0.625148;0.568316
450;450;-0.625148;0.568316
450;450;-0.341022;0.909392
450;450;-0.341022;0.909392
450;450;-0.113696;-1.13696
450;450;0.227441;0.341162
450;450;0.227441;0.341162
450;450;0.682324;0.511743
450;450;0.682324;0.511743
450;450;-0.0568783;-0.34127
450;450;-0.284418;-0.682604
450;450;-0.511986;-0.796422
450;450;-0.511986;-0.796422
450;450;0.227571;0.512034
450;450;0.227571;0.512034
450;450;0.227571;0.512034
450;450;-0.625701;0.682583
450;450;-0.511905;-0.170635
450;450;0.227506;-0.227506
450;450;0.0568675;-0.284338
450;450;0.0568675;-0.284338
450;450;0.398047;-0.568639
450;450;0.454854;-0.34114
450;450;0.454854;-0.34114
450;450;0.0568711;0.398098
450;450;0.0568711;0.398098
450;450;-0.511888;0.568765
450;450;-0.511888;0.568765
450;450;-0.113735;-0.113735
450;450;0.170613;-0.341227
450;450;-0.0568783;-0.34127
450;450;0.341291;-0.170646
450;450;0.341291;-0.170646
450;450;0.341367;-0.341367
450;450;0.341367;-0.341367
450;450;0.113782;-0.284454
450;450;0.113782;-0.284454
450;450;0.341248;0.511872
450;450;0.341248;0.511872
450;450;-0.398047;0.796095
450;450;-0.227499;-0.853121
450;450;-0.227499;-0.853121
450;450;-0.568765;0.398135
450;450;-0.568765;0.398135
450;450;0.454954;0.568693
450;450;0.454954;0.568693
450;450;0.454954;0.568693
450;450;0.113785;-0.682712
450;450;-1.13796;-0.0568981
450;450;0.28449;0.227592
450;450;0.28449;0.227592
450;450;1.13771;0.284427
450;450;-0.909708;0.284284
450;450;-1.08011;0.170543
450;450;-1.08011;0.170543
450;450;0.454753;0.227377
450;450;0.454753;0.227377
450;450;0.284221;0.0568442
450;450;-0.0568424;0.0568424
450;450;-0.0568424;0.0568424
450;450;-0.0568406;-5.68434e-14
450;450;-0.0568406;-5.68434e-14
450;450;-0.0568406;-5.68434e-14
450;450;0.511743;0.170581
450;450;0.284338;0.170603
450;450;-5.68434e-14;-0.113717
450;450;-0.39806;0.227463
450;450;-0.39806;0.227463
450;450;-0.682324;-5.68434e-14
450;450;-0.682324;-5.68434e-14
450;450;-0.0568657;-0.284329
450;450;-0.0568657;-0.284329
450;450;-0.0568657;-0.284329
450;450;0.68254;-0.398148
450;450;0.398022;-0.682324
450;450;-0.113706;0.0568531
450;450;-0.511711;0.625424
450;450;-0.170576;0.682302
450;450;0.568657;0.454926
450;450;0.398098;0.0568711
450;450;0.398098;0.0568711
450;450;0.398098;0.0568711
450;450;-0.284374;-0.284374
450;450;-0.62578;-0.341334
450;450;-1.08076;-0.170646
450;450;-5.68434e-14;-0.170619
450;450;0.852986;-0.341194
450;450;0.852986;-0.341194
450;450;-0.568514;-0.284257
450;450;-0.568514;-0.284257
450;450;-5.68434e-14;0.284311
450;450;-5.68434e-14;0.284311
450;450;0.796397;0.455084
450;450;0.796397;0.455084
450;450;-0.511969;0.62574
450;450;-0.511905;-0.113757
450;450;-0.511905;-0.113757
450;450;-0.341259;-0.568765
450;450;-0.341259;-0.568765
450;450;-0.341259;-0.568765
450;450;0.796296;-0.398148
450;450;0.796296;-0.398148
450;450;1.08072;-0.11376
450;450;-1.47856;1.08048
450;450;-1.47856;1.08048
450;450;1.42164;-0.739254
450;450;1.42164;-0.739254
450;450;-0.853255;0.341302
450;450;-0.853255;0.341302
450;450;1.08089;0.796447
450;450;1.08089;0.796447
450;450;1.08089;0.796447
450;450;-1.42263;-0.910484
450;450;1.25176;0.341388
450;450;0.739652;0.568963
450;450;0.739652;0.568963
450;450;-1.13746;0.39811
450;450;-1.13746;0.39811
450;450;-1.13746;0.39811
450;450;0.625701;-0.853228
450;450;-0.398173;-1.02387
450;450;-1.08072;0.398161
450;450;-1.08072;0.398161
450;450;0.739138;0.625424
450;450;0.682346;-0.0568621
450;450;0.227477;-0.682432
450;450;0.227477;-0.682432
450;450;-0.0568783;-0.568783
450;450;-0.39811;0.682475
450;450;-0.454954;0.85304
450;450;-0.284391;-0.170635
450;450;-0.284391;-0.170635
450;450;-0.227571;-0.967176
450;450;-0.170673;0.398236
450;450;-0.170673;0.398236
450;450;-0.170673;0.398236
450;450;0.568765;0.511888
450;450;-1.42227;-0.398236
450;450;-0.398287;-0.910369
450;450;1.47949;0.227614
450;450;-0.910484;-0.853579
450;450;0.682906;-1.3089
450;450;0.682906;-1.3089
450;450;-0.227628;0.796699
450;450;-0.227628;0.796699
450;450;-1.19471;0.398236
450;450;0.568999;-0.796598
450;450;0.625819;-0.625819
450;450;-0.625819;0.341356
450;450;-0.682712;1.08096
450;450;0.455213;0.455213
450;450;1.02413;-0.967237
450;450;-0.739394;0.341259
450;450;-0.739394;0.341259
450;450;0.909679;-0.34113
450;450;-0.341205;-1.13735
450;450;-0.341205;-1.13735
450;450;-0.625562;0.739301
450;450;-0.625562;0.739301
450;450;-0.227477;-0.170608
450;450;-0.227477;-0.170608
450;450;-1.13764;-0.91011
450;450;-1.13764;-0.91011
450;450;0.796422;0.739535
450;450;-0.341281;0.682561
450;450;-1.08086;-0.0568873
450;450;0.0568999;-0.284499
450;450;1.08089;-0.398224
450;450;1.08089;-0.398224
450;450;-1.02368;-0.625582
450;450;0.0568747;0.341248
450;450;1.13746;0.454983
450;450;1.13746;0.454983
450;450;-0.796246;0.284374
450;450;-0.9669;0.284382
450;450;0.284391;0.34127
450;450;0.284391;0.34127
450;450;0.284391;0.34127
450;450;0.398274;-0.227585
450;450;0.398274;-0.227585
450;450;0.341334;0.0568891
450;450;-0.0568801;-5.68434e-14
450;450;-0.284365;0.170619
450;450;-0.739114;0.170565
450;450;-0.739044;0.170549
450;450;-0.170533;-0.341065
450;450;-5.68434e-14;-0.625246
450;450;-0.28423;-0.738998
450;450;0.11371;-0.22742
450;450;0.397972;-5.68434e-14
450;450;0.454825;0.113706
450;450;0.454825;0.113706
450;450;0.284176;-5.68434e-14
450;450;0.227262;-0.0568155
450;450;0.227262;-0.0568155
450;450;0.340914;-0.170457
450;450;-0.0568119;0.397683
450;450;-0.0568119;0.397683
450;450;-0.397633;0.624852
450;450;-0.397633;0.624852
450;450;-0.511242;0.340828
450;450;-0.454524;-0.0568155
450;450;-0.113645;-0.340936
450;450;0.227348;-0.56837
450;450;0.738928;-0.625246
450;450;0.738951;-0.625266
450;450;-0.113699;0.397947
450;450;-0.113699;0.397947
450;450;-0.113699;0.397947
450;450;-0.227449;0.398035
450;450;-0.909909;0.227477
450;450;0.853147;0.113753
450;450;-0.739324;-0.51184
450;450;-0.455026;-0.910053
450;450;-0.455026;-0.910053
450;450;-0.455026;-0.910053
450;450;0.227477;0.0568693
450;450;0.397997;-0.113713
450;450;0.34113;-0.11371
450;450;0.34113;-0.11371
450;450;0.45461;0.284131
450;450;0.0568208;0.170463
450;450;0.0568208;0.170463
450;450;-0.624871;0.284032
450;450;-0.624871;0.284032
450;450;-5.68434e-14;0.113635
450;450;-5.68434e-14;0.17043
450;450;-5.68434e-14;-5.68434e-14
450;450;0.227319;-5.68434e-14
450;450;0.0568388;-5.68434e-14
450;450;0.0568388;-5.68434e-14
450;450;-0.284275;-0.34113
450;450;0.0568549;-0.0568549
450;450;0.0568549;-0.0568549
450;450;0.0568549;-0.0568549
450;450;0.170597;0.0568657
450;450;-0.284382;0.455012
450;450;-0.284382;0.455012
450;450;-0.455055;0.170646
450;450;0.113717;0.39801
450;450;0.113717;0.39801
450;450;0.113717;0.39801
450;450;0.796045;-0.625464
450;450;-0.341151;-0.454868
450;450;-0.852851;-0.454854
450;450;-0.625365;0.397959
450;450;0.341097;0.568496
450;450;0.625365;0.568514
450;450;0.852636;0.397897
450;450;0.852636;0.397897
450;450;0.852636;0.397897
450;450;-1.25041;-0.625207
450;450;0.454753;-0.568442
450;450;0.454753;-0.568442
450;450;0.454753;-0.568442
450;450;-0.113681;0.682087
450;450;-0.113703;0.85277
450;450;-0.113703;0.85277
450;450;-0.852986;-0.79612
450;450;-0.341205;-0.739278
450;450;0.568675;0.22747
450;450;0.568675;0.22747
450;450;1.13674;0.454696
450;450;1.13674;0.454696
450;450;-0.96568;0.568047
450;450;-0.96568;0.568047
450;450;-0.96568;0.568047
450;450;0.0567886;-0.283943
450;450;0.283943;-0.283943
450;450;0.567922;-0.340753
450;450;0.795291;-0.511258
450;450;-0.340871;-0.568119
450;450;-1.13638;0.738648
450;450;0.397922;0.909535
450;450;0.739091;0.341119
450;450;0.739371;-0.398123
450;450;-0.284418;-0.511953
450;450;-0.0568909;-0.568909
450;450;0.341345;-0.455127
450;450;-5.68434e-14;0.455055
450;450;-0.341237;0.511856
450;450;-0.511743;0.454883
450;450;-0.113721;0.398022
450;450;-0.113721;0.398022
450;450;-5.68434e-14;0.170608
450;450;-0.113753;0.113753
450;450;0.113757;-0.455026
450;450;0.113757;-0.455026
450;450;-0.341302;-0.796372
450;450;-0.341302;-0.796372
450;450;-0.51218;0.0569089
450;450;-0.51218;0.0569089
450;450;1.08151;-5.68434e-14
450;450;-0.0569287;-5.68434e-14
450;450;-1.42335;0.113868
450;450;-1.42335;0.113868
450;450;-1.42335;0.113868
450;450;0.512423;0.227743
450;450;-0.170786;0.569287
450;450;-0.170786;0.569287
450;450;-0.170786;0.569287
450;450;0.0569233;-0.512309
450;450;0.341475;-0.853687
450;450;0.341475;-0.853687
450;450;0.284481;0.170689
450;450;0.398224;0.455113
450;450;0.170694;0.28449
450;450;-0.113796;0.398287
450;450;-0.113796;0.398287
450;450;-0.113796;0.398287
450;450;-0.682885;-0.398349
450;450;-0.170764;-0.39845
450;450;-0.170764;-0.39845
450;450;-0.170764;-0.39845
450;450;0.227751;-0.0569377
450;450;0.455487;-5.68434e-14
450;450;0.740143;-0.113868
450;450;0.740143;-0.113868
450;450;-0.455357;-0.113839
450;450;-0.284598;-0.227679
450;450;-0.284598;-0.227679
450;450;0.227671;-0.113836
450;450;0.341453;-0.113818
450;450;0.284553;0.170732
450;450;-0.51218;0.455271
450;450;-0.682885;0.113814
450;450;-0.625899;0.1138
450;450;0.113785;0.170678
450;450;0.170656;0.0568855
450;450;0.284382;0.0568765
450;450;0.398148;0.113757
450;450;0.398148;0.113757
450;450;0.284445;-0.0568891
450;450;0.284445;-0.0568891
450;450;0.113778;-5.68434e-14
450;450;0.284454;-0.113782
450;450;0.0568873;-0.0568873
450;450;-0.739301;0.0568693
450;450;-0.739278;0.113735
450;450;0.682216;0.227405
450;450;0.682216;0.227405
450;450;-0.113663;0.34099
450;450;-0.113663;0.34099
450;450;-0.113663;0.34099
450;450;0.0568047;-0.170414
450;450;0.397545;-0.283961
450;450;0.39757;-0.340774
450;450;0.511242;-0.227219
450;450;0.454481;-0.28405
450;450;0.454495;-0.284059
450;450;-0.340882;-0.284068
450;450;-0.56837;0.341022
450;450;-0.738928;0.397884
450;450;0.398035;0.398035
450;450;0.398035;0.398035
450;450;0.966473;0.170554
450;450;0.966473;0.170554
450;450;-0.454954;-0.511824
450;450;-0.454954;-0.511824
450;450;-0.455127;-0.6258
450;450;-0.455127;-0.6258
450;450;-0.455127;-0.6258
450;450;-0.284409;0.227528
450;450;0.398224;0.341334
450;450;0.398224;0.341334
450;450;0.796321;0.455041
450;450;0.796321;0.455041
450;450;-0.398047;-0.170592
450;450;-0.398047;-0.170592
450;450;-0.398047;-0.170592
450;450;-0.568657;-0.341194
450;450;-5.68434e-14;-0.113728
450;450;0.341162;-0.170581
450;450;0.454796;-0.0568496
450;450;0.113692;-5.68434e-14
450;450;0.113685;-0.0568424
450;450;0.170538;-0.170538
450;450;0.113681;-0.284203
450;450;-5.68434e-14;-0.0568496
450;450;0.0568549;0.34113
450;450;0.0568334;0.511501
450;450;0.0568244;0.681893
450;450;0.0568244;0.681893
450;450;0.170436;0.511307
450;450;0.170436;0.511307
450;450;-0.39762;-0.511226
450;450;-0.454452;-0.511258
450;450;-0.681743;-0.511307
450;450;-0.681743;-0.511307
450;450;0.34099;0.170495
450;450;0.625246;0.511565
450;450;0.341087;0.568478
450;450;0.341087;0.568478
450;450;0.341087;0.568478
450;450;0.397922;0.397922
450;450;-0.227355;-0.397871
450;450;-0.568298;-0.454638
450;450;-0.568298;-0.454638
450;450;0.0568208;-0.454567
450;450;0.284203;0.227362
450;450;0.0568496;0.454796
450;450;0.0568424;0.568424
450;450;0.341076;0.397922
450;450;0.568514;0.227405
450;450;0.170565;0.22742
450;450;0.170597;-0.511791
450;450;0.170597;-0.511791
450;450;0.170597;-0.511791
450;450;-0.568621;-0.454897
450;450;-0.511743;0.113721
450;450;-0.341;0.341
450;450;0.341;0.397834
450;450;0.341;0.397834
450;450;0.227377;0.284221
450;450;0.227377;0.284221
450;450;-1.25089;-0.625444
450;450;1.19407;-0.739184
450;450;-0.34113;-0.0568549
450;450;-0.852501;0.625167
450;450;0.0568244;0.795542
450;450;0.0568244;0.795542
450;450;0.0568334;-0.397834
450;450;0.0568334;-0.397834
450;450;0.0568334;-0.397834
450;450;0.852743;-0.625345
450;450;-0.739068;0.227405
450;450;-0.682087;0.341043
450;450;0.170484;0.340968
450;450;0.397834;0.397834
450;450;0.397834;0.397834
450;450;0.397834;0.397834
450;450;1.02284;0.454595
450;450;-0.965954;-0.68185
450;450;-0.965954;-0.68185
450;450;0.284059;-0.624931
450;450;0.284059;-0.624931
450;450;1.02258;0.17043
450;450;1.02258;0.17043
450;450;-0.397733;0.227276
450;450;-0.397733;0.227276
450;450;-0.227355;0.511549
450;450;-0.511581;0.397897
450;450;0.113667;-0.284167
450;450;0.284185;-0.625207
450;450;0.284185;-0.625207
450;450;0.284185;-0.625207
450;450;0.739044;0.170549
450;450;-0.625345;0.397947
450;450;-0.852851;0.511711
450;450;-0.909708;0.454854
450;450;0.341248;0.341248
450;450;0.625721;0.45507
450;450;0.796472;-0.398236
450;450;0.796447;-0.398224
450;450;0.796447;-0.398224
450;450;-0.17064;-0.682561
450;450;-0.625661;0.455026
450;450;-0.625661;0.455026
450;450;-0.682324;0.454883
450;450;-0.682324;0.454883
450;450;0.284338;0.568675
450;450;0.454983;-0.454983
450;450;0.454983;-0.454983
450;450;-0.284338;-5.68434e-14
450;450;-1.02371;0.625602
450;450;0.966748;0.966748
450;450;0.966748;0.966748
450;450;-0.568675;-1.25109
450;450;-0.625562;-0.341216
450;450;-0.625562;-0.341216
450;450;-0.398035;0.454897
450;450;0.454926;0.341194
450;450;0.227456;0.341184
450;450;-0.0568496;0.284248
450;450;-0.0568496;0.284248
450;450;0.341151;-5.68434e-14
450;450;0.511856;-0.454983
450;450;0.511856;-0.454983
450;450;-0.852932;-0.454897
450;450;0.739208;-0.454897
450;450;0.682302;0.227434
450;450;-0.113713;0.511711
450;450;-0.227441;0.625464
450;450;-0.0568567;0.454854
450;450;-5.68434e-14;-0.397997
450;450;-5.68434e-14;-0.397997
450;450;-5.68434e-14;-0.397997
450;450;-0.795944;-0.397972
450;450;0.170565;-0.397985
450;450;0.511775;0.227456
450;450;0.511775;0.227456
450;450;0.625286;0.284221
450;450;0.625286;0.284221
450;450;0.625286;0.284221
450;450;-0.397884;0.0568406
450;450;0.0568406;0.170522
450;450;0.227326;0.170495
450;450;0.284167;0.284167
450;450;0.113635;0.511355
450;450;0.113635;0.511355
450;450;-5.68434e-14;-0.056828
450;450;-5.68434e-14;-0.909421
450;450;-5.68434e-14;-0.909421
450;450;-0.0568388;-0.511549
450;450;-0.397871;0.397871
450;450;-0.397871;0.397871
450;450;-0.796095;0.511775
450;450;-0.113724;0.511759
450;450;0.45484;-0.11371
450;450;0.45484;-0.11371
450;450;0.45484;-0.11371
450;450;-0.739184;-0.0568603
450;450;-0.739184;-0.0568603
450;450;-0.739184;-0.0568603
450;450;0.966809;-0.113742
450;450;0.966809;-0.113742
450;450;0.909909;-0.227477
450;450;-0.625562;-5.68434e-14
450;450;-0.966748;-0.113735
450;450;0.454954;-0.227477
450;450;1.19441;0.0568765
450;450;1.19441;0.0568765
450;450;1.19441;0.0568765
450;450;-1.36495;-0.39811
450;450;0.96687;-0.341248
450;450;0.966687;0.398047
450;450;-0.625424;0.909708
450;450;-0.625424;0.909708
450;450;-0.625424;0.909708
450;450;0.568621;-0.341173
450;450;0.568621;-0.341173
450;450;0.511694;-0.397985
450;450;0.284284;-0.227427
450;450;-0.113753;-0.227506
450;450;0.170656;-0.341313
450;450;0.170656;-0.341313
450;450;0.170656;-0.341313
450;450;-0.398236;-0.0568909
450;450;-0.398236;-0.0568909
450;450;0.2844;0.0568801
450;450;0.2844;0.0568801
450;450;0.398047;-5.68434e-14
450;450;0.398047;-5.68434e-14
450;450;-0.0568711;-5.68434e-14
450;450;-0.0568711;-5.68434e-14
450;450;-0.170597;0.454926
450;450;-0.170597;0.454926
450;450;0.511743;0.511743
450;450;0.511743;0.511743
450;450;-0.455127;-0.284454
450;450;-0.455127;-0.284454
450;450;-0.455127;-0.284454
450;450;-0.113803;-0.113803
450;450;0.227549;-0.113775
450;450;0.796271;-0.0568765
450;450;0.796271;-0.0568765
450;450;0.341227;-0.0568711
450;450;-0.682346;0.0568621
450;450;-0.909823;0.113728
450;450;0.227441;-5.68434e-14
450;450;0.39806;-0.0568657
450;450;0.454926;-0.113731
450;450;0.454926;-0.113731
450;450;0.398073;-0.341205
450;450;-0.0568675;0.0568675
450;450;-0.0568675;0.0568675
450;450;-1.02368;0.51184
450;450;-1.02368;0.51184
450;450;0.682604;0.398186
450;450;0.682604;0.398186
450;450;0.682604;0.398186
450;450;-0.284463;-0.512034
450;450;-0.113771;-0.739511
450;450;-0.170635;-0.796296
450;450;-0.79617;0.398085
450;450;-0.79617;0.398085
450;450;-0.966656;0.454897
450;450;-0.966656;0.454897
450;450;-0.966656;0.454897
450;450;0.056828;0.511452
450;450;0.056828;0.511452
450;450;0.056828;0.511452
450;450;1.13645;-0.340936
450;450;-0.681958;-0.340979
450;450;-0.681958;-0.340979
450;450;0.227369;-0.397897
450;450;0.227369;-0.397897
450;450;0.227369;-0.397897
450;450;0.341248;0.398123
450;450;-0.398148;0.625661
450;450;-0.398148;0.625661
450;450;-0.682432;-0.398085
450;450;-0.909852;-0.39806
450;450;0.341194;-0.227463
450;450;0.739301;-0.284347
450;450;0.227477;-0.0568693
450;450;-0.341162;0.113721
450;450;-0.681958;0.170489
450;450;-0.170484;0.340968
450;450;0.625088;0.284131
450;450;1.13656;0.28414
450;450;-0.68185;-0.0568208
450;450;-1.02278;-0.340925
450;450;0.227291;-0.511404
450;450;0.625088;-0.340957
450;450;0.568316;-0.454653
450;450;0.511678;0.113706
450;450;-0.170565;0.397985
450;450;-0.739044;0.341097
450;450;-0.739044;0.341097
450;450;-0.909593;0.170549
450;450;-0.397947;0.227398
450;450;0.284257;0.227405
450;450;0.284257;0.227405
450;450;0.625523;0.0568657
450;450;-0.568729;0.0568729
450;450;-0.79612;0.170597
450;450;-0.79612;0.170597
450;450;-0.0568639;0.341184
450;450;0.79617;-0.0568693
450;450;0.682496;-0.170624
450;450;-0.511856;-0.341237
450;450;-1.02355;-0.511775
450;450;-1.02355;-0.511775
450;450;0.852716;-0.227391
450;450;-0.170479;0.852393
450;450;-0.170479;0.852393
450;450;-0.966168;-0.0568334
450;450;-0.966168;-0.0568334
450;450;0.568352;-0.284176
450;450;1.13699;-0.454796
450;450;1.13699;-0.454796
450;450;-0.28432;-0.398047
450;450;-0.398073;-0.0568675
450;450;-0.739184;0.796045
450;450;-0.739184;0.796045
450;450;0.511598;-0.341065
450;450;0.284212;-0.568424
450;450;0.284212;-0.568424
450;450;0.511727;-0.39801
450;450;0.511727;-0.39801
450;450;-0.284284;0.397997
450;450;-0.284284;0.397997
450;450;-0.51184;0.51184
450;450;-0.51184;0.51184
450;450;0.113721;-0.113721
450;450;0.0568514;-0.284257
450;450;0.0568514;-0.284257
450;450;0.0568514;-0.284257
450;450;-5.68434e-14;-0.397972
450;450;0.28423;-0.28423
450;450;0.341065;-0.341065
450;450;0.284266;0.284266
450;450;0.284266;0.284266
450;450;0.284239;0.795869
450;450;0.284239;0.795869
450;450;0.284239;0.795869
450;450;0.34113;0.0568549
450;450;0.34113;0.0568549
450;450;-0.9669;-0.511888
450;450;-0.9669;-0.511888
450;450;0.45494;-0.341205
450;450;0.625424;0.682281
450;450;0.625424;0.682281
450;450;0.625424;0.682281
450;450;-0.113699;0.397947
450;450;0.397934;-0.795869
450;450;0.397934;-0.795869
450;450;-0.0568585;-0.568585
450;450;-0.511856;0.284365
450;450;-0.511856;0.284365
450;450;-0.455098;0.284436
450;450;-5.68434e-14;0.398274
450;450;0.455257;0.227628
450;450;0.682885;0.170721
450;450;0.682777;0.113796
450;450;0.284508;0.113803
450;450;-5.68434e-14;-0.0568981
450;450;-0.227556;-0.0568891
450;450;-0.512002;-5.68434e-14
450;450;-1.13778;0.0568891
450;450;0.568873;-0.0568873
450;450;0.568873;-0.0568873
450;450;0.568873;-0.0568873
450;450;-0.398287;-0.341388
450;450;-0.512131;-0.341421
450;450;-0.512131;-0.341421
450;450;-0.569143;-0.284571
450;450;0.284454;-0.284454
450;450;0.284454;-0.284454
450;450;0.454998;0.170624
450;450;0.852986;0.341194
450;450;0.852986;0.341194
450;450;-0.568621;0.227449
450;450;-1.30799;0.284347
450;450;0.909852;0.39806
450;450;0.227449;0.113724
450;450;-0.11371;-0.22742
450;450;-0.739138;-0.113713
450;450;-0.739138;-0.113713
450;450;-0.625266;-5.68434e-14
450;450;-0.625266;-5.68434e-14
450;450;-0.625266;-5.68434e-14
450;450;0.34099;0.397821
450;450;-0.227326;-0.625148
450;450;-0.113663;-0.795642
450;450;-0.113663;-0.795642
450;450;0.113656;-0.85242
450;450;0.113656;-0.85242
450;450;-0.227377;0.454753
450;450;-0.227377;0.454753
450;450;-0.227377;0.454753
450;450;0.397871;0.625227
450;450;-0.96629;-5.68434e-14
450;450;0.568424;-0.170527
450;450;0.568424;-0.170527
450;450;0.568424;-0.170527
450;450;0.17057;-0.625424
450;450;-0.22747;-0.796145
450;450;-1.08048;0.90988
450;450;-1.08048;0.90988
450;450;-1.08048;0.90988
450;450;0.34127;-0.853174
450;450;0.34127;-0.853174
450;450;-0.0568855;0.853282
450;450;0.284356;-0.0568711
450;450;0.85304;-1.25112
450;450;0.85304;-1.25112
450;450;-0.11376;0.966962
450;450;-0.11376;0.966962
450;450;0.68254;1.13757
450;450;1.19433;-0.227492
450;450;1.19433;-0.227492
450;450;0.398135;-0.625641
450;450;-0.51184;0.284356
450;450;-1.25097;0.398035
450;450;-1.25097;0.398035
450;450;0.227398;0.284248
450;450;0.227391;0.284239
450;450;1.02329;0.454796
450;450;-0.284248;-0.284248
450;450;-0.284248;-0.284248
450;450;-0.398022;-0.398022
450;450;0.795994;-0.625424
450;450;0.227362;0.113681
450;450;-0.56828;0.625108
450;450;-0.56828;0.625108
450;450;-0.56828;0.625108
450;450;0.170409;-0.227212
450;450;0.0568029;-0.511226
450;450;0.170403;-0.624812
450;450;0.284032;-0.340839
450;450;0.227226;0.284032
450;450;0.227226;0.284032
450;450;0.227226;0.284032
450;450;0.0568119;0.624931
450;450;0.0568119;0.624931
450;450;0.0568119;0.624931
450;450;0.681678;-0.0568065
450;450;-0.681893;-0.568244
450;450;-0.681893;-0.568244
450;450;-0.681893;-0.568244
450;450;0.284248;0.284248
450;450;0.56846;0.738998
450;450;0.739021;0.682173
450;450;0.739021;0.682173
450;450;-0.511711;-0.966565
450;450;-0.511711;-0.966565
450;450;-0.511711;-0.966565
450;450;-0.909507;0.625286
450;450;-0.909507;0.625286
450;450;0.795617;-0.227319
450;450;0.113663;-0.738811
450;450;0.113663;-0.738811
450;450;0.113663;-0.738811
450;450;-0.738694;0.909162
450;450;-0.511452;0.454624
450;450;-0.511452;0.454624
450;450;0.113674;-5.68434e-14
450;450;0.113674;-5.68434e-14
450;450;0.113674;-5.68434e-14
450;450;0.227384;-0.113692
450;450;0.227384;-0.113692
450;450;0.227384;-0.113692
450;450;-1.07997;0.227362
450;450;1.36443;-0.397959
450;450;-5.68434e-14;-0.511872
450;450;-0.0568837;-0.568837
450;450;-0.0568837;-0.568837
450;450;-0.113742;-0.341227
450;450;-0.113742;-0.341227
450;450;-0.45484;0.625404
450;450;-1.08014;0.795894
450;450;-1.08014;0.795894
450;450;-1.08014;0.795894
450;450;0.0568496;-0.284248
450;450;-1.30746;-0.511614
450;450;-1.30746;-0.511614
450;450;0.511533;-0.397859
450;450;0.511533;-0.397859
450;450;0.568208;0.68185
450;450;0.568208;0.68185
450;450;0.568208;0.68185
450;450;-0.170419;-0.681678
450;450;0.113613;-0.96571
450;450;0.0568083;0.738508
450;450;-0.170419;0.738484
450;450;-0.738508;-0.113617
450;450;-0.624931;-0.170436
450;450;-0.568101;-0.11362
450;450;-0.568101;-0.11362
450;450;-0.568101;-0.11362
450;450;-0.45461;0.170479
450;450;-1.07966;0.0568244
450;450;-1.07966;0.0568244
450;450;-1.07966;0.0568244
450;450;1.1938;-0.227391
450;450;-5.68434e-14;-0.0568424
450;450;0.0568406;0.113681
450;450;-0.284212;0.170527
450;450;-0.682152;0.056846
450;450;-0.682152;0.056846
450;450;-0.966473;0.113703
450;450;-0.966473;0.113703
450;450;0.682259;-5.68434e-14
450;450;0.625424;0.0568567
450;450;0.625464;-0.454883
450;450;0.625464;-0.454883
450;450;0.625464;-0.454883
450;450;-1.02362;-0.170603
450;450;-1.02362;-0.170603
450;450;0.909507;0.738974
450;450;-0.511565;-0.0568406
450;450;-1.13688;-0.113688
450;450;-1.13688;-0.113688
450;450;-1.13688;-0.113688
450;450;0.397809;-0.11366
450;450;0.170468;-0.0568226
450;450;0.170468;-0.0568226
450;450;-0.170457;-0.113638
450;450;-0.170457;-0.113638
450;450;-0.227248;-0.227248
450;450;-0.227248;-0.227248
450;450;0.397721;-0.397721
450;450;0.397721;-0.397721
450;450;0.625029;-0.397746
450;450;1.02274;0.340914
450;450;-0.681829;0.62501
450;450;-0.681829;0.62501
450;450;-1.02268;0.62497
450;450;0.227204;-0.227204
450;450;0.227204;-0.227204
450;450;0.965741;-0.624891
450;450;0.965741;-0.624891
450;450;-0.795165;-0.170393
450;450;-0.511339;0.568155
450;450;0.170446;0.681786
450;450;0.738718;0.738718
450;450;0.511533;-0.341022
450;450;0.454696;-0.341022
450;450;0.454696;-0.341022
450;450;-0.45461;-0.170479
450;450;-0.11366;-0.284149
450;450;-0.170484;-0.170484
450;450;-0.625029;0.113642
450;450;0.852447;-0.0568298
450;450;0.852447;-0.0568298
450;450;0.852447;-0.0568298
450;450;-0.397683;0.0568119
450;450;-0.90922;-0.0568262
450;450;-0.852447;-0.0568298
450;450;0.397897;-0.0568424
450;450;-5.68434e-14;-0.113656
450;450;-5.68434e-14;-0.113656
450;450;-0.11362;0.0568101
450;450;-0.11362;0.0568101
450;450;-0.11362;0.0568101
450;450;0.170538;0.056846
450;450;-0.51142;0.113649
450;450;0.113649;-0.340947
450;450;-0.170473;-0.227298
450;450;-0.454595;0.113649
450;450;-0.454595;0.113649
450;450;-0.454595;0.113649
450;450;1.47776;0.170511
450;450;-1.13652;0.45461
450;450;-1.13652;0.45461
450;450;-1.13652;0.45461
450;450;1.30671;-0.340882
450;450;-1.07956;-0.795467
450;450;0.568298;-0.511468
450;450;0.45461;0.568262
450;450;0.45461;0.568262
450;450;-0.170489;0.568298
450;450;-1.02265;0.62495
450;450;-1.02265;0.62495
450;450;-1.02265;0.62495
450;450;1.19354;-0.511517
450;450;-0.738974;-0.568442
450;450;-0.909622;-0.284257
450;450;0.625306;0.397922
450;450;0.682108;0.852636
450;450;0.284185;0.113674
450;450;0.284176;-0.227341
450;450;-0.511517;-0.227341
450;450;-0.738764;-0.113656
450;450;-0.795467;0.056819
450;450;1.0796;0.0568208
450;450;1.30696;-0.0568244
450;450;1.30696;-0.0568244
450;450;-1.19365;-0.170522
450;450;-1.19365;-0.170522
450;450;-1.19365;-0.170522
450;450;0.852582;-0.511549
450;450;-5.68434e-14;0.341043
450;450;-5.68434e-14;0.341043
450;450;-5.68434e-14;0.341043
450;450;0.284248;0.227398
450;450;0.284248;0.227398
450;450;-1.02349;-0.113721
450;450;-1.02349;-0.113721
450;450;0.284275;-0.397985
450;450;-0.397947;0.397947
450;450;0.682108;0.852636
450;450;1.0798;0.454653
450;450;1.0798;0.454653
450;450;-0.795542;-0.284122
450;450;-0.511436;-0.340957
450;450;-5.68434e-14;-0.284158
450;450;-5.68434e-14;-0.284158
450;450;0.170511;-0.284185
450;450;0.170511;-0.284185
450;450;1.07987;-0.341011
450;450;-0.795592;0.56828
450;450;-0.795718;0.341022
450;450;0.397884;0.284203
450;450;-0.113681;0.454725
450;450;0.397947;-0.625345
450;450;1.13706;-0.682238
450;450;0.625325;-0.568478
450;450;-1.59179;-0.511646
450;450;1.30758;0.909622
450;450;-0.113706;1.13706
450;450;-1.13728;-0.227456
450;450;0.227456;-0.113728
450;450;1.25097;-0.0568621
450;450;-0.682367;-0.454911
450;450;-0.227535;-5.68434e-14
450;450;0.682734;-5.68434e-14
450;450;0.682734;-5.68434e-14
450;450;-0.739745;-0.17071
450;450;-1.08117;-5.68434e-14
450;450;-1.08117;-5.68434e-14
450;450;-1.08117;-5.68434e-14
450;450;1.13789;-5.68434e-14
450;450;-0.170673;0.113782
450;450;-0.568693;0.170608
450;450;-0.568693;0.170608
450;450;0.511775;0.341184
450;450;0.511775;0.341184
450;450;0.455098;0.0568873
450;450;0.455098;0.0568873
450;450;0.455098;0.0568873
450;450;0.170613;-5.68434e-14
450;450;0.170613;-5.68434e-14
450;450;1.19399;0.284284
450;450;1.19399;0.284284
450;450;-0.909852;0.113731
450;450;-1.02355;0.113728
450;450;1.13753;-0.455012
450;450;1.13753;-0.455012
450;450;-0.341334;-0.739558
450;450;-0.853363;-0.6258
450;450;-0.853363;-0.6258
450;450;-0.853363;-0.6258
450;450;0.682669;0.113778
450;450;0.625819;0.170678
450;450;0.455098;0.113775
450;450;0.455098;0.113775
450;450;0.455098;0.113775
450;450;-0.568837;-0.170651
450;450;-1.13778;-5.68434e-14
450;450;0.796372;0.511953
450;450;0.398047;0.625503
450;450;-0.113724;0.398035
450;450;-0.113724;0.398035
450;450;-0.113724;0.398035
450;450;0.227413;-0.227413
450;450;-0.90965;-0.511678
450;450;-0.90965;-0.511678
450;450;-0.170533;-0.568442
450;450;1.07973;-0.397796
450;450;-0.170479;0.0568262
450;450;-0.227319;0.227319
450;450;-0.227319;0.227319
450;450;-0.227319;0.227319
450;450;-1.07966;0.113649
450;450;0.625069;0.170473
450;450;1.1366;0.11366
450;450;-0.682108;0.170527
450;450;-0.56846;0.170538
450;450;-0.397859;0.056837
450;450;-0.11367;0.227341
450;450;0.341054;0.284212
450;450;1.08001;-0.170527
450;450;-0.284248;-0.227398
450;450;-0.284248;-0.227398
450;450;-0.284248;-0.227398
450;450;0.910197;-0.113775
450;450;0.170716;-0.113811
450;450;0.170716;-0.113811
450;450;0.170716;-0.113811
450;450;-0.113825;0.113825
450;450;-0.113825;0.113825
450;450;-0.455213;0.113803
450;450;-0.455213;0.113803
450;450;-0.455213;0.113803
450;450;-5.68434e-14;0.170721
450;450;0.0569179;0.113836
450;450;-0.0569305;0.113861
450;450;-0.0569305;0.113861
450;450;0.113847;-0.113847
450;450;0.113847;-0.113847
450;450;0.113847;-0.113847
450;450;0.113807;-0.17071
450;450;0.569017;-0.170705
450;450;0.625918;-0.227607
450;450;-0.170705;-0.284508
450;450;-0.170705;-0.284508
450;450;-0.625839;-0.284472
450;450;-0.625839;-0.284472
450;450;0.227556;0.113778
450;450;0.227556;0.113778
450;450;0.227556;0.113778
450;450;0.682324;0.682324
450;450;-0.113742;-5.68434e-14
450;450;-0.852905;-0.284302
450;450;-0.852905;-0.284302
450;450;-0.341184;-0.568639
450;450;0.568729;-0.39811
450;450;0.568729;-0.39811
450;450;0.568729;-0.39811
450;450;-0.45517;0.227585
450;450;-0.796498;0.341356
450;450;-0.796498;0.341356
450;450;0.796397;0.227542
450;450;0.796397;0.227542
450;450;-0.909995;0.398123
450;450;-1.42178;0.51184
450;450;0.170581;-0.113721
450;450;0.227456;-0.454911
450;450;0.284365;-0.454983
450;450;0.568837;-0.45507
450;450;-5.68434e-14;-0.113782
450;450;-0.511969;0.284427
450;450;-1.30808;0.341237
450;450;0.227513;0.398148
450;450;0.966962;0.455041
450;450;-0.398274;0.284481
450;450;-0.398274;0.284481
450;450;-0.398274;0.284481
450;450;-5.68434e-14;-0.113836
450;450;0.455343;-0.512261
450;450;0.569161;-0.682993
450;450;0.455357;-0.512277
450;450;-0.626255;0.341594
450;450;-0.455487;0.626295
450;450;-0.455401;0.398475
450;450;-0.455401;0.398475
450;450;-0.455386;0.398463
450;450;-0.0569161;-0.341496
450;450;0.398513;-0.910887
450;450;0.853876;0.0569251
450;450;0.341561;0.740049
450;450;0.341561;0.740049
450;450;0.341561;0.740049
450;450;-0.512374;-0.398513
450;450;-0.0569305;-0.398513
450;450;-0.0569305;-0.398513
450;450;0.227628;-0.284535
450;450;0.568999;-0.341399
450;450;-0.0568999;0.1138
450;450;-1.19463;0.853309
450;450;0.398148;0.227513
450;450;0.853363;-0.853363
450;450;0.284562;-0.569125
450;450;0.284562;-0.569125
450;450;-0.0568909;0.341345
450;450;-0.0568909;0.341345
450;450;-0.0568909;0.341345
450;450;-1.42272;0.625998
450;450;0.796573;-0.455185
450;450;0.796598;-0.455199
450;450;-0.568747;0.113749
450;450;-0.966473;1.19388
450;450;-0.966473;1.19388
450;450;1.36465;-0.625464
450;450;-1.25089;-0.739161
450;450;0.34113;0.170565
450;450;0.795944;0.397972
450;450;0.795944;0.397972
450;450;-0.227434;0.227434
450;450;-1.13742;0.0568711
450;450;-1.13742;0.0568711
450;450;0.511953;0.341302
450;450;0.511953;0.341302
450;450;1.02391;-0.113767
450;450;-0.910369;0.113796
450;450;-0.910369;0.113796
450;450;-0.910369;0.113796
450;450;0.568945;-0.0568945
450;450;-0.0569053;0.0569053
450;450;-0.0569053;0.0569053
450;450;-0.398375;0.341464
450;450;0.910657;-0.512245
450;450;0.910657;-0.512245
450;450;0.910657;-0.512245
450;450;-0.455285;-0.0569107
450;450;0.1707;-0.1138
450;450;0.1707;-0.1138
450;450;-0.284409;0.170646
450;450;-0.284409;0.170646
450;450;-0.284409;0.170646
450;450;0.455098;-5.68434e-14
450;450;1.13771;-0.0568855
450;450;1.13771;-0.0568855
450;450;-0.170683;-0.0568945
450;450;0.341496;-0.170748
450;450;0.341496;-0.170748
450;450;0.341496;-0.170748
450;450;-0.284733;-0.113893
450;450;0.854092;-5.68434e-14
450;450;0.854092;-5.68434e-14
450;450;-0.0569431;-0.0569431
450;450;-0.170818;-0.113879
450;450;-0.170818;-0.113879
450;450;-0.170818;-0.113879
450;450;-0.967695;-0.113847
450;450;0.341302;0.113767
450;450;0.341302;0.113767
450;450;0.0568765;0.341259
450;450;0.909737;0.284293
450;450;-0.682346;0.341173
450;450;-0.398047;0.341184
450;450;0.682346;-0.454897
450;450;0.796045;-0.454883
450;450;0.170559;-0.454825
450;450;-0.0568514;-0.341108
450;450;0.170586;-0.227449
450;450;-0.227477;-0.113739
450;450;-0.227477;-0.113739
450;450;-0.796271;0.341259
450;450;-1.02374;0.511872
450;450;0.682496;0.739371
450;450;0.682496;0.739371
450;450;0.682496;0.739371
450;450;-0.511905;-0.113757
450;450;-0.568819;-0.227528
450;450;-0.568819;-0.227528
450;450;-5.68434e-14;-0.227549
450;450;0.0568729;-0.227492
450;450;0.113717;-0.113717
450;450;0.966626;-0.113721
450;450;0.966626;-0.113721
450;450;0.170646;-0.0568819
450;450;-0.853363;-0.0568909
450;450;-0.853363;-0.0568909
450;450;0.682346;0.113724
450;450;0.682346;0.113724
450;450;0.568693;0.341216
450;450;0.227492;0.341237
450;450;-0.0568747;0.227499
450;450;-0.113753;0.0568765
450;450;0.170608;-5.68434e-14
450;450;0.284382;0.170629
450;450;-0.0568855;0.113771
450;450;-0.113767;-5.68434e-14
450;450;-0.113767;-5.68434e-14
450;450;-0.227441;0.170581
450;450;-0.227441;0.170581
450;450;-0.511711;-0.113713
450;450;-0.568639;0.0568639
450;450;-0.568639;0.0568639
450;450;0.967176;-0.113785
450;450;0.967176;-0.113785
450;450;-0.682691;-0.113782
450;450;-0.682691;-0.113782
450;450;0.739558;-0.0568891
450;450;0.682712;-0.0568927
450;450;0.682712;-0.0568927
450;450;-1.13757;-0.0568783
450;450;1.13731;-0.284329
450;450;1.13731;-0.284329
450;450;1.13731;-0.284329
450;450;-0.852474;0.511484
450;450;-0.284113;0.454581
450;450;-0.284113;0.454581
450;450;-0.227319;0.340979
450;450;0.568244;-5.68434e-14
450;450;1.0796;-0.284104
450;450;-0.284176;-0.397846
450;450;-0.284176;-0.397846
450;450;-1.13688;-0.454753
450;450;0.454782;-0.397934
450;450;0.454782;-0.397934
450;450;0.454782;-0.397934
450;450;-0.511388;0.625029
450;450;-0.795416;0.738601
450;450;-0.795416;0.738601
450;450;-5.68434e-14;-0.227377
450;450;-5.68434e-14;-0.227377
450;450;-0.170576;-0.284293
450;450;0.454768;-0.397922
450;450;0.454768;-0.397922
450;450;0.795642;-0.397821
450;450;0.795642;-0.397821
450;450;-0.340914;0.511371
450;450;-0.227233;0.681699
450;450;-0.568173;0.511355
450;450;-0.227291;-0.227291
450;450;0.738741;-0.511436
450;450;1.13645;-0.625049
450;450;-0.397758;-0.568226
450;450;-0.397758;-0.568226
450;450;-0.397758;-0.568226
450;450;0.738554;0.795366
450;450;0.625049;0.340936
450;450;-1.0798;-0.454653
450;450;0.056837;-0.454696
450;450;0.056837;-0.454696
450;450;0.056837;-0.454696
450;450;0.625187;-0.227341
450;450;-0.227362;0.113681
450;450;-0.227377;0.284221
450;450;-0.397897;0.284212
450;450;-0.682152;0.113692
450;450;-0.682152;0.113692
450;450;-0.682152;0.113692
450;450;-0.113713;0.227427
450;450;0.398047;0.170592
450;450;0.341184;0.454911
450;450;0.398035;0.568621
450;450;0.511808;-0.625543
450;450;0.511808;-0.625543
450;450;0.511808;-0.625543
450;450;-0.625503;-0.227456
450;450;-0.852959;0.28432
450;450;-5.68434e-14;0.284347
450;450;0.9669;0.511888
450;450;0.113757;0.568783
450;450;0.113757;0.568783
450;450;-0.22747;-0.22747
450;450;-0.22747;-0.22747
450;450;0.170608;-0.511824
450;450;0.170603;-0.625543
450;450;-0.341151;-0.511727
450;450;-0.341184;0.113728
450;450;-0.284338;0.113735
450;450;-0.284338;0.113735
450;450;-0.0568693;0.0568693
450;450;-0.341184;-0.170592
450;450;-0.227384;-0.113692
450;450;-0.227384;-0.113692
450;450;-0.397884;0.170522
450;450;0.34085;0.624891
450;450;0.34085;0.624891
450;450;0.454481;0.568101
450;450;0.454481;0.568101
450;450;-1.36383;-0.568262
450;450;-1.36383;-0.568262
450;450;0.227341;-0.625187
450;450;0.625187;-0.625187
450;450;0.625187;-0.625187
450;450;-0.113688;0.795818
450;450;-0.0568352;0.0568352
450;450;0.0568352;-0.397846
450;450;0.0568352;-0.397846
450;450;-0.341;-0.625167
450;450;-0.341;-0.0568334
450;450;-0.341011;0.511517
450;450;-0.113645;0.625049
450;450;-0.113645;0.625049
450;450;0.170463;0.113642
450;450;0.170463;0.113642
450;450;0.170463;0.113642
450;450;-0.454524;-0.795416
450;450;0.340828;0.170414
450;450;0.511162;0.227183
450;450;0.965619;0.284006
450;450;0.965619;0.284006
450;450;0.340796;0.397595
450;450;-0.681699;0.511275
450;450;-0.681699;0.511275
450;450;0.0568047;-5.68434e-14
450;450;0.227219;-0.340828
450;450;0.227219;-0.340828
450;450;0.340774;-0.39757
450;450;0.965497;-0.340764
450;450;-0.170376;-0.340753
450;450;-0.170376;-0.340753
450;450;-0.624753;-0.113591
450;450;0.738368;-0.170393
450;450;0.738368;-0.170393
450;450;-0.340764;0.28397
450;450;-0.056785;0.397495
450;450;0.227147;0.454294
450;450;-0.0567922;0.340753
450;450;-0.0567922;0.340753
450;450;-0.851963;-0.340785
450;450;-0.851963;-0.340785
450;450;0.227204;-0.454409
450;450;0.227219;0.113609
450;450;-5.68434e-14;0.568047
450;450;-0.454452;0.511258
450;450;-0.454438;0.511242
450;450;-0.454438;0.511242
450;450;0.965985;-0.681872
450;450;-0.454581;-0.738694
450;450;-0.795517;0.113645
450;450;-0.795517;0.113645
450;450;-0.795517;0.113645
450;450;-0.227269;0.340904
450;450;-0.227269;0.340904
450;450;0.227276;0.227276
450;450;0.227298;0.397771
450;450;0.227298;0.397771
450;450;0.227298;0.397771
450;450;0.454667;-0.397834
450;450;0.113667;-0.625167
450;450;0.113667;-0.625167
450;450;0.28423;-0.738998
450;450;0.28423;-0.738998
450;450;-0.625424;0.397997
450;450;-1.08021;0.625385
450;450;-1.08021;0.625385
450;450;-1.08021;0.625385
450;450;0.852582;-0.397871
450;450;0.852582;-0.397871
450;450;-0.341054;-0.454739
450;450;-0.966198;-0.568352
450;450;-0.966198;-0.568352
450;450;-0.568262;-0.511436
450;450;0.454567;0.227283
450;450;0.454567;0.227283
450;450;0.454509;0.62495
450;450;0.397696;0.681764
450;450;0.397696;0.681764
450;450;0.397696;0.681764
450;450;0.454466;-5.68434e-14
450;450;0.454466;-5.68434e-14
450;450;0.454466;-5.68434e-14
450;450;-0.227176;-0.056794
450;450;-0.227176;-0.056794
450;450;-0.340721;-0.17036
450;450;-0.340721;-0.17036
450;450;-0.567904;-0.0567904
450;450;-0.567904;-0.0567904
450;450;-0.567904;-0.0567904
450;450;0.795316;-0.0568083
450;450;0.795316;-0.0568083
450;450;0.795316;-0.0568083
450;450;-0.965832;0.170441
450;450;-0.965832;0.170441
450;450;-0.795416;0.170446
450;450;-0.795416;0.170446
450;450;-0.795416;0.170446
450;450;0.454495;-0.454495
450;450;0.454495;-0.454495
450;450;0.454495;-0.454495
450;450;-0.0568244;-0.51142
450;450;-0.0568244;-0.51142
450;450;0.170506;-0.625187
450;450;0.454682;-0.0568352
450;450;0.454682;-0.0568352
450;450;-0.738601;0.909047
450;450;-0.738601;0.909047
450;450;-0.738601;0.909047
450;450;-0.397796;-0.56828
450;450;-0.397796;-0.56828
450;450;-0.397796;-0.56828
450;450;-0.170538;-0.56846
450;450;-0.170538;-0.56846
450;450;-0.227398;-0.511646
450;450;-0.227398;-0.511646
450;450;1.30746;0.454768
450;450;1.30746;0.454768
