target.x;target.y;delta.x;delta.y
450;450;-37.9358;7.74785
450;450;-60.3828;7.16115
450;450;-60.3828;7.16115
450;450;-60.3828;7.16115
450;450;-1.54563;1.14491
450;450;35.1284;3.95409
450;450;57.3495;8.48772
450;450;40.5158;4.99274
450;450;40.5158;4.99274
450;450;28.4635;12.2806
450;450;26.8944;4.08013
450;450;11.5467;-2.69998
450;450;6.42867;-8.20803
450;450;0.975749;-11.1924
450;450;0.975749;-11.1924
450;450;0.975749;-11.1924
450;450;2.29771;-0.516985
450;450;2.29771;-0.516985
450;450;2.53079;-3.91123
450;450;7.65602;-8.23166
450;450;9.16558;-3.51635
450;450;4.4364;-6.56818
450;450;4.4364;-6.56818
450;450;-5.7542;0.748045
450;450;-5.7542;0.748045
450;450;-5.7542;0.748045
450;450;1.37946;3.39118
450;450;0.517299;-0.459821
450;450;-5.86066;4.65405
450;450;-5.86253;3.3336
450;450;-5.86253;3.3336
450;450;-5.86253;3.3336
450;450;-4.88763;-3.56509
450;450;-7.24704;-2.70326
450;450;-7.24704;-2.70326
450;450;-13.1624;-16.6685
450;450;-13.1624;-16.6685
450;450;0.923239;-16.7337
450;450;0.923239;-16.7337
450;450;6.50994;-5.06969
450;450;6.50994;-5.06969
450;450;-7.64038;12.4084
450;450;-7.64038;12.4084
450;450;-10.6154;13.8287
450;450;-2.58245;6.82915
450;450;-2.58245;6.82915
450;450;6.93796;14.6213
450;450;8.33346;12.414
450;450;8.33346;12.414
450;450;9.0286;2.53031
450;450;9.0286;2.53031
450;450;-2.58287;5.62491
450;450;-2.58287;5.62491
450;450;-5.79673;7.17417
450;450;-5.79673;7.17417
450;450;-10.838;1.77766
450;450;-10.838;1.77766
450;450;-10.838;1.77766
450;450;2.75076;-0.45846
450;450;2.75076;-0.45846
450;450;7.66553;-2.00219
450;450;7.79183;-0.40105
450;450;-5.62652;9.12874
450;450;-7.80599;6.71545
450;450;-7.80599;6.71545
450;450;-3.95736;-7.22649
450;450;-4.52398;7.15819
450;450;-3.94856;12.9902
450;450;-11.444;9.61296
450;450;-17.8362;7.45567
450;450;-17.8362;7.45567
450;450;-17.8362;7.45567
450;450;-16.3999;-15.5971
450;450;-16.6855;-16.0548
450;450;-16.6855;-16.0548
450;450;-7.61438;2.63354
450;450;-5.84443;0.515685
450;450;-3.77916;2.40492
450;450;-3.77916;2.40492
450;450;-3.77916;2.40492
450;450;-7.05331;-0.114688
450;450;-5.67959;-0.229478
450;450;3.44195;10.4406
450;450;5.56733;7.69095
450;450;5.56733;7.69095
450;450;-9.34886;-5.67814
450;450;-9.87985;-1.20626
450;450;-7.8674;9.99218
450;450;-7.8674;9.99218
450;450;-7.8674;9.99218
450;450;13.6187;-3.67763
450;450;13.6187;-3.67763
450;450;17.4096;-1.78118
450;450;16.6669;-22.3567
450;450;16.6669;-22.3567
450;450;16.6669;-22.3567
450;450;5.6258;-16.1311
450;450;5.6258;-16.1311
450;450;-0.0574593;-6.03323
450;450;-0.0574593;-6.03323
450;450;-0.0574593;-6.03323
450;450;10.4733;19.573
450;450;10.4733;19.573
450;450;10.4733;19.573
450;450;18.1357;27.6627
450;450;18.1357;27.6627
450;450;18.1357;27.6627
450;450;3.78627;28.6265
450;450;3.78627;28.6265
450;450;3.78627;28.6265
450;450;-7.46375;-27.9604
450;450;-7.46375;-27.9604
450;450;-5.55829;-98.9032
450;450;-3.55442;-85.6501
450;450;-8.14648;-75.2115
450;450;-11.3065;-32.1977
450;450;-11.3065;-32.1977
450;450;-0.630623;12.8991
450;450;17.2087;47.5533
450;450;14.8368;43.8779
450;450;-6.38063;40.813
450;450;-2.013;11.6179
450;450;-2.013;11.6179
450;450;5.98226;0.575217
450;450;2.58972;-3.05011
450;450;-5.41396;-10.252
450;450;-8.11005;-6.72961
450;450;-8.80589;-6.5037
450;450;-8.80589;-6.5037
450;450;-8.22298;-6.44038
450;450;-11.2074;2.75875
450;450;-13.3038;-6.36518
450;450;-13.3038;-6.36518
450;450;-1.83676;-7.86364
450;450;1.0343;-14.2504
450;450;-4.25375;-4.0813
450;450;-4.25375;-4.0813
450;450;-4.25375;-4.0813
450;450;3.27497;-5.91793
450;450;3.27497;-5.91793
450;450;6.14265;-9.87417
450;450;-0.747066;-11.2635
450;450;1.2063;-8.38665
450;450;2.86976;-15.0375
450;450;2.86976;-15.0375
450;450;0.977245;-12.3018
450;450;1.26459;-12.301
450;450;0.517514;-3.10508
450;450;0.919554;-8.96565
450;450;1.09155;-7.35362
450;450;1.09155;-7.35362
450;450;-4.5432;-2.41537
450;450;-4.60086;-2.18541
450;450;-2.99371;-16.2351
450;450;-2.99371;-16.2351
450;450;-2.59328;-15.7902
450;450;2.3019;-1.84152
450;450;5.87454;4.31951
450;450;5.87454;4.31951
450;450;5.87454;4.31951
450;450;2.41406;7.12723
450;450;2.18401;7.01183
450;450;2.18401;7.01183
450;450;-4.93929;-13.3246
450;450;-8.38371;-26.4144
450;450;-12.6767;-23.4031
450;450;-12.6767;-23.4031
450;450;-12.6767;-23.4031
450;450;-8.81721;-2.69097
450;450;-8.81721;-2.69097
450;450;9.51486;22.9274
450;450;7.23387;20.2663
450;450;10.299;7.99756
450;450;11.2714;-20.53
450;450;11.2714;-20.53
450;450;11.2714;-20.53
450;450;1.03612;1.26637
450;450;1.03612;1.26637
450;450;-5.74171;82.1639
450;450;-8.67054;105.597
450;450;-16.9397;105.6
450;450;-13.5678;40.8183
450;450;-13.5678;40.8183
450;450;-7.05466;-37.969
450;450;-9.94141;-65.1076
450;450;-11.0932;-34.0268
450;450;-8.49015;-0.344195
450;450;-5.1015;31.5835
450;450;-5.1015;31.5835
450;450;-2.46383;45.0365
450;450;-9.69237;22.5391
450;450;-9.69329;22.0824
450;450;-9.69329;22.0824
450;450;-2.58171;-54.5602
450;450;-0.0574538;-78.999
450;450;-0.345285;-46.9012
450;450;-0.345285;-46.9012
450;450;-13.6596;-21.4077
450;450;-14.2928;2.18123
450;450;-14.2928;2.18123
450;450;3.21967;18.1682
450;450;3.90873;13.1057
450;450;3.90873;13.1057
450;450;7.53414;10.9274
450;450;7.53414;10.9274
450;450;7.53414;10.9274
450;450;2.53355;23.4353
450;450;2.53355;23.4353
450;450;-6.49809;7.13064
450;450;-5.86703;-15.4153
450;450;-11.3875;-35.1977
450;450;-14.3657;-36.8338
450;450;-14.3657;-36.8338
450;450;-14.3657;-36.8338
450;450;-10.1936;11.2817
450;450;-16.219;45.8489
450;450;-16.219;45.8489
450;450;-16.219;45.8489
450;450;-19.9018;10.5228
450;450;-18.3741;-24.2698
450;450;-22.1024;-58.348
450;450;-32.2637;135.051
450;450;-32.2637;135.051
450;450;-37.4379;350.555
450;450;-37.4379;350.555
450;450;57.0419;210.516
450;450;57.0419;210.516
450;450;93.5902;-41.7987
450;450;57.3301;-156.126
450;450;57.3301;-156.126
450;450;57.3301;-156.126
450;450;29.4118;-261.553
450;450;29.4118;-261.553
450;450;4.75349;-215.282
450;450;4.75349;-215.282
450;450;-59.3315;104.645
450;450;-66.2023;251.157
450;450;-64.8046;389.621
450;450;-64.8046;389.621
450;450;-64.8046;389.621
450;450;50.7218;86.0165
450;450;85.1588;-110.769
450;450;85.1588;-110.769
450;450;37.5257;-127.323
450;450;37.5257;-127.323
450;450;-9.77058;-68.1641
450;450;-9.77058;-68.1641
450;450;-7.78613;-9.96167
450;450;-1.43255;14.0963
450;450;-6.30302;16.9035
450;450;-11.1173;29.8562
450;450;-11.712;29.7966
450;450;-11.712;29.7966
450;450;-11.712;29.7966
450;450;-10.9782;7.87444
450;450;-10.9782;7.87444
450;450;-2.18478;-22.7102
450;450;-6.77717;-43.4198
450;450;-12.5551;-41.7358
450;450;-10.0819;-15.5812
450;450;-10.0819;-15.5812
450;450;-10.0819;-15.5812
450;450;-6.36234;4.52815
450;450;-6.36234;4.52815
450;450;-21.4016;2.29508
450;450;-25.8774;-0.973266
450;450;-24.9543;-2.40385
450;450;1.88862;9.09972
450;450;1.88862;9.09972
450;450;1.88862;9.09972
450;450;11.9169;12.1461
450;450;21.714;9.85437
450;450;17.83;8.59968
450;450;5.55918;8.65398
450;450;5.55918;8.65398
450;450;-4.64679;7.1136
450;450;-4.58957;7.05646
450;450;-4.58957;7.05646
450;450;-7.91877;12.7963
450;450;-14.016;14.4181
450;450;-15.5615;17.3416
450;450;-14.453;14.1662
450;450;-14.453;14.1662
450;450;-4.9929;10.2154
450;450;0.746518;9.30276
450;450;0.746518;9.30276
450;450;-6.71909;22.7415
450;450;-9.30544;20.5064
450;450;-12.6386;13.1557
450;450;-11.6657;-19.7111
450;450;-11.6657;-19.7111
450;450;-11.6657;-19.7111
450;450;-7.58681;-44.0265
450;450;-7.58681;-44.0265
450;450;-4.87719;-44.5833
450;450;-12.7609;-11.5537
450;450;-9.75625;9.98581
450;450;-8.96365;15.5715
450;450;-8.96365;15.5715
450;450;-8.96365;15.5715
450;450;-10.1765;20.8129
450;450;-2.87931;14.7996
450;450;-3.16592;18.2472
450;450;-3.45307;18.1286
450;450;-5.92948;14.5646
450;450;-9.39285;16.135
450;450;-9.39285;16.135
450;450;-4.15178;14.6466
450;450;-11.635;16.1277
450;450;-13.865;16.799
450;450;-13.865;16.799
450;450;-18.3934;20.8651
450;450;-28.6129;10.6867
450;450;-28.6129;10.6867
450;450;-37.4313;13.8146
450;450;-37.4313;13.8146
450;450;13.7764;16.9776
450;450;32.3296;23.7313
450;450;45.962;20.0009
450;450;27.8189;-1.54868
450;450;27.8189;-1.54868
450;450;22.5978;-11.2989
450;450;6.14579;-18.0927
450;450;-10.4636;-40.756
450;450;-26.8179;-33.7386
450;450;-27.13;6.91211
450;450;-27.13;6.91211
450;450;-26.3528;34.3907
450;450;1.77495;42.198
450;450;1.77495;42.198
450;450;36.3277;20.4881
450;450;36.3277;20.4881
450;450;57.5953;-37.8977
450;450;49.7465;-69.4954
450;450;49.7465;-69.4954
450;450;49.7465;-69.4954
450;450;32.6639;-66.3071
450;450;2.65329;-42.0489
450;450;2.65329;-42.0489
450;450;-15.2535;0.924454
450;450;-15.2535;0.924454
450;450;-15.2535;0.924454
450;450;-15.8247;33.7285
450;450;-15.8247;33.7285
450;450;-31.7693;28.9492
450;450;-34.6679;-0.402446
450;450;-33.5188;-15.0949
450;450;-5.68267;-19.5162
450;450;-5.68267;-19.5162
450;450;13.102;-29.4794
450;450;12.9875;-29.308
450;450;13.8989;7.29407
450;450;10.7397;44.6245
450;450;6.83155;52.9876
450;450;6.83155;52.9876
450;450;6.83155;52.9876
450;450;10.0522;19.7023
450;450;13.5016;-2.64287
450;450;13.5016;-2.64287
450;450;16.8957;-49.9976
450;450;19.4619;-50.6929
450;450;16.5335;-25.7762
450;450;16.5335;-25.7762
450;450;10.3305;28.9253
450;450;-5.16244;46.0031
450;450;1.49104;49.663
450;450;12.4385;46.7733
450;450;10.7844;22.4867
450;450;10.7844;22.4867
450;450;11.4111;-28.2697
450;450;21.5895;-46.2223
450;450;20.2083;-6.25767
450;450;20.2083;-6.25767
450;450;20.2083;-6.25767
450;450;8.27097;19.0692
450;450;-12.1853;14.0245
450;450;-15.7125;19.8564
450;450;-17.7748;27.8414
450;450;-17.7748;27.8414
450;450;-11.2793;13.6963
450;450;-13.175;-16.9722
450;450;-13.175;-16.9722
450;450;-12.8853;-38.1956
450;450;-10.4596;-49.4245
450;450;-15.1161;-57.9931
450;450;-9.8224;-33.4306
450;450;-9.8224;-33.4306
450;450;-2.29581;18.9404
450;450;4.0709;52.5204
450;450;2.00659;63.351
450;450;-6.29861;64.9329
450;450;-13.6027;16.5298
450;450;-13.6027;16.5298
450;450;-9.02457;-6.49539
450;450;-6.90283;-13.0003
450;450;-19.6342;-5.8558
450;450;-19.6342;-5.8558
450;450;-4.36315;-5.79839
450;450;-11.5563;-0.574942
450;450;-17.3804;-0.805716
450;450;-17.3804;-0.805716
450;450;-15.3292;-0.230514
450;450;-15.5046;-0.403464
450;450;-15.5046;-0.403464
450;450;-14.444;-5.75456
450;450;-14.1086;-10.6534
450;450;-5.00727;-13.3527
450;450;-4.4887;-12.1425
450;450;-4.4887;-12.1425
450;450;-4.4887;-12.1425
450;450;-10.3476;-10.6925
450;450;-10.3476;-10.6925
450;450;-16.0783;-5.74226
450;450;-16.0783;-5.74226
450;450;-19.9563;-3.44075
450;450;-18.3483;-2.06419
450;450;-17.1021;-5.79636
450;450;-19.7402;-12.5098
450;450;-19.7402;-12.5098
450;450;-19.7402;-12.5098
450;450;-15.6972;-5.21332
450;450;-15.6972;-5.21332
450;450;-6.02284;-0.860406
450;450;-10.9667;-10.1628
450;450;-7.41462;-17.933
450;450;-10.0618;-19.2612
450;450;-10.0618;-19.2612
450;450;-5.02736;-11.5572
450;450;9.49363;-13.1985
450;450;-2.66028;-11.5086
450;450;-20.2937;-6.9183
450;450;-18.9549;-6.6832
450;450;-18.9549;-6.6832
450;450;-18.9549;-6.6832
450;450;-11.7356;-16.1076
450;450;-16.159;-14.4913
450;450;-22.8019;-28.2582
450;450;-25.4843;-22.3848
450;450;-25.4843;-22.3848
450;450;10.3433;5.40152
450;450;10.3433;5.40152
450;450;10.3433;5.40152
450;450;22.0477;9.03784
450;450;22.0477;9.03784
450;450;18.7449;6.80583
450;450;1.78374;17.2045
450;450;-13.5587;10.8584
450;450;-9.64239;14.6932
450;450;-9.64239;14.6932
450;450;-9.64239;14.6932
450;450;-13.379;4.47882
450;450;-7.2992;1.20695
450;450;-3.68021;-2.87517
450;450;-6.49767;-5.52015
450;450;-6.49767;-5.52015
450;450;-4.07857;8.55925
450;450;-4.07857;8.55925
450;450;-3.96469;9.13603
450;450;-14.8843;3.33317
450;450;-10.3579;-2.01403
450;450;-10.3579;-2.01403
450;450;-10.3579;-2.01403
450;450;-0.632274;-0.632274
450;450;-0.632274;-0.632274
450;450;-11.4275;-5.22563
450;450;-21.392;-7.68507
450;450;-21.392;-7.68507
450;450;-17.1884;2.1199
450;450;5.10882;-5.22363
450;450;5.10882;-5.22363
450;450;14.7817;11.2732
450;450;14.7817;11.2732
450;450;17.6451;10.3456
450;450;23.5613;9.3096
450;450;18.794;13.9087
450;450;2.69861;10.737
450;450;2.69861;10.737
450;450;4.81828;5.90812
450;450;4.93347;5.3924
450;450;8.26728;-1.43529
450;450;-1.26237;1.14761
450;450;-4.64324;4.92985
450;450;-4.64324;4.92985
450;450;0.917913;-1.95057
450;450;1.03275;-2.23763
450;450;14.3952;-7.28361
450;450;14.3952;-7.28361
450;450;5.93821;-8.53258
450;450;0.747424;4.9445
450;450;2.52974;8.04918
450;450;2.52974;8.04918
450;450;2.52974;8.04918
450;450;14.6649;8.66036
450;450;13.3211;11.1875
450;450;10.5126;15.0758
450;450;5.9527;12.1944
450;450;5.9527;12.1944
450;450;5.9527;12.1944
450;450;2.53541;5.93517
450;450;2.53541;5.93517
450;450;-4.02369;10.6915
450;450;-4.02369;10.6915
450;450;2.98941;4.31165
450;450;6.38022;3.62121
450;450;1.77868;12.2787
450;450;7.06524;15.6239
450;450;7.06524;15.6239
450;450;3.38923;-17.8078
450;450;3.50401;-18.037
450;450;3.50401;-18.037
450;450;-8.88379;4.69981
450;450;-11.5217;16.3941
450;450;-3.26341;20.3247
450;450;5.44352;18.8518
450;450;5.44352;18.8518
450;450;-8.59311;8.70769
450;450;6.24572;18.5653
450;450;8.72212;15.2637
450;450;3.90623;9.30603
450;450;2.7005;2.41321
450;450;2.7005;2.41321
450;450;2.7005;2.41321
450;450;-15.1321;-6.7893
450;450;-15.2472;-6.55915
450;450;-15.2472;-6.55915
450;450;5.98417;10.012
450;450;6.90393;7.65186
450;450;-0.977619;1.38017
450;450;-0.977619;1.38017
450;450;2.01358;9.66519
450;450;11.7389;9.03438
450;450;10.813;-12.366
450;450;2.23898;-13.8932
450;450;-0.861587;-7.81172
450;450;-0.861587;-7.81172
450;450;-0.861587;-7.81172
450;450;4.65331;-4.94055
450;450;4.30862;-5.45759
450;450;4.30862;-5.45759
450;450;4.30862;-5.45759
450;450;12.0428;1.78626
450;450;13.0061;4.14355
450;450;13.9118;15.4065
450;450;13.1523;18.0916
450;450;13.1523;18.0916
450;450;13.1523;18.0916
450;450;12.6807;-8.66418
450;450;12.6807;-8.66418
450;450;20.974;-16.7792
450;450;27.376;-9.43206
450;450;25.1108;-14.6863
450;450;11.4233;-12.8656
450;450;11.4233;-12.8656
450;450;-9.90291;13.818
450;450;-9.31822;4.54407
450;450;-11.2142;2.87544
450;450;-12.9899;4.48326
450;450;-15.0002;4.59777
450;450;-15.0002;4.59777
450;450;-15.0002;4.59777
450;450;-12.7324;8.3162
450;450;-12.8463;8.31567
450;450;-12.8463;8.31567
450;450;13.0917;-17.2442
450;450;6.62856;-10.3751
450;450;2.64634;-10.7579
450;450;2.64634;-10.7579
450;450;5.41604;-4.55178
450;450;5.53216;-4.43726
450;450;1.44228;5.71144
450;450;1.44228;5.71144
450;450;-7.2591;4.95463
450;450;-11.2782;11.0481
450;450;-17.3938;3.34053
450;450;-17.3938;3.34053
450;450;-4.31772;-8.29002
450;450;-4.31772;-8.29002
450;450;-4.31772;-8.29002
450;450;-4.31772;-8.29002
450;450;-21.0761;5.62796
450;450;-19.7427;1.89392
450;450;-0.287049;-0.918557
450;450;-0.287049;-0.918557
450;450;-0.287049;-0.918557
450;450;5.33571;8.37649
450;450;5.33571;8.37649
450;450;14.7346;6.36397
450;450;23.9069;5.2871
450;450;14.2526;1.43676
450;450;5.40238;2.41383
450;450;5.40238;2.41383
450;450;5.40238;2.41383
450;450;1.55041;6.37391
450;450;1.55041;6.37391
450;450;-1.26237;4.64782
450;450;0.401459;-5.68434e-14
450;450;5.278;-2.52426
450;450;-5.68434e-14;-18.1008
450;450;-5.68434e-14;-18.1008
450;450;-4.30505;-1.14801
450;450;-5.96967;15.9
450;450;-2.41098;5.22379
450;450;4.30738;8.95936
450;450;3.67669;11.4897
450;450;3.67669;11.4897
450;450;-1.66372;11.9329
450;450;3.727;9.80488
450;450;12.975;2.81317
450;450;12.975;2.81317
450;450;0.631931;9.07683
450;450;-2.41514;4.42776
450;450;-4.14633;-0.28794
450;450;-4.14633;-0.28794
450;450;0.17267;9.89975
450;450;0.863102;11.7382
450;450;0.863102;11.7382
450;450;7.94155;11.6821
450;450;3.6861;9.73361
450;450;2.53144;4.77522
450;450;5.05593;5.40066
450;450;5.05593;5.40066
450;450;5.05593;5.40066
450;450;18.006;-0.230109
450;450;14.9619;7.42339
450;450;8.85552;10.7531
450;450;-0.114937;4.1952
450;450;-0.114937;4.1952
450;450;-0.114937;4.1952
450;450;0.114768;15.2068
450;450;0.17212;11.9336
450;450;0.17212;11.9336
450;450;-0.114952;2.70136
450;450;-5.73623;7.85863
450;450;1.95131;4.47654
450;450;1.95131;4.47654
450;450;1.95131;4.47654
450;450;0.975718;10.1589
450;450;1.32017;10.5614
450;450;1.32017;10.5614
450;450;-7.9698;15.7102
450;450;-1.72131;4.99179
450;450;-1.60527;4.07051
450;450;-1.60527;4.07051
450;450;-1.60527;4.07051
450;450;-2.17713;-1.14586
450;450;-2.17713;-1.14586
450;450;4.75591;-5.68434e-14
450;450;3.0948;2.17782
450;450;3.0948;2.17782
450;450;-1.72065;-3.78543
450;450;0.803174;-3.78639
450;450;0.803174;-3.78639
450;450;-2.58608;6.72381
450;450;-2.58608;6.72381
450;450;-6.07111;4.92562
450;450;-10.415;6.40925
450;450;-9.82685;8.39853
450;450;-3.70975;4.62292
450;450;-3.70975;4.62292
450;450;-3.70975;4.62292
450;450;5.36215;19.2239
450;450;5.36215;19.2239
450;450;6.46258;15.7847
450;450;-4.23657;9.50366
450;450;5.56148;15.0791
450;450;5.39308;10.614
450;450;5.39308;10.614
450;450;0.0573275;11.6948
450;450;2.46917;7.29268
450;450;3.45263;3.10736
450;450;2.76272;2.35982
450;450;-0.977838;13.6322
450;450;-0.977838;13.6322
450;450;-9.06959;6.19947
450;450;-8.95565;6.31488
450;450;2.70007;10.3407
450;450;2.70007;10.3407
450;450;1.03311;8.3223
450;450;5.05497;10.1099
450;450;6.90261;6.73004
450;450;6.90261;6.73004
450;450;6.90261;6.73004
450;450;4.72403;6.79799
450;450;4.72403;6.79799
450;450;-1.89864;1.20823
450;450;-1.37828;5.80024
450;450;-1.37828;5.80024
450;450;-5.96112;11.9222
450;450;-5.96112;11.9222
450;450;-6.82372;13.1887
450;450;-6.82372;13.1887
450;450;-6.82372;13.1887
450;450;4.32145;11.1781
450;450;2.41491;13.627
450;450;-2.58147;18.185
450;450;-0.85953;16.7895
450;450;-0.85953;16.7895
450;450;-7.33582;10.1441
450;450;-7.33582;10.1441
450;450;8.64407;-2.06084
450;450;8.64407;-2.06084
450;450;4.01638;0.860653
450;450;4.01638;0.860653
450;450;4.01638;0.860653
450;450;7.41036;1.66589
450;450;7.63989;1.32118
450;450;7.63989;1.32118
450;450;8.47411;-7.83999
450;450;9.65532;-7.64379
450;450;13.0024;-4.31496
450;450;13.0024;-4.31496
450;450;4.83724;3.34
450;450;3.51264;9.27107
450;450;-1.95518;7.64819
450;450;-4.25158;11.8355
450;450;-0.574318;8.95936
450;450;-0.574318;8.95936
450;450;-0.574318;8.95936
450;450;-2.92977;3.38934
450;450;-2.92977;3.38934
450;450;6.66124;6.02957
450;450;6.66124;6.02957
450;450;-2.69732;6.59981
450;450;-0.114904;-0.517068
450;450;1.32161;0.114922
450;450;3.39313;1.89785
450;450;3.39313;1.89785
450;450;-3.11234;0.115272
450;450;-11.6436;1.44104
450;450;-20.984;9.83088
450;450;-13.9466;2.18095
450;450;6.14658;4.99768
450;450;6.14658;4.99768
450;450;18.5078;17.3008
450;450;19.0342;18.8042
450;450;26.8137;15.1331
450;450;26.8137;15.1331
450;450;10.1138;18.6186
450;450;-1.14849;9.36019
450;450;-1.37933;8.67829
450;450;-1.37933;8.67829
450;450;-1.37933;8.67829
450;450;12.0152;6.41196
450;450;12.4693;13.7393
450;450;12.4522;15.3922
450;450;12.061;9.81036
450;450;12.061;9.81036
450;450;10.7117;-2.25814
450;450;12.0426;-2.258
450;450;12.0426;-2.258
450;450;10.347;8.15041
450;450;10.347;8.15041
450;450;-1.3255;14.9839
450;450;-4.54146;10.2327
450;450;0.230544;7.43503
450;450;-2.12824;7.18999
450;450;-2.12824;7.18999
450;450;-2.12824;7.18999
450;450;2.53493;-5.87642
450;450;2.53493;-5.87642
450;450;5.06953;2.70759
450;450;8.40139;4.54596
450;450;11.1875;8.07342
450;450;11.4824;5.94316
450;450;11.4824;5.94316
450;450;7.20703;2.24859
450;450;-0.689776;6.89776
450;450;-0.0574611;7.81471
450;450;5.68339;1.77965
450;450;4.65614;-1.72449
450;450;4.65614;-1.72449
450;450;-1.72076;16.0604
450;450;-1.72076;16.0604
450;450;-2.12125;6.01978
450;450;-2.12125;6.01978
450;450;-5.04659;-2.35125
450;450;-3.3861;-3.04175
450;450;-0.919378;0.746995
450;450;-0.919378;0.746995
450;450;-3.91035;2.53023
450;450;-6.66954;4.08222
450;450;-6.66954;4.08222
450;450;1.14732;13.9399
450;450;1.89332;16.9251
450;450;8.20359;16.2924
450;450;5.27464;17.2572
450;450;5.27464;17.2572
450;450;5.27464;17.2572
450;450;6.59687;21.1673
450;450;6.59687;21.1673
450;450;4.18078;19.0712
450;450;2.75137;-11.5787
450;450;7.62796;-32.2898
450;450;7.79655;-31.3008
450;450;7.79655;-31.3008
450;450;-0.45827;16.7841
450;450;4.64161;38.3936
450;450;4.70266;32.7465
450;450;4.70266;32.7465
450;450;2.69654;-4.9341
450;450;2.69654;-4.9341
450;450;2.69654;-4.9341
450;450;-0.172197;-13.6609
450;450;-0.0574025;-13.1452
450;450;-0.0574025;-13.1452
450;450;-2.52789;-16.6611
450;450;-0.34458;-14.3001
450;450;6.99507;-26.8336
450;450;6.99507;-26.8336
450;450;6.99507;-26.8336
450;450;9.76808;12.1239
450;450;11.6379;47.0674
450;450;13.7367;44.1865
450;450;11.9029;14.9359
450;450;11.9029;14.9359
450;450;-3.48488;-18.3956
450;450;-3.48488;-18.3956
450;450;0.80108;-18.4821
450;450;2.92073;-14.6036
450;450;2.92073;-14.6036
450;450;-9.58286;-13.7718
450;450;-12.3779;-36.0397
450;450;-14.207;-36.9841
450;450;-10.349;-4.71452
450;450;-10.349;-4.71452
450;450;-10.349;-4.71452
450;450;3.90736;27.9261
450;450;3.90736;27.9261
450;450;3.84683;19.5212
450;450;5.15816;-14.4429
450;450;4.18131;-34.7679
450;450;0.229208;-39.1373
450;450;0.229208;-39.1373
450;450;-2.97629;-35.1431
450;450;0.571982;23.9088
450;450;-2.85882;58.8345
450;450;-0.743364;69.2472
450;450;-1.65906;46.3966
450;450;-1.65906;46.3966
450;450;-5.68434e-14;-12.0942
450;450;0.171961;-13.7569
450;450;0.171961;-13.7569
450;450;19.0045;-32.0377
450;450;18.1147;-22.2552
450;450;18.1147;-22.2552
450;450;10.343;-12.2392
450;450;10.343;-12.2392
450;450;17.2023;-3.96976
450;450;17.2023;-3.96976
450;450;17.2023;-3.96976
450;450;15.3042;-14.7289
450;450;2.29962;-19.4893
450;450;2.29962;-19.4893
450;450;-4.30848;-13.1552
450;450;-4.19319;-15.7963
450;450;-4.19319;-15.7963
450;450;10.9016;-9.12292
450;450;10.9016;-9.12292
450;450;14.3321;-11.9146
450;450;3.11194;-11.7562
450;450;3.0012;-17.6032
450;450;3.0012;-17.6032
450;450;5.99625;-22.14
450;450;5.99625;-22.14
450;450;-5.52244;-14.3814
450;450;-5.52244;-14.3814
450;450;2.29852;-3.103
450;450;-1.03572;-3.79765
450;450;-7.06546;-11.546
450;450;-6.60192;-11.3668
450;450;-6.60192;-11.3668
450;450;-6.60192;-11.3668
450;450;-2.80824;-13.4108
450;450;-0.917679;-15.7726
450;450;-3.21341;-6.71374
450;450;-11.6379;-8.37009
450;450;-11.6379;-8.37009
450;450;-11.6379;-8.37009
450;450;-5.10719;-10.5013
450;450;2.12179;-15.3687
450;450;2.12179;-15.3687
450;450;-3.90399;-8.03763
450;450;2.69577;-3.03991
450;450;4.24562;0.573732
450;450;4.24562;0.573732
450;450;4.24562;0.573732
450;450;-2.12315;-12.6815
450;450;-4.64516;-6.82437
450;450;-1.03242;-11.8729
450;450;8.15688;-14.0735
450;450;8.15688;-14.0735
450;450;8.95536;-15.4263
450;450;8.61036;-15.4293
450;450;-3.46081;-0.403762
450;450;-3.46081;-0.403762
450;450;-3.46081;-0.403762
450;450;5.11992;-0.460218
450;450;12.7318;-6.74038
450;450;0.806696;-9.91084
450;450;-2.87875;-6.10296
450;450;-2.87875;-6.10296
450;450;-2.87875;-6.10296
450;450;-2.35666;-1.43699
450;450;-2.35666;-1.43699
450;450;10.0014;-16.0943
450;450;7.41249;-9.99824
450;450;5.28002;-4.93567
450;450;6.94061;0.114721
450;450;6.94061;0.114721
450;450;7.6151;10.3062
450;450;7.38584;10.5348
450;450;7.38584;10.5348
450;450;2.98008;3.03739
450;450;1.54656;-1.89024
450;450;-1.25996;-6.64344
450;450;-4.46174;-7.60784
450;450;-4.46174;-7.60784
450;450;2.9797;-12.721
450;450;1.37415;-7.21431
450;450;-4.48297;-8.21878
450;450;6.5644;-10.7103
450;450;10.7247;-13.1465
450;450;10.9547;-13.088
450;450;10.9547;-13.088
450;450;11.2289;-8.00422
450;450;6.03747;-9.77495
450;450;1.20734;-16.9602
450;450;5.17563;-15.1819
450;450;5.17563;-15.1819
450;450;12.1487;-6.90923
450;450;13.3519;2.41715
450;450;4.83445;5.23732
450;450;4.83445;5.23732
450;450;4.83445;5.23732
450;450;-1.21206;-9.35019
450;450;-0.288346;-8.76571
450;450;1.6121;-14.1635
450;450;3.11304;-19.4853
450;450;3.11304;-19.4853
450;450;3.11304;-19.4853
450;450;1.03871;-9.69463
450;450;1.03871;-9.69463
450;450;2.53736;-7.43908
450;450;2.53736;-7.43908
450;450;-3.80531;-15.7402
450;450;3.39628;-13.8729
450;450;1.55358;-2.70439
450;450;1.55358;-2.70439
450;450;1.55358;-2.70439
450;450;15.2554;-6.35644
450;450;13.1469;-7.03474
450;450;9.97261;0.634097
450;450;9.97261;0.634097
450;450;9.97261;0.634097
450;450;8.57046;4.42903
450;450;14.5975;-15.8043
450;450;17.3766;-13.9243
450;450;12.9511;-19.11
450;450;12.9511;-19.11
450;450;9.61258;-16.5198
450;450;1.66898;-5.92777
450;450;-9.5352;-3.73366
450;450;-9.5352;-3.73366
450;450;-7.32579;4.23522
450;450;-7.32579;4.23522
450;450;6.52599;6.75497
450;450;12.1019;-18.8698
450;450;12.8602;-29.2225
450;450;12.8602;-29.2225
450;450;11.7818;-20.9773
450;450;10.3407;21.5431
450;450;10.3407;21.5431
450;450;10.5342;34.4809
450;450;12.0286;4.892
450;450;10.4603;-11.4948
450;450;10.4603;-11.4948
450;450;8.45002;-11.0942
450;450;8.45002;-11.0942
450;450;6.38838;-8.97827
450;450;6.38838;-8.97827
450;450;12.9764;-11.9383
450;450;8.18247;-7.77911
450;450;1.49873;-5.1879
450;450;-3.74274;-2.53355
450;450;-3.74274;-2.53355
450;450;4.14527;-11.0541
450;450;17.21;-12.7204
450;450;17.21;-12.7204
450;450;17.3235;-5.46753
450;450;17.3235;-5.46753
450;450;2.0159;-11.4618
450;450;2.0159;-11.4618
450;450;1.32114;-8.50126
450;450;5.34389;-11.4348
450;450;14.1032;-17.2692
450;450;14.3229;-12.3672
450;450;14.3229;-12.3672
450;450;14.4205;-18.6313
450;450;14.0636;-12.3921
450;450;10.076;-7.13954
450;450;10.076;-7.13954
450;450;10.076;-7.13954
450;450;-1.26507;2.35764
450;450;-2.81766;0.17251
450;450;-2.81766;0.17251
450;450;-3.79474;-16.6163
450;450;3.27591;-11.322
450;450;3.27591;-11.322
450;450;5.86797;-23.0116
450;450;5.86797;-23.0116
450;450;-1.78363;-12.6005
450;450;-1.78363;-12.6005
450;450;-1.38043;6.21195
450;450;-1.38043;6.21195
450;450;6.56419;19.0592
450;450;19.1492;21.3344
450;450;14.3128;24.6595
450;450;9.36228;13.1531
450;450;9.36228;13.1531
450;450;5.91548;-0.344591
450;450;4.53769;5.74391
450;450;4.53769;5.74391
450;450;6.82415;2.69525
450;450;7.05376;2.75269
450;450;7.05376;2.75269
450;450;9.41701;-5.34014
450;450;6.60719;-3.15996
450;450;9.42965;-3.39237
450;450;9.42965;-3.39237
450;450;6.49145;-8.44463
450;450;1.66563;-8.44301
450;450;1.66563;-8.44301
450;450;17.3693;1.6104
450;450;19.0324;6.61246
450;450;19.0324;6.61246
450;450;13.1385;3.68799
450;450;8.87849;1.26836
450;450;8.87849;1.26836
450;450;3.11134;0.979497
450;450;3.11134;0.979497
450;450;-11.8688;-7.14434
450;450;3.27706;-5.80673
450;450;8.9731;-6.03959
450;450;4.601;-3.33573
450;450;4.601;-3.33573
450;450;4.601;-3.33573
450;450;8.62605;0.115014
450;450;8.62605;0.115014
450;450;6.15561;3.04904
450;450;6.45357;-0.806696
450;450;6.45357;-0.806696
450;450;-3.40019;7.66484
450;450;-2.88124;7.54886
450;450;-2.88124;7.54886
450;450;5.06321;0.80551
450;450;4.1417;9.49139
450;450;-2.52845;4.02254
450;450;-4.71588;-12.0197
450;450;-4.71588;-12.0197
450;450;3.44492;-13.7223
450;450;2.63875;-9.86662
450;450;-0.74559;-3.21177
450;450;-0.74559;-3.21177
450;450;6.14187;-2.23863
450;450;15.5358;-5.23615
450;450;15.0958;-5.68434e-14
450;450;15.0958;-5.68434e-14
450;450;15.0958;-5.68434e-14
450;450;1.78918;-5.02124
450;450;-3.63164;-3.86223
450;450;-4.43683;-2.47771
450;450;1.84246;4.60615
450;450;1.84246;4.60615
450;450;4.72237;-9.79027
450;450;0.17267;-2.64761
450;450;-7.30223;-12.1895
450;450;-7.30223;-12.1895
450;450;-7.30223;-12.1895
450;450;3.62179;7.76097
450;450;3.62179;7.76097
450;450;12.8894;2.18659
450;450;11.8464;8.33852
450;450;9.2477;8.04148
450;450;9.2477;8.04148
450;450;4.48068;9.70814
450;450;4.48068;9.70814
450;450;1.32097;13.2672
450;450;0.51659;16.7031
450;450;0.51659;16.7031
450;450;-0.573641;12.1038
450;450;2.86994;8.26543
450;450;2.86994;8.26543
450;450;0.860214;10.4946
450;450;0.860214;10.4946
450;450;-2.80717;1.66139
450;450;1.25996;1.03088
450;450;10.7353;3.44448
450;450;7.74934;0.803635
450;450;7.74934;0.803635
450;450;-1.31992;1.72164
450;450;-7.34143;6.76788
450;450;-7.34143;6.76788
450;450;0.688632;6.25508
450;450;1.49056;5.73294
450;450;4.87067;5.95941
450;450;7.05061;5.78953
450;450;7.05061;5.78953
450;450;3.72321;-0.343681
450;450;3.72321;-0.343681
450;450;3.72321;-0.343681
450;450;2.82127;4.54858
450;450;-2.47304;1.55284
450;450;-1.78198;-0.172449
450;450;-1.72433;-5.68434e-14
450;450;-1.72433;-5.68434e-14
450;450;-1.72433;-5.68434e-14
450;450;2.52797;1.43634
450;450;1.38096;-8.4584
450;450;12.6049;-5.46788
450;450;11.6454;-8.12875
450;450;11.6454;-8.12875
450;450;4.25865;-5.40964
450;450;1.5517;-7.18379
450;450;5.05206;1.66488
450;450;7.69635;0.63179
450;450;7.69635;0.63179
450;450;1.724;-4.59733
450;450;-2.99113;-9.20348
450;450;-8.46218;-3.91448
450;450;-6.10062;-9.72646
450;450;-6.10062;-9.72646
450;450;-10.1109;-4.59586
450;450;-10.4476;1.09068
450;450;-10.4476;1.09068
450;450;5.85879;0.0574391
450;450;5.85879;0.0574391
450;450;-1.2063;0.631871
450;450;-1.2063;0.631871
450;450;6.32214;0.977058
450;450;7.2526;2.30241
450;450;6.33204;5.23833
450;450;5.8721;6.50536
450;450;5.8721;6.50536
450;450;5.8721;6.50536
450;450;-5.51715;2.1264
450;450;-5.51715;2.1264
450;450;22.7263;-5.50941
450;450;27.5371;-8.45083
450;450;24.5113;-1.03569
450;450;4.77324;-1.15018
450;450;4.77324;-1.15018
450;450;-16.3597;3.84597
450;450;-20.0264;4.93488
450;450;-21.5122;8.08859
450;450;-22.1461;7.68801
450;450;7.57496;9.92778
450;450;7.57496;9.92778
450;450;7.57496;9.92778
450;450;37.6467;-0.632234
450;450;47.1997;-9.94586
450;450;47.1997;-9.94586
450;450;12.6799;-3.61463
450;450;0.401459;0.974972
450;450;2.18102;6.02649
450;450;2.18102;6.02649
450;450;-10.3331;0.918499
450;450;-23.3017;1.66441
450;450;-27.2479;5.39222
450;450;-25.6876;8.94481
450;450;-3.89989;7.16891
450;450;11.9561;5.34576
450;450;15.7514;0.747329
450;450;15.7514;0.747329
450;450;15.7514;0.747329
450;450;12.7074;8.39495
450;450;12.7074;8.39495
450;450;11.2609;11.4333
450;450;6.66336;7.29524
450;450;9.42724;0.114966
450;450;12.8791;-4.59968
450;450;12.8791;-4.59968
450;450;7.07336;-6.61331
450;450;7.07676;-8.34252
450;450;9.03495;-7.59627
450;450;-0.804276;-18.1537
450;450;-0.804276;-18.1537
450;450;6.49145;-14.7063
450;450;6.49145;-14.7063
450;450;28.3005;-3.2921
450;450;32.5428;-0.115605
450;450;41.2718;4.32921
450;450;27.0307;8.08612
450;450;27.0307;8.08612
450;450;27.0307;8.08612
450;450;-16.1391;19.7127
450;450;-56.4322;2.586
450;450;-87.6776;0.114611
450;450;-39.895;5.38039
450;450;-39.895;5.38039
450;450;6.87405;7.27504
450;450;29.2445;11.0097
450;450;31.9219;12.2865
450;450;31.9219;12.2865
450;450;31.9219;12.2865
450;450;-4.54306;2.58782
450;450;-4.71558;2.4153
450;450;-4.71558;2.4153
450;450;-24.9916;-9.36467
450;450;-33.2934;-6.03766
450;450;-6.50162;-8.11264
450;450;-6.50162;-8.11264
450;450;14.6962;-10.7196
450;450;21.1877;-11.8351
450;450;30.0313;-13.2831
450;450;34.5771;-11.5257
450;450;17.2692;-10.1888
450;450;17.2692;-10.1888
450;450;8.28657;2.12919
450;450;6.21096;7.41864
450;450;6.21096;7.41864
450;450;-0.345506;1.03652
450;450;-0.345506;1.03652
450;450;-7.1916;-1.95611
450;450;-7.1916;-1.95611
450;450;-3.51455;6.2801
450;450;-3.51455;6.2801
450;450;-8.81322;3.11055
450;450;-8.92557;-8.29214
450;450;-8.84252;-5.39738
450;450;0.402665;-18.5801
450;450;0.402665;-18.5801
450;450;0.402665;-18.5801
450;450;-3.44899;0.977214
450;450;-11.9534;-2.12633
450;450;-12.8717;-2.58583
450;450;-13.3953;9.19848
450;450;-13.3953;9.19848
450;450;-13.3953;9.19848
450;450;-17.7902;9.98549
450;450;-17.7902;9.98549
450;450;-11.3661;-1.72213
450;450;-17.4487;-1.9515
450;450;-27.6007;-12.9953
450;450;-15.6324;12.8738
450;450;-15.6324;12.8738
450;450;-15.6324;12.8738
450;450;5.22546;0.803917
450;450;5.22546;0.803917
450;450;1.26273;5.33792
450;450;-0.862468;-6.20977
450;450;-0.862468;-6.20977
450;450;-0.862468;-6.20977
450;450;-9.37305;1.03506
450;450;-10.0027;-1.37968
450;450;-10.0027;-1.37968
450;450;-12.6576;-0.575346
450;450;-6.21871;-6.67935
450;450;-4.5493;-11.69
450;450;-4.5493;-11.69
450;450;-4.5493;-11.69
450;450;-5.50888;6.82872
450;450;-3.04204;10.2741
450;450;-5.34474;12.3561
450;450;-9.53429;9.76403
450;450;-9.53429;9.76403
450;450;-9.51541;6.9203
450;450;-9.17145;6.92185
450;450;-10.4944;6.86175
450;450;-8.17435;10.477
450;450;-4.89185;6.73349
450;450;-4.89185;6.73349
450;450;-6.44697;-5.12304
450;450;-6.44697;-5.12304
450;450;-0.862688;-6.55643
450;450;-0.862688;-6.55643
450;450;-3.38956;5.40031
450;450;-3.6788;4.02369
450;450;-1.55343;5.81099
450;450;-1.55343;5.81099
450;450;-11.1528;-0.287443
450;450;-10.864;-0.0574813
450;450;-10.864;-0.0574813
450;450;-18.3829;3.217
450;450;-20.6213;7.40988
450;450;-20.6213;7.40988
450;450;-3.04855;1.61056
450;450;-3.04466;15.2808
450;450;1.26346;19.9282
450;450;1.26346;19.9282
450;450;1.26346;19.9282
450;450;23.7413;2.64431
450;450;23.0537;6.55392
450;450;17.8738;7.75874
450;450;-9.03207;1.55329
450;450;-9.03207;1.55329
450;450;-16.4908;0.459674
450;450;-16.2015;0.57452
450;450;-16.2015;0.57452
450;450;-10.4509;8.55597
450;450;-10.4509;8.55597
450;450;-2.93436;0.690437
450;450;-6.10589;0.979246
450;450;-10.1358;3.91611
450;450;-8.35935;7.78284
450;450;-8.35935;7.78284
450;450;-8.35935;7.78284
450;450;-17.6547;-23.6929
450;450;-11.3926;-26.0648
450;450;-12.4374;-16.3529
450;450;-19.4887;28.3994
450;450;-19.4887;28.3994
450;450;-6.77695;58.3507
450;450;-6.77695;58.3507
450;450;-5.59803;-14.1394
450;450;-20.5348;-35.7052
450;450;-23.2355;-44.7412
450;450;-23.2355;-44.7412
450;450;-15.3583;-19.96
450;450;-0.230065;-2.53071
450;450;5.28356;-0.63173
450;450;0.803789;11.8846
450;450;2.58212;9.23827
450;450;2.58212;9.23827
450;450;2.58212;9.23827
450;450;8.22245;-5.28997
450;450;5.51504;-4.02138
450;450;5.51504;-4.02138
450;450;5.51504;-4.02138
450;450;4.89247;-12.8931
450;450;11.1824;-10.6637
450;450;9.74047;-9.04884
450;450;11.9825;-8.69885
450;450;11.9825;-8.69885
450;450;11.9825;-8.69885
450;450;18.6093;-6.16467
450;450;18.6093;-6.16467
450;450;13.3878;2.36595
450;450;8.78598;0.92484
450;450;6.40497;8.71307
450;450;6.7406;5.18507
450;450;6.7406;5.18507
450;450;6.7406;5.18507
450;450;12.5848;2.70085
450;450;12.5848;2.70085
450;450;25.8314;-9.26248
450;450;22.4881;-5.75144
450;450;9.08205;3.10399
450;450;-4.47782;-1.77965
450;450;-4.47782;-1.77965
450;450;-13.891;1.54982
450;450;-25.6909;-3.56339
450;450;-23.2173;-5.74685
450;450;-21.8074;-11.8793
450;450;3.55487;-8.94452
450;450;3.55487;-8.94452
450;450;19.2243;-4.82043
450;450;15.3898;-6.398
450;450;15.3898;-6.398
450;450;3.79195;-4.82612
450;450;6.60676;-2.81506
450;450;6.60676;-2.81506
450;450;12.9341;2.18443
450;450;12.9349;2.12708
450;450;12.9349;2.12708
450;450;14.508;-5.12385
450;450;14.508;-5.12385
450;450;15.1843;-15.2993
450;450;19.3885;-14.6133
450;450;20.3614;-9.95062
450;450;19.1957;-7.58632
450;450;19.1957;-7.58632
450;450;19.1957;-7.58632
450;450;24.5078;-2.01829
450;450;24.5078;-2.01829
450;450;19.5155;4.20244
450;450;-1.20784;-9.20259
450;450;-18.5653;-3.50614
450;450;-17.6626;-18.9283
450;450;-17.6626;-18.9283
450;450;-18.5623;-15.5165
450;450;-18.5623;-15.5165
450;450;-29.8886;-10.8425
450;450;-22.7058;-7.64526
450;450;1.9563;-5.35106
450;450;1.9563;-5.35106
450;450;1.9563;-5.35106
450;450;23.6126;-7.31414
450;450;38.1452;-5.76212
450;450;32.2381;0.980407
450;450;12.3842;2.82244
450;450;12.3842;2.82244
450;450;1.55448;-8.63599
450;450;-4.60542;-14.91
450;450;-4.60542;-14.91
450;450;-16.6217;-10.9277
450;450;-16.6217;-10.9277
450;450;-26.1953;-11.464
450;450;-17.0956;-10.5557
450;450;-19.6765;-5.96605
450;450;-14.6838;-1.77812
450;450;-14.6838;-1.77812
450;450;-14.6838;-1.77812
450;450;-9.06324;6.25249
450;450;-9.06324;6.25249
450;450;-11.4937;-5.57444
450;450;-11.4937;-5.57444
450;450;8.68023;-9.54251
450;450;8.45056;-8.68051
450;450;5.97615;-7.06795
450;450;-2.58278;-9.69978
450;450;-2.58278;-9.69978
450;450;-2.58278;-9.69978
450;450;-7.35291;-3.15945
450;450;-7.35291;-3.15945
450;450;-5.63533;-11.6732
450;450;-13.3884;7.52741
450;450;-24.2223;-5.68248
450;450;-11.022;-6.77393
450;450;-9.63624;-11.2423
450;450;-11.8332;-12.4651
450;450;-11.8332;-12.4651
450;450;-11.8332;-12.4651
450;450;-7.65088;-7.65088
450;450;-11.8781;-2.86912
450;450;-11.8781;-2.86912
450;450;-11.8781;-2.86912
450;450;-17.5996;-15.5358
450;450;-16.1854;-14.521
450;450;-16.1854;-14.521
450;450;-19.5412;-11.6904
450;450;-17.0079;-10.8232
450;450;-17.0079;-10.8232
450;450;-14.3828;-6.36052
450;450;-14.3828;-6.36052
450;450;-26.4659;-11.1466
450;450;-26.4659;-11.1466
450;450;-10.5442;-11.805
450;450;3.49353;-6.92979
450;450;20.8939;-2.46148
450;450;23.0934;-3.09441
450;450;23.0934;-3.09441
450;450;23.0934;-3.09441
450;450;-0.229676;-3.38772
450;450;-32.2355;-5.16227
450;450;-35.2328;2.18053
450;450;-15.3692;8.77419
450;450;-15.3692;8.77419
450;450;-4.93473;-1.43451
450;450;-2.75567;1.89452
450;450;-2.75567;1.89452
450;450;3.84707;-5.62706
450;450;3.84707;-5.62706
450;450;-6.3662;-1.89265
450;450;1.08978;1.31921
450;450;7.62748;1.66313
450;450;7.52765;-9.71124
450;450;7.52765;-9.71124
450;450;7.52765;-9.71124
450;450;3.44283;-8.09066
450;450;3.44283;-8.09066
450;450;-5.50976;-1.14787
450;450;-8.31885;-3.84388
450;450;-8.31885;-3.84388
450;450;-8.31885;-3.84388
450;450;15.4324;-3.9585
450;450;10.6171;-12.8553
450;450;5.16573;-10.9054
450;450;2.52635;-8.44032
450;450;2.52635;-8.44032
450;450;2.52635;-8.44032
450;450;1.03334;-4.87968
450;450;1.03334;-4.87968
450;450;5.67977;-9.23679
450;450;5.67977;-9.23679
450;450;1.09228;-6.89864
450;450;-5.85823;-15.5071
450;450;4.02189;-19.3051
450;450;6.71866;-21.9361
450;450;6.71866;-21.9361
450;450;6.71866;-21.9361
450;450;-3.67317;27.3766
450;450;-3.67317;27.3766
450;450;1.89882;87.6336
450;450;0.172378;60.7919
450;450;-0.688764;41.4406
450;450;4.82427;-170.285
450;450;4.82427;-170.285
450;450;2.34029;-282.776
450;450;2.34029;-282.776
450;450;2.34029;-282.776
450;450;12.2505;80.5444
450;450;1.60186;142.336
450;450;2.62928;107.515
450;450;2.62928;107.515
450;450;2.62928;107.515
450;450;4.70026;19.2023
450;450;4.70026;19.2023
450;450;2.12932;-148.305
450;450;5.30454;-153.601
450;450;11.3962;-157.993
450;450;10.6323;166.037
450;450;10.6323;166.037
450;450;-5.35265;372.692
450;450;-5.35265;372.692
450;450;-5.35265;372.692
450;450;8.15189;-10.4321
450;450;14.8649;-71.9805
450;450;14.26;-80.8068
450;450;14.26;-80.8068
450;450;14.26;-80.8068
450;450;6.76573;-15.5956
450;450;6.76573;-15.5956
450;450;1.09023;77.4637
450;450;-0.57122;114.13
450;450;-2.05711;114.798
450;450;6.17074;-158.782
450;450;6.17074;-158.782
450;450;-0.853147;-289.445
450;450;-0.853147;-289.445
450;450;3.81917;-33.4035
450;450;3.81917;-33.4035
450;450;3.81917;-33.4035
450;450;5.192;153.706
450;450;5.192;153.706
450;450;-16.3556;169.939
450;450;-17.3786;90.3689
450;450;-2.11016;34.9033
450;450;5.36895;-17.9346
450;450;5.36895;-17.9346
450;450;13.7197;-56.0222
450;450;15.0131;-62.1154
450;450;15.0131;-62.1154
450;450;-0.860406;-58.7371
450;450;-0.860406;-58.7371
450;450;-5.68434e-14;-13.0682
450;450;-5.68434e-14;-13.0682
450;450;-3.49053;61.6279
450;450;-3.49098;61.8074
450;450;1.26189;73.7632
450;450;6.49062;32.9701
450;450;6.49062;32.9701
450;450;-0.286811;-6.5393
450;450;-7.56724;-24.9375
450;450;0.631407;-29.6761
450;450;0.631407;-29.6761
450;450;0.631407;-29.6761
450;450;7.89132;-37.5558
450;450;5.41483;-15.3804
450;450;3.74814;-5.01673
450;450;3.74814;-5.01673
450;450;4.2641;3.22689
450;450;4.2641;3.22689
450;450;5.41171;0.921142
450;450;5.41171;0.921142
450;450;5.53926;-3.11583
450;450;-1.84341;-7.60405
450;450;1.09344;-2.47462
450;450;-1.09218;1.3796
450;450;-1.09218;1.3796
450;450;-1.09218;1.3796
450;450;-5.28288;7.52237
450;450;-4.36231;13.1443
450;450;-4.36231;13.1443
450;450;-18.8076;16.9727
450;450;-22.4136;24.9359
450;450;-22.4136;24.9359
450;450;4.89623;2.1313
450;450;29.0606;-11.4743
450;450;39.7162;-9.74172
450;450;23.4458;-6.2791
450;450;23.4458;-6.2791
450;450;11.5486;2.29823
450;450;9.12933;-2.58377
450;450;2.07005;3.10508
450;450;1.3826;-2.41955
450;450;5.70303;-18.7221
450;450;5.70303;-18.7221
450;450;5.70303;-18.7221
450;450;6.67231;-18.8665
450;450;8.28286;-13.6897
450;450;7.71852;-8.46733
450;450;7.71852;-8.46733
450;450;13.4976;-10.2097
450;450;7.6592;-7.54403
450;450;7.6592;-7.54403
450;450;-4.02087;-1.95299
450;450;1.03147;-10.0282
450;450;1.83524;-9.92177
450;450;1.83524;-9.92177
450;450;1.83524;-9.92177
450;450;3.21239;-11.3007
450;450;15.2506;-7.65406
450;450;10.9291;-5.75217
450;450;3.68221;-9.49321
450;450;3.68221;-9.49321
450;450;-14.173;-0.344283
450;450;-14.4021;-0.229515
450;450;-14.4021;-0.229515
450;450;-10.8936;-2.35073
450;450;-10.8936;-2.35073
450;450;-12.3788;-13.1238
450;450;-12.3788;-13.1238
450;450;6.30985;-18.0691
450;450;10.506;-14.1228
450;450;7.34916;-14.4687
450;450;0.573513;-15.829
450;450;0.573513;-15.829
450;450;1.09106;-9.41761
450;450;1.09106;-9.41761
450;450;1.09106;-9.41761
450;450;-4.13707;-13.1582
450;450;18.7041;-4.48899
450;450;13.2016;-9.97325
450;450;1.50036;-22.967
450;450;1.50036;-22.967
450;450;1.32805;-20.8446
450;450;2.47692;14.5159
450;450;3.21649;70.1309
450;450;5.86703;74.2582
450;450;7.41604;37.8275
450;450;7.41604;37.8275
450;450;7.41604;37.8275
450;450;-1.26406;1.78118
450;450;1.15014;-29.8461
450;450;1.15014;-29.8461
450;450;-3.21916;-61.6814
450;450;-6.72746;-15.1224
450;450;-6.72746;-15.1224
450;450;7.75577;76.1214
450;450;7.75577;76.1214
450;450;-10.0307;111.255
450;450;-5.21465;79.2512
450;450;4.23819;50.5719
450;450;12.9552;-9.1145
450;450;15.1243;-55.4943
450;450;4.82304;-69.5896
450;450;4.82304;-69.5896
450;450;4.82304;-69.5896
450;450;1.8394;-17.4168
450;450;4.1343;64.0242
450;450;2.46666;91.7825
450;450;-1.319;55.3405
450;450;-1.319;55.3405
450;450;2.81542;29.016
450;450;7.11405;-229.6
450;450;7.11405;-229.6
450;450;18.138;-450
450;450;21.8852;-372.502
450;450;21.8852;-372.502
450;450;21.8852;-372.502
450;450;-5.63042;119.319
450;450;-5.63042;119.319
450;450;-7.72812;233.492
450;450;-7.72812;233.492
450;450;-7.72812;233.492
450;450;6.06108;125.187
450;450;-0.97169;-92.0248
450;450;-0.97169;-92.0248
450;450;-3.31982;-242.404
450;450;-3.54866;-167.245
450;450;-3.54866;-167.245
450;450;-6.24592;-14.7266
450;450;-1.25609;218.388
450;450;-2.04078;331.741
450;450;-3.56946;248.616
450;450;-3.56946;248.616
450;450;-3.56946;248.616
450;450;-13.41;83.1993
450;450;-13.41;83.1993
450;450;-13.41;83.1993
450;450;-1.257;-209.119
450;450;-4.06223;-261.413
450;450;-5.49434;-158.592
450;450;-5.49434;-158.592
450;450;-5.49434;-158.592
450;450;-8.80153;-9.60167
450;450;16.4862;83.7475
450;450;6.28841;155.838
450;450;6.16937;133.613
450;450;12.4518;116.864
450;450;6.74317;58.4599
450;450;6.74317;58.4599
450;450;6.74317;58.4599
450;450;-3.89468;-43.7006
450;450;-3.89468;-43.7006
450;450;3.4051;-99.325
450;450;17.9577;-84.2054
450;450;22.1393;-66.9367
450;450;9.17621;245.865
450;450;9.17621;245.865
450;450;-6.51314;450
450;450;-9.90363;357.776
450;450;-9.90363;357.776
450;450;-17.7212;29.7806
450;450;-18.4481;-58.1258
450;450;-12.2288;-104.997
450;450;-12.2288;-104.997
450;450;6.00028;-136.806
450;450;6.00028;-136.806
450;450;6.00028;-136.806
450;450;-1.4872;-57.9436
450;450;-1.4872;-57.9436
450;450;-6.46833;173.386
450;450;-2.78818;229.541
450;450;-2.78818;229.541
450;450;-3.46804;242.479
450;450;-7.33707;195.826
450;450;-7.33707;195.826
450;450;-7.33707;195.826
450;450;-5.87629;-128.879
450;450;-5.87629;-128.879
450;450;-7.69608;-233.79
450;450;3.25492;-171.711
450;450;8.64792;-113.053
450;450;-8.23419;187.499
450;450;-8.23419;187.499
450;450;-24.817;450
450;450;-24.817;450
450;450;-21.5183;450
450;450;-21.5183;450
450;450;-7.81325;335.857
450;450;-7.81325;335.857
450;450;21.6816;-75.4316
450;450;22.1026;-243.015
450;450;22.1026;-243.015
450;450;22.1026;-243.015
450;450;3.65268;-96.1681
450;450;-0.745116;-54.4508
450;450;-0.744097;6.46792
450;450;-0.744097;6.46792
450;450;-0.744097;6.46792
450;450;5.94729;64.1049
450;450;7.84563;55.5493
450;450;-0.515259;58.6822
450;450;7.61971;24.8643
450;450;7.61971;24.8643
450;450;8.31991;1.26233
450;450;14.7576;-60.1789
450;450;21.2262;-60.8024
450;450;18.1705;-50.3713
450;450;3.73295;-25.2692
450;450;3.73295;-25.2692
450;450;-12.8995;9.97563
450;450;-12.9556;11.4651
450;450;-10.8766;32.8017
450;450;-13.5117;26.508
450;450;-10.7889;-16.8146
450;450;-10.7889;-16.8146
450;450;-10.0394;-42.3948
450;450;-10.3176;-35.0227
450;450;-4.75682;-20.5174
450;450;-4.75682;-20.5174
450;450;-4.75682;-20.5174
450;450;-6.09049;-13.1003
450;450;-13.5418;21.2308
450;450;-20.8152;38.2472
450;450;-20.4711;1.14684
450;450;-20.4711;1.14684
450;450;-20.4711;1.14684
450;450;8.30377;-13.3433
450;450;8.30377;-13.3433
450;450;48.7068;-0.860543
450;450;51.7348;-7.01294
450;450;51.7348;-7.01294
450;450;25.4417;-8.11601
450;450;25.4417;-8.11601
450;450;0.517514;-15.9279
450;450;-35.635;-19.4268
450;450;-34.7361;-9.68712
450;450;-20.6933;-10.0314
450;450;6.25249;-10.1531
450;450;6.25249;-10.1531
450;450;12.2826;-18.5386
450;450;12.1678;-18.596
450;450;19.0899;-19.2049
450;450;21.5741;-21.1714
450;450;14.2306;-14.8644
450;450;14.2306;-14.8644
450;450;12.8516;-10.3735
450;450;21.5427;-15.7826
450;450;21.5427;-15.7826
450;450;21.7717;-26.1491
450;450;21.7717;-26.1491
450;450;-5.68434e-14;-18.6341
450;450;12.9705;2.98436
450;450;0.286519;13.4091
450;450;-4.46529;13.2814
450;450;-4.46529;13.2814
450;450;2.69414;19.7761
450;450;-6.82437;14.5663
450;450;-6.82437;14.5663
450;450;0.458679;14.7351
450;450;0.458679;14.7351
450;450;-11.6833;23.6529
450;450;-13.161;22.431
450;450;-13.161;22.431
450;450;-13.9045;24.2613
450;450;-10.2512;-12.9428
450;450;-3.95208;-50.5178
450;450;-5.66694;-67.0302
450;450;-11.054;-24.6281
450;450;-11.054;-24.6281
450;450;-18.24;2.75321
450;450;-19.7163;43.5592
450;450;-16.3821;68.6216
450;450;-16.3821;68.6216
450;450;9.25361;6.20739
450;450;18.1618;-22.9896
450;450;20.1817;-23.5166
450;450;20.1817;-23.5166
450;450;3.97052;-35.2743
450;450;-20.9914;-25.6498
450;450;-20.9914;-25.6498
450;450;-27.1522;-7.40516
450;450;-9.75127;-3.55635
450;450;-9.75127;-3.55635
450;450;4.24089;1.2035
450;450;4.24089;1.2035
450;450;4.24089;1.2035
450;450;19.7119;7.73577
450;450;19.7119;7.73577
450;450;15.3309;21.1876
450;450;17.4254;17.5973
450;450;12.3392;23.4731
450;450;3.7276;29.7634
450;450;3.7276;29.7634
450;450;3.7276;29.7634
450;450;13.4104;-9.16949
450;450;13.4104;-9.16949
450;450;7.12222;-85.639
450;450;13.3842;-91.4489
450;450;15.2267;-91.1304
450;450;4.88779;-36.6296
450;450;4.88779;-36.6296
450;450;-4.48068;2.01056
450;450;-3.55907;56.371
450;450;-11.1871;56.2795
450;450;-12.7251;57.8934
450;450;-13.1828;33.3009
450;450;-13.1828;33.3009
450;450;1.60538;6.30683
450;450;2.63572;-38.1034
450;450;2.63572;-38.1034
450;450;5.72655;-48.2748
450;450;5.55635;-12.9457
450;450;5.55635;-12.9457
450;450;13.2903;4.18185
450;450;16.5214;5.33503
450;450;16.5214;5.33503
450;450;3.55567;11.6419
450;450;3.55567;11.6419
450;450;3.43724;17.7591
450;450;-0.28661;14.1012
450;450;7.168;8.02816
450;450;8.03072;3.958
450;450;8.03072;3.958
450;450;8.03072;3.958
450;450;1.43488;15.3819
450;450;1.43488;15.3819
450;450;5.57195;17.0031
450;450;4.19225;18.8364
450;450;1.14798;10.6762
450;450;1.14798;10.6762
450;450;-0.573495;10.3803
450;450;-0.573495;10.3803
450;450;11.6553;9.64577
450;450;4.48054;-3.10191
450;450;15.2832;-1.89604
450;450;18.1699;3.90998
450;450;18.1699;3.90998
450;450;22.5736;24.4691
450;450;18.7323;10.1706
450;450;21.7924;-10.4074
450;450;21.7924;-10.4074
450;450;-39.2522;-9.19525
450;450;-54.6855;-8.96108
450;450;-27.6185;-16.3644
450;450;-27.6185;-16.3644
450;450;-15.202;-17.8408
450;450;15.7002;-14.0958
450;450;27.5763;-2.7519
450;450;33.2946;-5.1002
450;450;14.3732;-1.77518
450;450;14.3732;-1.77518
450;450;9.86285;-6.25029
450;450;9.64916;-11.2574
450;450;9.64916;-11.2574
450;450;2.46996;-11.3159
450;450;2.46996;-11.3159
450;450;-7.23364;-3.73164
450;450;-7.23364;-3.73164
450;450;-0.403296;-3.16876
450;450;-3.22544;0.575972
450;450;-3.05813;-3.80824
450;450;3.23092;-13.2699
450;450;3.23092;-13.2699
450;450;3.23092;-13.2699
450;450;6.04635;-15.2023
450;450;2.99247;-4.83399
450;450;-0.115217;-2.59237
450;450;-0.575217;-6.21235
450;450;-0.575217;-6.21235
450;450;-8.14622;3.26996
450;450;-11.3361;-15.2292
450;450;-10.4373;-15.1971
450;450;-9.85375;-5.04145
450;450;-5.83551;-1.88796
450;450;-5.83551;-1.88796
450;450;-5.83551;-1.88796
450;450;15.0608;-4.12312
450;450;15.1167;-4.69533
450;450;6.484;-11.0744
450;450;2.52716;-9.99377
450;450;2.52716;-9.99377
450;450;2.52716;-9.99377
450;450;-3.56202;-10.6286
450;450;4.19801;-11.8464
450;450;3.91135;-17.1409
450;450;3.91135;-17.1409
450;450;4.77141;-6.95591
450;450;4.77141;-6.95591
450;450;-5.39842;-2.8715
450;450;-9.35661;-4.87921
450;450;-8.38799;-9.36467
450;450;-6.08933;-13.6148
450;450;-6.08933;-13.6148
450;450;9.97626;-4.52945
450;450;9.97626;-4.52945
450;450;0.0574648;-5.51662
450;450;-3.10597;-11.3311
450;450;0.345219;-10.7593
450;450;3.80397;-20.4031
450;450;0.17256;-19.5568
450;450;0.17256;-19.5568
450;450;0.17256;-19.5568
450;450;1.32156;-12.756
450;450;11.7224;-9.94109
450;450;2.87324;-3.44789
450;450;-9.06786;0.344349
450;450;-9.06786;0.344349
450;450;2.81596;-12.2983
450;450;2.81596;-12.2983
450;450;2.81596;-12.2983
450;450;-6.32294;-10.1742
450;450;4.42861;-9.71993
450;450;4.60704;-10.9417
450;450;0.460233;-2.30116
450;450;0.460233;-2.30116
450;450;0.460233;-2.30116
450;450;2.59196;-21.1388
450;450;1.03619;-20.3783
450;450;1.03619;-20.3783
450;450;-10.1534;17.1519
450;450;-8.61202;34.5629
450;450;-8.61202;34.5629
450;450;-8.61202;34.5629
450;450;-2.63984;39.655
450;450;-2.63984;39.655
450;450;-3.27748;-15.1799
450;450;-3.27748;-15.1799
450;450;1.2641;-15.4566
450;450;4.43498;-19.0647
450;450;4.43498;-19.0647
450;450;4.43498;-19.0647
450;450;-7.32633;-32.4781
450;450;-7.32633;-32.4781
450;450;-2.70689;-33.577
450;450;-2.70689;-33.577
450;450;-2.70689;-33.577
450;450;4.01753;19.0546
450;450;4.01753;19.0546
450;450;4.01753;19.0546
450;450;-10.218;48.6789
450;450;-10.218;48.6789
450;450;-10.218;48.6789
450;450;-5.16244;28.9097
450;450;-5.16244;28.9097
450;450;-4.52989;14.8511
450;450;-4.52989;14.8511
450;450;-4.52989;14.8511
450;450;4.08809;-41.9173
450;450;4.08809;-41.9173
450;450;4.08809;-41.9173
450;450;-13.0428;12.4108
450;450;-13.0428;12.4108
450;450;-9.19114;26.5394
450;450;-9.19114;26.5394
450;450;-9.19114;26.5394
450;450;-6.30643;3.55453
450;450;-6.30643;3.55453
450;450;-17.089;-7.39761
450;450;-20.6952;-18.6315
450;450;-20.6952;-18.6315
450;450;-13.8684;-20.1722
450;450;-13.8675;-19.999
450;450;-13.8675;-19.999
450;450;41.8197;-8.89172
450;450;41.8197;-8.89172
450;450;27.4655;-21.4898
450;450;12.1763;-30.3834
450;450;12.1763;-30.3834
450;450;-19.6505;-18.5588
450;450;-16.6004;17.4046
450;450;-16.6004;17.4046
450;450;-3.33051;33.018
450;450;-3.33051;33.018
450;450;-3.33051;33.018
450;450;-26.1537;11.3886
450;450;-26.1537;11.3886
450;450;-26.1537;11.3886
450;450;-20.0327;-22.9518
450;450;-20.0327;-22.9518
450;450;-20.0327;-22.9518
450;450;15.8757;-12.7808
450;450;15.8757;-12.7808
450;450;41.4215;-21.1416
450;450;41.4215;-21.1416
450;450;41.4215;-21.1416
450;450;40.0338;-12.2916
450;450;40.0338;-12.2916
450;450;40.0338;-12.2916
450;450;-15.4962;-0.8609
450;450;-15.4962;-0.8609
450;450;-37.9007;-2.52289
450;450;-37.9007;-2.52289
450;450;-49.4516;-11.002
450;450;-49.4516;-11.002
450;450;-49.4516;-11.002
450;450;20.5514;-1.95181
450;450;20.5514;-1.95181
450;450;20.5514;-1.95181
450;450;40.8654;-0.172186
450;450;40.8654;-0.172186
450;450;40.8654;-0.172186
450;450;40.8654;-0.172186
450;450;40.8654;-0.172186
450;450;-9.05717;-8.36929
450;450;-9.05717;-8.36929
450;450;-9.05717;-8.36929
450;450;-31.4425;-16.1229
450;450;-31.4425;-16.1229
450;450;-29.7387;-19.0397
450;450;-30.9716;-20.5711
450;450;-30.9716;-20.5711
450;450;46.0187;-10.4824
450;450;46.0187;-10.4824
450;450;46.0187;-10.4824
450;450;21.9487;-8.98689
450;450;21.9487;-8.98689
450;450;-31.6833;-6.38267
450;450;-54.2018;-3.10053
450;450;-54.2018;-3.10053
450;450;-55.2254;-2.47107
450;450;-55.2254;-2.47107
450;450;-55.2254;-2.47107
450;450;-23.9697;-19.3712
450;450;-23.9697;-19.3712
450;450;-23.9697;-19.3712
450;450;53.9027;-10.8494
450;450;53.9027;-10.8494
450;450;53.9027;-10.8494
450;450;30.5382;-0.172532
450;450;30.5382;-0.172532
450;450;30.5382;-0.172532
450;450;30.5382;-0.172532
450;450;-20.3805;3.15754
450;450;-20.3805;3.15754
450;450;-20.3805;3.15754
450;450;-16.6983;-1.43456
450;450;-16.6983;-1.43456
450;450;-16.6983;-1.43456
450;450;-7.97818;5.62491
450;450;-7.97818;5.62491
450;450;-5.56503;-2.46697
450;450;-5.56503;-2.46697
450;450;-5.56503;-2.46697
450;450;1.2639;6.83657
450;450;1.2639;6.83657
450;450;1.2639;6.83657
450;450;-8.38718;-12.6382
450;450;-8.38718;-12.6382
450;450;-4.59323;0.516738
450;450;-4.59323;0.516738
450;450;-11.9256;-7.96954
450;450;-11.9256;-7.96954
450;450;-11.9256;-7.96954
450;450;-2.65465;-11.0803
450;450;-2.65465;-11.0803
450;450;-2.65465;-11.0803
450;450;-6.86478;-13.6132
450;450;-6.86478;-13.6132
450;450;-6.86478;-13.6132
450;450;-6.86478;-13.6132
450;450;-6.86478;-13.6132
450;450;1.44233;10.7886
450;450;1.44233;10.7886
450;450;1.95943;8.87508
450;450;-2.24149;-1.83917
450;450;-2.24149;-1.83917
450;450;-3.79328;-22.9896
450;450;-3.67845;-23.2202
450;450;-3.67845;-23.2202
450;450;-3.67845;-23.2202
450;450;3.03768;-7.90944
450;450;3.03768;-7.90944
450;450;5.10964;45.9867
450;450;5.10964;45.9867
450;450;11.1551;56.233
450;450;12.2894;16.062
450;450;12.2894;16.062
450;450;13.1694;-5.09598
450;450;13.1694;-5.09598
450;450;-1.95212;-24.9182
450;450;-1.95212;-24.9182
450;450;-7.94104;-31.2463
450;450;-1.77783;-29.0762
450;450;-1.77783;-29.0762
450;450;-0.51557;14.2641
450;450;-2.859;74.963
450;450;-2.859;74.963
450;450;-2.859;74.963
450;450;-2.859;74.963
450;450;-2.859;74.963
450;450;10.368;17.07
450;450;10.368;17.07
450;450;10.368;17.07
450;450;3.27059;-28.4025
450;450;3.27059;-28.4025
450;450;-5.57604;-28.8575
450;450;-14.4747;5.45672
450;450;-14.4747;5.45672
450;450;1.20591;20.3857
450;450;1.20591;20.3857
450;450;1.20591;20.3857
450;450;-1.55046;-15.0452
450;450;-1.55046;-15.0452
450;450;-1.55046;-15.0452
450;450;-11.6523;-19.5736
450;450;-11.6523;-19.5736
450;450;-4.59205;-13.8336
450;450;-4.59205;-13.8336
450;450;-11.7521;-28.7211
450;450;-11.7521;-28.7211
450;450;-11.7521;-28.7211
450;450;-3.33104;-12.0032
450;450;-3.33104;-12.0032
450;450;-3.09687;17.721
450;450;-9.28913;15.0805
450;450;-9.28913;15.0805
450;450;-8.77419;26.2652
450;450;-8.77419;26.2652
450;450;3.5568;25.9876
450;450;3.5568;25.9876
450;450;-5.27413;-6.47801
450;450;-5.27413;-6.47801
450;450;-4.86788;-61.0489
450;450;-4.86788;-61.0489
450;450;-0.400744;-63.89
450;450;0.743293;192.97
450;450;0.743293;192.97
450;450;0.743293;192.97
450;450;0.34085;289.268
450;450;0.34085;289.268
450;450;3.12742;101.783
450;450;2.677;-35.4845
450;450;2.677;-35.4845
450;450;2.677;-35.4845
450;450;1.36941;-163.073
450;450;1.36941;-163.073
450;450;1.36941;-163.073
450;450;1.36941;-163.073
450;450;-24.8362;-12.7321
450;450;-24.8362;-12.7321
450;450;-24.8362;-12.7321
450;450;-11.4604;166.091
450;450;-11.4604;166.091
450;450;-11.4604;166.091
450;450;4.84215;102.881
450;450;4.84215;102.881
450;450;4.84215;102.881
450;450;4.84215;102.881
450;450;4.59323;-51.6164
450;450;4.59323;-51.6164
450;450;26.5267;-150.777
450;450;31.3228;-128.332
450;450;31.3228;-128.332
450;450;31.3228;-128.332
450;450;19.3372;-17.6158
450;450;19.3372;-17.6158
450;450;6.11807;53.8047
450;450;6.11807;53.8047
450;450;6.11807;53.8047
450;450;16.9285;37.1741
450;450;16.9285;37.1741
450;450;16.9285;37.1741
450;450;26.2026;-12.5292
450;450;26.2026;-12.5292
450;450;27.7359;-22.9796
450;450;27.7359;-22.9796
450;450;16.4265;-41.813
450;450;16.4265;-41.813
450;450;-6.8453;-48.6074
450;450;-24.6422;-26.2505
450;450;-24.6422;-26.2505
450;450;-24.6422;-26.2505
450;450;-3.60051;28.404
450;450;-3.60051;28.404
450;450;-3.60051;28.404
450;450;-3.60051;28.404
450;450;-3.60051;28.404
450;450;44.7965;-21.5644
450;450;44.7965;-21.5644
450;450;44.7965;-21.5644
450;450;18.6588;-38.2362
450;450;18.6588;-38.2362
450;450;18.6588;-38.2362
450;450;-10.9478;-29.0604
450;450;-10.9478;-29.0604
450;450;-10.9478;-29.0604
450;450;-10.9478;-29.0604
450;450;-38.4114;450
450;450;-38.4114;450
450;450;-12.5178;426.339
450;450;0.339191;193.621
450;450;0.339191;193.621
450;450;8.71246;142.341
450;450;8.71246;142.341
450;450;8.71246;142.341
450;450;-3.18881;-94.2408
450;450;-3.18881;-94.2408
450;450;4.7867;-246.173
450;450;6.21092;-217.895
450;450;6.21092;-217.895
450;450;6.21092;-217.895
450;450;5.41336;-93.9645
450;450;5.41336;-93.9645
450;450;12.7625;36.3989
450;450;11.3738;94.3623
450;450;11.3112;122.767
450;450;11.3112;122.767
450;450;12.2816;69.8624
450;450;12.2816;69.8624
450;450;15.1013;-36.2088
450;450;15.1013;-36.2088
450;450;10.2567;-86.0649
450;450;7.79382;-60.4021
450;450;8.84224;-48.4027
450;450;8.84224;-48.4027
450;450;8.84224;-48.4027
450;450;5.79248;43.4723
450;450;5.79248;43.4723
450;450;5.79248;43.4723
450;450;5.79248;43.4723
450;450;5.79248;43.4723
450;450;6.76142;27.8479
450;450;6.76142;27.8479
450;450;6.76142;27.8479
450;450;7.91826;-42.0586
450;450;7.91826;-42.0586
450;450;11.1371;-46.3857
450;450;12.5427;-30.1828
450;450;12.5427;-30.1828
450;450;12.5427;-30.1828
450;450;8.64572;4.00795
450;450;8.64572;4.00795
450;450;8.64572;4.00795
450;450;11.6718;39.192
450;450;11.6718;39.192
450;450;11.6718;39.192
450;450;23.3562;10.7049
450;450;23.3562;10.7049
450;450;23.3562;10.7049
450;450;23.3562;10.7049
450;450;-0.287003;-22.0993
450;450;-0.287003;-22.0993
450;450;-0.287003;-22.0993
450;450;-19.7666;30.9141
450;450;-19.7666;30.9141
450;450;-19.02;92.7513
450;450;-18.7897;93.4328
450;450;-18.7897;93.4328
450;450;-23.885;-21.823
450;450;-23.885;-21.823
450;450;-23.885;-21.823
450;450;22.6779;-30.5235
450;450;22.6779;-30.5235
450;450;49.3535;-7.95839
450;450;37.3122;12.59
450;450;37.3122;12.59
450;450;30.4333;16.8756
450;450;30.4333;16.8756
450;450;-156.905;19.8549
450;450;-215.334;25.9172
450;450;-215.334;25.9172
450;450;-104.294;37.8376
450;450;-104.294;37.8376
450;450;-2.83255;31.8378
450;450;149.068;26.0783
450;450;149.068;26.0783
450;450;149.068;26.0783
450;450;149.068;26.0783
450;450;149.068;26.0783
450;450;138.362;-4.52989
450;450;138.362;-4.52989
450;450;138.362;-4.52989
450;450;-88.8656;-41.6647
450;450;-88.8656;-41.6647
450;450;-115.642;-52.9788
450;450;-72.8394;-32.8034
450;450;-72.8394;-32.8034
450;450;-21.3072;-15.252
450;450;-21.3072;-15.252
450;450;-21.3072;-15.252
450;450;68.3735;22.4297
450;450;68.3735;22.4297
450;450;68.3735;22.4297
450;450;16.4673;-14.8092
450;450;16.4673;-14.8092
450;450;-37.3279;-45.7881
450;450;-37.3279;-45.7881
450;450;-58.8002;-49.7803
450;450;-58.8002;-49.7803
450;450;-22.1718;-26.0575
450;450;-22.1718;-26.0575
450;450;42.3873;21.5946
450;450;72.3793;19.7711
450;450;72.3793;19.7711
450;450;95.0828;30.9478
450;450;100.525;29.9046
450;450;49.6;16.2077
450;450;49.6;16.2077
450;450;49.6;16.2077
450;450;-62.4086;12.9613
450;450;-86.2637;10.4268
450;450;-111.272;-5.17413
450;450;-114.901;-3.46465
450;450;-114.901;-3.46465
450;450;-112.832;-8.4567
450;450;-4.72553;-11.8992
450;450;-4.72553;-11.8992
450;450;-4.72553;-11.8992
450;450;113.443;-4.3544
450;450;113.443;-4.3544
450;450;113.443;-4.3544
450;450;113.443;-4.3544
450;450;113.443;-4.3544
450;450;23.8706;5.43815
450;450;23.8706;5.43815
450;450;-84.5696;7.69852
450;450;-112.413;6.02719
450;450;-112.413;6.02719
450;450;-48.2059;13.6271
450;450;-43.892;13.6275
450;450;-43.892;13.6275
450;450;11.2829;9.5734
450;450;11.2829;9.5734
450;450;11.2829;9.5734
450;450;65.3932;1.37189
450;450;65.3932;1.37189
450;450;27.9141;2.12078
450;450;-0.1146;-1.3752
450;450;-0.1146;-1.3752
450;450;-21.9369;9.90883
450;450;-21.9369;9.90883
450;450;-21.9369;9.90883
450;450;4.07597;0.746304
450;450;4.07597;0.746304
450;450;4.07597;0.746304
450;450;11.3998;1.31757
450;450;11.3998;1.31757
450;450;13.3535;-5.73111
450;450;9.40022;-0.114637
450;450;9.40022;-0.114637
450;450;10.2558;16.3863
450;450;10.2558;16.3863
450;450;10.2558;16.3863
450;450;14.0385;20.227
450;450;14.0385;20.227
450;450;5.71601;14.29
450;450;11.6747;-22.0904
450;450;11.6747;-22.0904
450;450;14.8672;-36.221
450;450;14.8672;-36.221
450;450;3.18126;419.643
450;450;3.18126;419.643
450;450;3.18126;419.643
450;450;12.389;175.03
450;450;12.389;175.03
450;450;19.2107;107.841
450;450;18.5922;-49.4654
450;450;18.5922;-49.4654
450;450;29.6883;-151.468
450;450;29.6883;-151.468
450;450;29.6883;-151.468
450;450;21.4132;-44.319
450;450;21.4132;-44.319
450;450;21.4132;-44.319
450;450;-7.5752;94.1735
450;450;-7.5752;94.1735
450;450;-7.5752;94.1735
450;450;-34.4104;-57.503
450;450;-34.4104;-57.503
450;450;-34.4104;-57.503
450;450;-34.4104;-57.503
450;450;28.3938;-176.717
450;450;28.3938;-176.717
450;450;33.4433;-158.038
450;450;25.3582;-67.5835
450;450;2.46485;10.146
450;450;-31.8407;192.128
450;450;-29.7286;219.809
450;450;-19.2742;217.719
450;450;6.95476;133.794
450;450;6.95476;133.794
450;450;16.4973;-31.1107
450;450;16.4973;-31.1107
450;450;16.5712;-100.627
450;450;17.6585;-99.7793
450;450;17.6585;-99.7793
450;450;9.54816;-75.4133
450;450;9.54816;-75.4133
450;450;7.65556;24.5663
450;450;10.1677;127.268
450;450;18.7324;139.808
450;450;17.7202;72.3098
450;450;17.7202;72.3098
450;450;26.5474;-19.4681
450;450;26.5474;-19.4681
450;450;26.5474;-19.4681
450;450;-2.97468;-51.6565
450;450;-3.31792;-51.5421
450;450;-3.31792;-51.5421
450;450;-40.6863;-11.6573
450;450;-26.67;11.5361
450;450;8.00317;13.6054
450;450;8.00317;13.6054
450;450;8.00317;13.6054
450;450;28.4013;30.23
450;450;16.6749;19.7692
450;450;13.1765;17.0149
450;450;11.7952;18.8952
450;450;11.7952;18.8952
450;450;11.7952;18.8952
450;450;6.7554;17.8617
450;450;15.2651;21.7828
450;450;15.2651;21.7828
450;450;15.2651;21.7828
450;450;13.6565;21.3704
450;450;17.1039;-32.3773
450;450;17.1039;-32.3773
450;450;32.4288;-49.7891
450;450;33.3847;-34.5873
450;450;33.3847;-34.5873
450;450;-3.03064;3.60246
450;450;-3.03064;3.60246
450;450;-37.6482;18.5099
450;450;-33.0469;19.6109
450;450;-31.0586;21.3349
450;450;-2.74543;26.1387
450;450;-2.74543;26.1387
450;450;-2.74543;26.1387
450;450;-2.63053;-16.9269
450;450;8.41509;-71.3851
450;450;4.75047;-74.5194
450;450;2.91609;-29.6183
450;450;2.91609;-29.6183
450;450;2.91609;-29.6183
450;450;11.4801;46.1487
450;450;7.46687;68.7408
450;450;7.46687;68.7408
450;450;0.798112;48.1147
450;450;0.96932;21.6672
450;450;2.73586;-14.2493
450;450;15.4678;-39.1546
450;450;20.6021;-51.4766
450;450;20.6021;-51.4766
450;450;10.1093;-56.9434
450;450;10.1093;-56.9434
450;450;9.88116;-4.51221
450;450;13.1902;21.1842
450;450;18.8592;27.7173
450;450;18.8592;27.7173
450;450;11.6573;34.572
450;450;7.94474;7.0874
450;450;7.94474;7.0874
450;450;10.2891;-17.8345
450;450;10.2891;-17.8345
450;450;7.83093;-17.9483
450;450;17.4593;-40.9865
450;450;15.303;-44.4763
450;450;10.3199;-15.1359
450;450;10.3199;-15.1359
450;450;11.6896;22.9208
450;450;11.4038;22.9223
450;450;11.4038;22.9223
450;450;7.5552;-10.5315
450;450;2.63606;-40.2286
450;450;-7.21523;-55.0304
450;450;-0.797834;224.077
450;450;-0.797834;224.077
450;450;-4.41391;361.884
450;450;-4.41391;361.884
450;450;-1.58718;253.608
450;450;-1.58718;253.608
450;450;10.9799;-196.899
450;450;10.9799;-196.899
450;450;10.9799;-196.899
450;450;23.3534;-285.638
450;450;23.203;-230.605
450;450;16.6125;-138.837
450;450;3.5956;-31.9609
450;450;3.5956;-31.9609
450;450;2.21994;159.095
450;450;2.21994;159.095
450;450;2.21994;159.095
450;450;-3.70575;126.794
450;450;-3.70575;126.794
450;450;2.8486;-23.5864
450;450;2.8486;-23.5864
450;450;-1.54092;-145.189
450;450;1.76904;-203.953
450;450;7.91834;-211.289
450;450;2.67751;-116.215
450;450;-4.27438;14.7039
450;450;-4.96017;96.6947
450;450;-4.96017;96.6947
450;450;-10.3394;155.377
450;450;-11.985;118.023
450;450;-11.985;118.023
450;450;-3.88651;3.20066
450;450;-3.88651;3.20066
450;450;-0.286273;-127.907
450;450;-0.286273;-127.907
450;450;4.23361;-206.417
450;450;4.06172;-206.919
450;450;4.06172;-206.919
450;450;-13.9172;421.548
450;450;-3.34125;450
450;450;-3.34125;450
450;450;-4.23802;450
450;450;-4.23802;450
450;450;5.72625;98.4235
450;450;5.72625;98.4235
450;450;5.35214;-168.706
450;450;13.121;-276.567
450;450;13.121;-276.567
450;450;3.36177;-286.605
450;450;5.75945;-143.872
450;450;12.5628;-103.758
450;450;12.4006;-12.7435
450;450;12.4006;-12.7435
450;450;12.4006;-12.7435
450;450;12.4006;-12.7435
450;450;12.4006;-12.7435
450;450;8.1175;78.9456
450;450;8.58655;79.8549
450;450;1.7754;79.2058
450;450;-2.23052;45.2967
450;450;-2.23052;45.2967
450;450;-3.83082;1.25788
450;450;-0.285991;2.28793
450;450;-0.285991;2.28793
450;450;10.3315;5.33792
450;450;10.3315;5.33792
450;450;3.72831;14.7985
450;450;2.34841;13.8613
450;450;6.41456;18.7855
450;450;11.9651;18.0907
450;450;11.9651;18.0907
450;450;8.64435;11.335
450;450;2.17554;4.29382
450;450;2.57654;8.53121
450;450;-2.91739;11.2119
450;450;-3.37802;5.5537
450;450;-3.37802;5.5537
450;450;-3.77796;3.20554
450;450;-4.51966;4.1764
450;450;-6.45683;15.2564
450;450;-13.8868;8.51496
450;450;-4.80282;9.14822
450;450;-4.80282;9.14822
450;450;-4.80282;9.14822
450;450;-2.46171;16.774
450;450;1.83092;15.0479
450;450;1.83092;15.0479
450;450;11.1106;11.7406
450;450;4.9848;5.95884
450;450;4.9848;5.95884
450;450;-2.00742;14.3387
450;450;-2.00742;14.3387
450;450;-3.71824;24.8836
450;450;-10.072;17.2254
450;450;-18.1677;15.6539
450;450;-17.8843;22.6839
450;450;-17.8843;22.6839
450;450;-17.8803;15.3097
450;450;-18.0094;7.00999
450;450;-17.7278;0.912041
450;450;-9.46393;3.81978
450;450;0.513853;-1.48446
450;450;0.513853;-1.48446
450;450;5.55688;0.859311
450;450;3.32267;3.09352
450;450;3.43735;3.09362
450;450;3.43735;3.09362
450;450;-0.515423;5.44057
450;450;5.50099;2.34938
450;450;2.23528;-0.401203
450;450;2.23528;-0.401203
450;450;2.23528;-0.401203
450;450;1.89464;0.574135
450;450;1.89464;0.574135
450;450;-8.0279;-3.44053
450;450;-7.62189;-3.49576
450;450;-7.62189;-3.49576
450;450;-1.26233;-7.63137
450;450;-0.804584;-12.1837
450;450;-0.804584;-12.1837
450;450;-2.35305;-2.41044
450;450;-2.35305;-2.41044
450;450;5.95808;0.916628
450;450;2.80753;-0.974041
450;450;-4.01306;-3.03846
450;450;2.23506;-7.62214
450;450;2.23506;-7.62214
450;450;10.4623;-12.9341
450;450;12.3866;-11.0615
450;450;12.3866;-11.0615
450;450;5.7496;1.14992
450;450;0.919026;3.9633
450;450;0.919026;3.9633
450;450;-0.920377;-2.24342
450;450;-5.68434e-14;-1.89937
450;450;-4.25661;-6.0973
450;450;-4.25661;-6.0973
450;450;-3.21096;-2.52289
450;450;-6.3587;2.11957
450;450;-7.62214;-6.93442
450;450;-7.62214;-6.93442
450;450;-12.2693;-11.2373
450;450;-11.9597;-3.03285
450;450;1.54239;5.54118
450;450;5.82829;7.48535
450;450;9.60991;8.58028
450;450;9.60991;8.58028
450;450;-0.172109;5.67959
450;450;-0.172109;5.67959
450;450;-0.172109;5.67959
450;450;-12.5972;-0.572601
450;450;6.53617;-11.9256
450;450;8.02611;-10.6633
450;450;8.02611;-10.6633
450;450;12.5022;-8.94652
450;450;15.5832;-3.49475
450;450;12.0707;-6.40722
450;450;12.0707;-6.40722
450;450;10.011;-14.759
450;450;10.011;-14.759
450;450;2.68712;-13.0354
450;450;0.228531;-4.91342
450;450;-1.37149;-2.34297
450;450;-12.1026;-4.68118
450;450;-12.1026;-4.68118
450;450;-12.1026;-4.68118
450;450;-3.77232;-5.3727
450;450;1.54396;1.31522
450;450;-4.28592;3.08586
450;450;-6.12118;-0.457658
450;450;-6.12118;-0.457658
450;450;-11.5031;-5.66568
450;450;-3.66418;-6.87033
450;450;-3.61072;-10.431
450;450;-3.61072;-10.431
450;450;-3.54866;0.6296
450;450;-4.12207;-7.61438
450;450;-2.51904;-10.5342
450;450;-2.51904;-10.5342
450;450;-5.43003;-6.91615
450;450;-7.54178;-14.6836
450;450;-2.05979;-20.9412
450;450;-2.05979;-20.9412
450;450;4.5715;-11.3145
450;450;12.7552;4.57586
450;450;12.7552;4.57586
450;450;17.1039;35.0086
450;450;11.6282;29.2138
450;450;11.6282;29.2138
450;450;11.6282;29.2138
450;450;-4.57164;33.0873
450;450;-1.14266;4.05643
450;450;-1.14266;4.05643
450;450;-5.83162;-13.0926
450;450;-10.4091;-21.4473
450;450;-10.4091;-21.4473
450;450;-3.84033;-22.5261
450;450;-3.84033;-22.5261
450;450;6.01441;-14.2055
450;450;2.97525;34.7876
450;450;-1.5442;55.7057
450;450;-1.5442;55.7057
450;450;-1.7154;38.7681
450;450;-1.7154;38.7681
450;450;-2.12186;-6.1362
450;450;-2.12186;-6.1362
450;450;-6.36559;-61.9354
450;450;-6.36559;-61.9354
450;450;-12.1658;-73.2246
450;450;-10.6215;-40.821
450;450;6.36376;-9.17299
450;450;12.8537;33.0522
450;450;12.8537;33.0522
450;450;12.8537;33.0522
450;450;-0.687952;13.759
450;450;-0.687952;13.759
450;450;-6.42171;-34.8607
450;450;-8.4242;-39.5422
450;450;-8.4242;-39.5422
450;450;-8.89966;-40.2494
450;450;-21.0171;8.36103
450;450;-21.0171;8.36103
450;450;-5.89535;85.6829
450;450;16.2051;97.8606
450;450;33.8168;96.1772
450;450;36.0005;37.5483
450;450;36.0005;37.5483
450;450;36.0005;37.5483
450;450;36.0005;37.5483
450;450;36.0005;37.5483
450;450;21.885;-27.1696
450;450;21.885;-27.1696
450;450;-15.8479;-59.9017
450;450;-60.8735;-63.4457
450;450;-79.2727;-67.8501
450;450;-74.6182;-67.3105
450;450;-74.6182;-67.3105
450;450;-34.0782;-40.4822
450;450;-32.0208;-38.4822
450;450;-32.0208;-38.4822
450;450;17.154;32.5354
450;450;43.4375;49.6102
450;450;43.4375;49.6102
450;450;65.6444;85.0524
450;450;47.2774;56.0811
450;450;19.8446;-7.72053
450;450;19.8446;-7.72053
450;450;-10.1119;-42.3899
450;450;-13.9878;-50.4131
450;450;-15.5948;-55.8099
450;450;-15.5948;-55.8099
450;450;-1.89048;-11.7439
450;450;-8.89002;10.5533
450;450;-14.1509;10.0832
450;450;-14.1509;10.0832
450;450;-15.3104;11.2964
450;450;-22.6195;15.7303
450;450;-22.6195;15.7303
450;450;-30.3717;1.77982
450;450;10.6113;0.229434
450;450;20.6702;-3.04311
450;450;23.9965;3.21485
450;450;23.9965;3.21485
450;450;34.4857;11.304
450;450;26.5073;12.7946
450;450;26.5073;12.7946
450;450;2.18129;10.3899
450;450;2.18129;10.3899
450;450;-34.4528;-2.06373
450;450;-34.4528;-2.06373
450;450;-21.6194;-21.1033
450;450;-21.2173;-17.5473
450;450;-21.2173;-17.5473
450;450;19.344;-2.52563
450;450;34.109;-8.03917
450;450;37.2431;-9.65563
450;450;37.2431;-9.65563
450;450;37.2431;-9.65563
450;450;19.3477;-1.55011
450;450;9.81739;-0.746351
450;450;9.81739;-0.746351
450;450;17.1458;4.81689
450;450;12.2657;6.19019
450;450;6.46998;5.32485
450;450;6.46998;5.32485
450;450;6.46998;5.32485
450;450;19.3681;-1.31795
450;450;19.3681;-1.31795
450;450;15.2957;0.515587
450;450;-2.91618;4.51722
450;450;0.742963;2.22889
450;450;3.88442;5.48388
450;450;3.88442;5.48388
450;450;1.19861;4.3949
450;450;-0.114291;10.3433
450;450;-0.114291;10.3433
450;450;14.9563;4.75622
450;450;5.44352;21.1438
450;450;9.97849;10.1505
450;450;17.9561;-31.6096
450;450;17.9561;-31.6096
450;450;19.4272;-51.1756
450;450;7.16229;-21.888
450;450;6.24214;14.2023
450;450;21.7974;34.4982
450;450;36.0901;22.6639
450;450;36.0901;22.6639
450;450;34.0051;8.45813
450;450;13.3795;-6.54618
450;450;-1.61056;-11.2739
450;450;4.3045;0.918294
450;450;6.61204;13.3391
450;450;6.61204;13.3391
450;450;-5.27783;32.0686
450;450;-1.60349;28.92
450;450;-1.60349;28.92
450;450;4.35093;-21.0677
450;450;4.35093;-21.0677
450;450;-18.8656;-56.9408
450;450;-13.7669;-25.0099
450;450;-10.7339;-6.25667
450;450;-9.46809;-2.00838
450;450;-9.46809;-2.00838
450;450;-2.13232;-0.979717
450;450;2.81965;-0.115088
450;450;-16.9114;8.22561
450;450;-23.9889;4.54465
450;450;-23.2143;3.79243
450;450;-23.2143;3.79243
450;450;-19.5088;-4.99195
450;450;3.09934;7.28919
450;450;18.4842;13.3178
450;450;18.4842;13.3178
450;450;3.67189;22.8345
450;450;7.96016;12.5416
450;450;13.8076;-7.84912
450;450;13.8076;-7.84912
450;450;16.7514;-23.9223
450;450;18.4648;-26.837
450;450;9.38946;-12.5384
450;450;8.18454;-17.0559
450;450;7.67969;-21.1478
450;450;14.1721;-27.1393
450;450;14.1721;-27.1393
450;450;14.4539;14.8554
450;450;14.4539;14.8554
450;450;13.0216;74.8028
450;450;13.0216;74.8028
450;450;20.479;76.7531
450;450;20.479;76.7531
450;450;16.5724;45.5885
450;450;2.92268;-16.963
450;450;-1.08829;-38.3192
450;450;-4.63851;-53.2569
450;450;-4.63851;-53.2569
450;450;-13.0619;-41.7066
450;450;-16.152;-7.15956
450;450;-16.152;-7.15956
450;450;-19.8665;97.3914
450;450;-16.7065;88.7213
450;450;-19.0473;75.5619
450;450;-6.90103;-154.503
450;450;-6.90103;-154.503
450;450;1.25014;-262.074
450;450;1.25014;-262.074
450;450;1.25014;-262.074
450;450;-10.1016;65.2324
450;450;-10.1016;65.2324
450;450;-10.1016;65.2324
450;450;-6.74062;386.991
450;450;-6.74062;386.991
450;450;-5.62649;274.46
450;450;-1.2407;91.1913
450;450;-1.2407;91.1913
450;450;11.551;30.1231
450;450;13.2776;-13.8451
450;450;13.2776;-13.8451
450;450;10.883;-82.7907
450;450;10.883;-82.7907
450;450;-5.5507;-97.6236
450;450;-19.453;-49.2617
450;450;-11.3224;-40.4289
450;450;-9.1398;-18.8508
450;450;-9.1398;-18.8508
450;450;-6.79816;0.22851
450;450;-3.59983;15.5421
450;450;-6.46258;17.6148
450;450;-10.2291;14.2292
450;450;-6.2912;16.8147
450;450;-6.2912;16.8147
450;450;-2.81075;16.9219
450;450;4.07194;9.86442
450;450;5.45011;3.44217
450;450;5.45011;3.44217
450;450;3.66791;-5.38724
450;450;2.63681;-2.12092
450;450;0.573075;-0.171922
450;450;0.573075;-0.171922
450;450;0.573075;-0.171922
450;450;-4.92311;2.17533
450;450;-9.39483;0.630141
450;450;-18.9615;8.59284
450;450;-18.2904;5.33231
450;450;-18.2904;5.33231
450;450;-16.3936;5.90398
450;450;-10.3604;2.0034
450;450;-10.3604;2.0034
450;450;12.2646;-1.0316
450;450;12.2646;-1.0316
450;450;12.6864;0.344426
450;450;12.6864;0.344426
450;450;10.996;9.04882
450;450;-0.6295;4.63541
450;450;-8.05675;10.5709
450;450;-6.97286;8.23026
450;450;-6.97286;8.23026
450;450;-2.57351;3.25978
450;450;-2.17326;3.20269
450;450;-2.17326;3.20269
450;450;-4.5247;8.133
450;450;-4.69025;7.20697
450;450;-3.43146;7.09168
450;450;-3.43364;9.72864
450;450;-3.43364;9.72864
450;450;-3.43364;9.72864
450;450;-2.51624;5.77592
450;450;-2.51624;5.77592
450;450;-4.91998;12.2427
450;450;-2.06169;14.7754
450;450;-5.95429;20.2102
450;450;-7.45116;17.195
450;450;-7.45116;17.195
450;450;-11.4637;11.6356
450;450;-6.95036;12.0052
450;450;1.95368;14.5377
450;450;-4.41535;10.2069
450;450;-8.6504;3.78097
450;450;-8.6504;3.78097
450;450;-1.03045;2.1754
450;450;2.17609;4.06585
450;450;2.17609;4.06585
450;450;11.1604;6.86793
450;450;11.1604;6.86793
450;450;4.92954;1.71961
450;450;4.12496;0.859366
450;450;-1.88868;-17.1126
450;450;-4.74775;-15.8449
450;450;-4.74775;-15.8449
450;450;-4.74775;-15.8449
450;450;6.21513;-5.86984
450;450;12.9026;-8.00652
450;450;12.4263;2.47375
450;450;10.0913;4.75894
450;450;10.0913;4.75894
450;450;10.0913;4.75894
450;450;13.348;4.46842
450;450;13.348;4.46842
450;450;10.4603;-0.344844
450;450;7.18425;9.88552
450;450;6.65508;16.6377
450;450;2.00838;13.3701
450;450;2.00838;13.3701
450;450;2.00838;13.3701
450;450;-4.35412;12.604
450;450;-7.61583;9.44821
450;450;4.87564;-10.6117
450;450;12.6855;-6.25667
450;450;12.6855;-6.25667
450;450;12.6855;-6.25667
450;450;16.261;-2.29837
450;450;14.7944;6.15955
450;450;9.20054;18.8036
450;450;7.87544;26.6155
450;450;7.87544;26.6155
450;450;7.87544;26.6155
450;450;9.07133;-23.2525
450;450;9.07133;-23.2525
450;450;-3.78302;-42.8742
450;450;-4.239;-16.8414
450;450;-6.91812;6.46073
450;450;-6.91812;6.46073
450;450;-7.66359;5.54752
450;450;-7.66359;5.54752
450;450;-12.991;2.91869
450;450;-12.991;2.91869
450;450;-7.66432;3.66057
450;450;-7.66432;3.66057
450;450;-16.9781;-0.40151
450;450;-13.3914;-2.29896
450;450;-13.3914;-2.29896
450;450;2.24349;-7.82346
450;450;2.24349;-7.82346
450;450;2.24349;-7.82346
450;450;-6.89424;-3.44712
450;450;2.00583;1.71928
450;450;2.97591;6.81027
450;450;0.915375;4.63409
450;450;0.915375;4.63409
450;450;4.47326;7.79953
450;450;4.47326;7.79953
450;450;4.47326;7.79953
450;450;9.06526;11.1881
450;450;1.72081;5.33452
450;450;1.72081;5.33452
450;450;0.172059;-7.4559
450;450;5.45358;-7.34799
450;450;-2.23948;-3.90474
450;450;-2.23948;-3.90474
450;450;4.2524;-3.62028
450;450;4.30697;1.60794
450;450;7.80002;3.44119
450;450;7.80002;3.44119
450;450;7.63088;4.59
450;450;7.57327;4.18825
450;450;7.57327;4.18825
450;450;12.6609;8.47881
450;450;12.6609;8.47881
450;450;1.03226;12.5591
450;450;-11.5728;12.4894
450;450;-15.5002;5.66244
450;450;-14.4836;-6.92693
450;450;-14.4873;-8.01666
450;450;-14.4873;-8.01666
450;450;-2.45898;0.972153
450;450;-2.747;5.37954
450;450;-11.2845;13.0603
450;450;-10.8846;14.3791
450;450;-10.8846;14.3791
450;450;-11.2799;16.5476
450;450;-6.406;14.0131
450;450;-7.83541;14.8129
450;450;-9.04364;12.3635
450;450;-11.2609;14.5191
450;450;-11.2609;14.5191
450;450;-11.2609;14.5191
450;450;-6.37086;14.5784
450;450;-6.37107;14.5788
450;450;-6.37107;14.5788
450;450;-7.04052;-6.2964
450;450;-4.18078;-4.63895
450;450;-6.12605;1.43132
450;450;-6.12605;1.43132
450;450;4.29355;14.1973
450;450;8.69523;15.6171
450;450;8.69523;15.6171
450;450;-2.51992;15.6923
450;450;-1.94616;16.1989
450;450;-8.4076;10.009
450;450;-11.1515;9.95059
450;450;-11.1515;9.95059
450;450;-11.1515;9.95059
450;450;0.974661;-7.51063
450;450;0.974661;-7.51063
450;450;2.51912;14.3132
450;450;-15.4479;13.9604
450;450;-16.3826;17.1846
450;450;-11.2527;17.7402
450;450;-11.2527;17.7402
450;450;-7.44262;11.9082
450;450;-7.44262;11.9082
450;450;-7.44262;11.9082
450;450;3.7276;9.46236
450;450;1.26281;9.18411
450;450;-8.01871;6.35769
450;450;1.54583;6.06879
450;450;1.54583;6.06879
450;450;-4.18171;5.72838
450;450;-4.18171;5.72838
450;450;-4.18171;5.72838
450;450;-9.82591;11.7682
450;450;5.44317;15.4128
450;450;2.52289;9.91956
450;450;-3.55771;3.95938
450;450;-3.55771;3.95938
450;450;3.32299;0.572929
450;450;4.29341;3.49198
450;450;4.29341;3.49198
450;450;5.99609;-3.42634
450;450;8.73412;2.96846
450;450;8.73412;2.96846
450;450;8.73412;2.96846
450;450;32.3818;5.04354
450;450;32.3818;5.04354
450;450;0.974382;9.51455
450;450;-14.5621;12.4409
450;450;-30.7119;12.491
450;450;-34.0093;2.58081
450;450;-34.0093;2.58081
450;450;-34.0093;2.58081
450;450;-10.9471;4.58518
450;450;-10.9471;4.58518
450;450;11.7316;-6.23778
450;450;37.6699;7.09889
450;450;38.5687;7.2674
450;450;22.8098;7.2212
450;450;22.8098;7.2212
450;450;6.87755;16.2769
450;450;-9.40022;22.7554
450;450;-9.40022;22.7554
450;450;-10.205;12.6129
450;450;-13.3565;-15.6494
450;450;-13.3565;-15.6494
450;450;-2.58204;-35.0584
450;450;-2.58204;-35.0584
450;450;-6.8248;-38.3107
450;450;-6.8248;-38.3107
450;450;-18.4401;20.0436
450;450;-18.7813;36.8182
450;450;-26.0774;39.0589
450;450;-26.0774;39.0589
450;450;-6.73847;8.0519
450;450;-6.11011;6.73825
450;450;13.7778;-26.6408
450;450;17.2761;-26.8294
450;450;17.3421;-6.52474
450;450;22.3328;10.1357
450;450;19.9933;12.3741
450;450;19.9933;12.3741
450;450;19.9933;12.3741
450;450;13.1803;3.32373
450;450;13.1803;3.32373
450;450;-0.343856;-0.171928
450;450;-1.72076;-4.93284
450;450;-0.0573476;3.03942
450;450;3.3268;9.52153
450;450;3.3268;9.52153
450;450;3.38049;17.7619
450;450;6.87843;4.87222
450;450;10.1363;3.03517
450;450;19.9557;2.12173
450;450;19.9557;2.12173
450;450;17.3963;5.16721
450;450;17.3963;5.16721
450;450;8.03635;1.72207
450;450;7.5764;1.66451
450;450;7.5764;1.66451
450;450;4.12351;14.7759
450;450;7.94096;9.08355
450;450;12.4037;7.48797
450;450;12.4037;7.48797
450;450;12.4037;7.48797
450;450;17.0527;2.46062
450;450;13.9138;4.00808
450;450;13.9138;4.00808
450;450;18.4172;5.31926
450;450;17.0003;6.5826
450;450;15.4592;5.89741
450;450;15.4592;5.89741
450;450;15.186;-2.75067
450;450;16.7226;0.801768
450;450;16.7226;0.801768
450;450;10.2692;6.76961
450;450;7.56941;10.2646
450;450;7.56941;10.2646
450;450;10.041;14.6311
450;450;10.041;14.6311
450;450;10.041;14.6311
450;450;1.37665;-7.57158
450;450;1.37665;-7.57158
450;450;22.9588;7.05983
450;450;19.9085;7.63064
450;450;19.3459;12.6294
450;450;24.1757;11.6572
450;450;24.1757;11.6572
450;450;24.1757;11.6572
450;450;-1.49118;5.44855
450;450;-21.3292;-0.34402
450;450;-26.4389;-5.57515
450;450;2.07032;-14.0322
450;450;2.07032;-14.0322
450;450;2.07032;-14.0322
450;450;34.5266;-11.7574
450;450;40.3265;3.32235
450;450;40.3265;3.32235
450;450;3.04525;8.04405
450;450;-14.4562;14.9725
450;450;-5.27195;14.2113
450;450;-5.27195;14.2113
450;450;-8.93143;16.3743
450;450;-12.3278;0.229354
450;450;-10.2597;-6.59141
450;450;-10.2597;-6.59141
450;450;-10.6885;-7.81521
450;450;-20.0328;4.76426
450;450;-17.8277;10.2037
450;450;-17.8277;10.2037
450;450;-17.8277;10.2037
450;450;-18.4016;10.2613
450;450;-18.4016;10.2613
450;450;-19.7642;7.04635
450;450;-24.0469;8.53094
450;450;-24.0469;8.53094
450;450;-24.0469;8.53094
450;450;29.7108;5.90775
450;450;49.3637;7.68262
450;450;49.3637;7.68262
450;450;49.3637;7.68262
450;450;57.0407;-1.09141
450;450;24.1237;2.69955
450;450;5.56609;3.78724
450;450;-9.06439;6.54013
450;450;-9.06439;6.54013
450;450;-9.06439;6.54013
450;450;-40.0426;2.52057
450;450;-40.0426;2.52057
450;450;-22.0087;13.7197
450;450;-1.02999;9.55605
450;450;9.80551;15.3677
450;450;6.35931;10.0259
450;450;6.35931;10.0259
450;450;0.343757;4.23967
450;450;3.84205;0.745472
450;450;3.84205;0.745472
450;450;-4.69652;-0.171824
450;450;-2.51864;2.51864
450;450;-3.95673;-3.09657
450;450;0.229215;-8.65288
450;450;0.229215;-8.65288
450;450;6.55057;-11.6071
450;450;6.55057;-11.6071
450;450;8.71851;-12.7336
450;450;6.8185;-12.491
450;450;3.04156;-9.69855
450;450;8.25753;-2.63782
450;450;8.25753;-2.63782
450;450;9.84403;1.48805
450;450;13.6205;8.46991
450;450;11.061;-1.94858
450;450;14.2172;-6.64999
450;450;26.3954;-12.1693
450;450;28.053;-12.0227
450;450;28.053;-12.0227
450;450;28.053;-12.0227
450;450;17.0785;-11.5582
450;450;17.0785;-11.5582
450;450;-9.30158;-0.40192
450;450;-7.35737;-9.71403
450;450;-7.35737;-9.71403
450;450;-12.9899;-7.81696
450;450;-12.9899;-7.81696
450;450;-12.9899;-7.81696
450;450;-7.46613;5.51345
450;450;-33.1329;5.45515
450;450;-34.7239;7.27712
450;450;-15.1667;13.8503
450;450;-15.1667;13.8503
450;450;-5.72419;-0.62966
450;450;3.95359;-2.57843
450;450;4.12627;-2.69354
450;450;4.12627;-2.69354
450;450;2.64262;-3.15966
450;450;0.114728;-4.18758
450;450;1.146;-5.90192
450;450;1.146;-5.90192
450;450;8.95108;-6.88545
450;450;12.3439;-6.31548
450;450;16.3372;-12.5981
450;450;16.3372;-12.5981
450;450;22.0479;-25.4267
450;450;11.0614;-3.32415
450;450;-5.50047;14.1522
450;450;-5.50047;14.1522
450;450;-5.50047;14.1522
450;450;-24.7734;20.1857
450;450;-24.7734;20.1857
450;450;-19.4287;4.88591
450;450;9.76746;-12.238
450;450;28.0294;-16.2548
450;450;26.129;-8.61395
450;450;26.129;-8.61395
450;450;26.129;-8.61395
450;450;13.7551;-6.93487
450;450;13.7551;-6.93487
450;450;17.4593;-10.912
450;450;24.8894;-17.5318
450;450;17.4113;-21.721
450;450;-5.17729;-25.3687
450;450;-5.17729;-25.3687
450;450;-5.17729;-25.3687
