target.x;target.y;delta.x;delta.y
450;450;-0.516096;-1.4336
450;450;1.02931;-0.400286
450;450;-0.85953;-0.802228
450;450;-1.08777;-0.114502
450;450;-0.285329;-1.19838
450;450;-1.19922;-2.45554
450;450;-2.28553;0.171415
450;450;1.08453;-0.0570803
450;450;0.171666;-0.62944
450;450;-2.22747;1.02806
450;450;-1.7136;-1.99921
450;450;1.02901;-0.628841
450;450;-1.08843;-5.68434e-14
450;450;1.94554;-2.28887
450;450;-0.5724;-0.858601
450;450;2.91924;-1.94616
450;450;0.343037;0.6289
450;450;0.628262;-2.74151
450;450;0.742515;-1.14233
450;450;0.973483;-1.94697
450;450;-0.688237;1.95001
450;450;-1.08843;0.114571
450;450;-2.22359;0.798213
450;450;1.7687;-0.513495
450;450;-0.685007;-1.14168
450;450;-0.11432;0.34296
450;450;-1.42751;3.48311
450;450;1.82756;-0.799555
450;450;0.343495;0.114498
450;450;-0.515439;-0.916336
450;450;-0.0570351;-2.45251
450;450;-1.08652;-1.14371
450;450;-0.74386;-0.91552
450;450;0.228068;2.16665
450;450;-2.65015;-0.864179
450;450;0.114615;-0.286537
450;450;-0.171906;1.71906
450;450;-0.458489;0.802356
450;450;2.41237;-1.89543
450;450;-0.97491;1.37634
450;450;-1.60783;-0.287113
450;450;-0.057271;-0.744523
450;450;2.17678;0.630121
450;450;1.03055;0.114506
450;450;1.83688;-2.69792
450;450;1.89066;0.973979
450;450;0.688698;-1.3774
450;450;-1.60968;-1.37973
450;450;0.287434;-2.01204
450;450;-0.801361;-1.60272
450;450;0.343637;1.14546
450;450;-0.287306;-0.0574611
450;450;0.229764;-1.14882
450;450;0.400897;-0.229084
450;450;2.41083;0.516606
450;450;1.94876;1.49023
450;450;2.01984;-1.03878
450;450;-2.41468;1.14985
450;450;-0.114761;-0.688566
450;450;-1.60681;0.401702
450;450;1.0933;-0.230168
450;450;-1.72609;0.920583
450;450;1.78369;-0.978151
450;450;1.26233;1.95088
450;450;-0.971752;-1.2004
450;450;-0.0572892;0.229157
450;450;-0.343331;-1.25888
450;450;0.286082;-1.88814
450;450;1.31912;-0.860297
450;450;0.630242;2.80744
450;450;1.42991;-1.02953
450;450;1.20204;0.40068
450;450;-0.571837;0.171551
450;450;1.31644;2.5184
450;450;-0.171731;-1.08763
450;450;-0.229208;-1.83366
450;450;2.05665;-0.514163
450;450;1.14801;1.09061
450;450;-0.114484;-2.00347
450;450;-2.29361;-1.60553
450;450;-1.60369;-2.23371
450;450;-1.8858;-1.14291
450;450;-0.114193;1.76999
450;450;-0.343713;0.916569
450;450;-0.633245;0.690813
450;450;0.80233;0.458474
450;450;1.31715;-0.572674
450;450;2.41414;1.09211
450;450;-0.401574;0.286839
450;450;-0.80402;-1.7229
450;450;-1.43547;-0.516771
450;450;0.572473;1.37394
450;450;-2.16988;-1.25624
450;450;-0.114458;-0.343375
450;450;-1.43841;0.575364
450;450;1.1452;-1.77506
450;450;0.17184;-0.0572801
450;450;1.54239;-0.399879
450;450;-0.631609;0.861285
450;450;-1.14557;0.0572783
450;450;-2.06386;-0.859941
450;450;-1.5473;-1.31807
450;450;-1.89326;0.917942
450;450;-0.0572182;-5.68434e-14
450;450;1.25848;0.915259
450;450;-1.48682;-2.91646
450;450;1.37202;0.686008
450;450;-1.48578;1.37149
450;450;0.114487;1.3166
450;450;-1.08766;0.744191
450;450;-2.63984;-1.26253
450;450;0.514833;1.25848
450;450;0.0570423;-5.68434e-14
450;450;-0.0570658;-0.456527
450;450;-0.572164;2.00257
450;450;-0.0571873;-1.14375
450;450;-1.60466;2.69354
450;450;-0.857265;0.742963
450;450;1.14586;2.4063
450;450;-1.9543;-1.20707
450;450;-0.63183;-0.746709
450;450;1.09386;-1.49686
450;450;1.48909;-1.60364
450;450;-0.457891;1.43091
450;450;1.37385;1.88904
450;450;-1.5473;-1.48999
450;450;0.171802;-2.11889
450;450;1.20135;0.686488
450;450;0.401869;-1.43525
450;450;-1.77761;-1.0895
450;450;1.88988;1.94715
450;450;-0.97522;1.77834
450;450;-2.06149;-0.687165
450;450;0.171742;2.40439
450;450;-0.85942;-0.630242
450;450;0.458781;-1.08961
450;450;-0.228756;1.37254
450;450;1.43355;-2.00698
450;450;-0.344239;1.03272
450;450;1.72032;1.37626
450;450;-0.743317;-0.97203
450;450;-1.37569;-0.229281
450;450;2.40661;-0.458401
450;450;-2.12017;-2.23478
450;450;-0.572783;1.08829
450;450;0.513706;-0.74202
450;450;-1.14371;0.914968
450;450;0.745899;0.745899
450;450;-1.66419;0.688632
450;450;1.26637;1.84199
450;450;-0.228989;1.54568
450;450;2.35208;0.401574
450;450;-0.114648;-2.69422
450;450;-0.573495;0.286747
450;450;-2.69706;-0.573842
450;450;-1.2012;1.6588
450;450;-1.43415;-0.0573659
450;450;0.343375;1.65964
450;450;2.00557;-1.54715
450;450;0.171687;0.400604
450;450;-1.25932;0.744144
450;450;1.43763;-5.68434e-14
450;450;-2.34751;1.77495
450;450;-0.286537;-0.515767
450;450;-0.916015;-1.83203
450;450;-0.17129;-2.16967
450;450;2.57867;0.687646
450;450;-0.573403;0.917445
450;450;-1.89338;-1.836
450;450;-1.31916;1.83536
450;450;0.17172;2.0034
450;450;1.259;2.518
450;450;1.60267;-0.171715
450;450;-0.287287;-1.20661
450;450;-0.057151;-2.11459
450;450;-1.03088;1.7754
450;450;1.32009;2.06623
450;450;1.14743;1.54903
450;450;-1.26298;-5.68434e-14
450;450;-0.802049;0.171868
450;450;-2.69422;-1.94901
450;450;0.0572491;1.88922
450;450;-1.48947;0.687449
450;450;0.627625;-2.33933
450;450;0.80108;-0.62942
450;450;0.057291;0.343746
450;450;0.114739;2.12267
450;450;-1.60497;-2.63673
450;450;2.62895;0.057151
450;450;-0.114915;-0.402202
450;450;0.631387;0.97578
450;450;-0.572582;0.286291
450;450;-0.343211;0.858028
450;450;0.171616;-0.514849
450;450;-2.29252;-2.69371
450;450;-0.628202;-1.37062
450;450;1.83401;-2.2352
450;450;0.229171;-0.40105
450;450;-0.571437;1.48574
450;450;-1.37241;0.457469
450;450;-1.48786;1.60231
450;450;-5.68434e-14;-2.68883
450;450;0.286155;-0.343386
450;450;-0.745757;-2.06517
450;450;1.66208;-1.08895
450;450;-2.53193;-0.0575438
450;450;2.24392;-0.978119
450;450;-0.401984;0.229705
450;450;0.686051;-0.457368
450;450;0.972339;-2.23066
450;450;0.45881;0.917621
450;450;-1.83261;-0.0572692
450;450;3.66955;-1.14673
450;450;0.856775;1.19949
450;450;-0.400438;-1.25852
450;450;-0.51539;-0.916249
450;450;0.972957;-0.572328
450;450;-0.801386;1.25932
450;450;-0.0571891;2.116
450;450;-0.401037;-2.5781
450;450;0.799682;0.571202
450;450;-0.629781;1.0878
450;450;1.43205;0.515537
450;450;-1.48843;1.37394
450;450;0.171786;-0.114524
450;450;-0.573385;-1.37612
450;450;-0.459528;2.98693
450;450;0.45846;-1.08884
450;450;-0.973793;-1.48933
450;450;1.71742;-0.228989
450;450;-1.03239;-0.172065
450;450;-1.20561;-0.574098
450;450;-2.45749;-1.60023
450;450;0.114306;-0.914445
450;450;-2.46768;0.0573879
450;450;-0.0574226;-0.229691
450;450;-1.66007;-1.08763
450;450;0.0572692;-0.515423
450;450;0.286665;2.80932
450;450;-1.1415;0.856123
450;450;2.85946;-2.45913
450;450;-0.286674;2.06405
450;450;0.743222;-1.31493
450;450;-0.857374;-5.68434e-14
450;450;1.37481;0.45827
450;450;-2.45882;2.23009
450;450;2.01031;-0.63181
450;450;0.458197;-1.20277
450;450;0.860132;-0.688106
450;450;-0.746613;-1.2635
450;450;1.54745;-1.89133
450;450;-1.37555;-1.60481
450;450;0.457731;-1.02989
450;450;0.514228;1.257
450;450;1.83075;-2.28844
450;450;-1.14801;1.26281
450;450;-1.03308;2.46791
450;450;-0.860489;-0.172098
450;450;-2.12328;0.516474
450;450;0.687143;0.229048
450;450;-1.72345;1.60855
450;450;0.800928;1.71627
450;450;0.459308;0.976029
450;450;1.20518;1.0904
450;450;-1.02973;-0.572073
450;450;-1.25628;0.456831
450;450;1.31147;1.53956
450;450;-0.626909;-1.31081
450;450;1.20857;1.09347
450;450;-0.916045;-1.0878
450;450;1.26503;1.20753
450;450;-5.68434e-14;-1.14728
450;450;-0.22904;-0.801641
450;450;0.0573257;0.745234
450;450;2.18304;0.114897
450;450;-0.34356;0.34356
450;450;-0.51682;-0.0574245
450;450;2.17872;-0.172005
450;450;0.802688;0.172005
450;450;-1.3227;2.35786
450;450;0.860708;1.83618
450;450;-0.629901;2.11876
450;450;1.60425;-1.14589
450;450;-1.14338;-0.285846
450;450;-0.343604;-1.25988
450;450;-1.03242;-1.54863
450;450;2.74743;-1.08753
450;450;1.83326;-1.54681
450;450;-0.630945;-1.60604
450;450;1.20415;-2.06425
450;450;-2.39745;-0.0570821
450;450;-1.77749;-1.20411
450;450;0.687471;-0.401025
450;450;0.171769;0.80159
450;450;-0.45846;-1.83384
450;450;1.43497;-2.18116
450;450;-0.745757;0.631025
450;450;-1.43241;-1.54701
450;450;1.8279;-0.456976
450;450;0.631669;-0.918792
450;450;1.14922;-1.0343
450;450;0.802713;-1.26141
