target.x;target.y;delta.x;delta.y
450;450;2.65142;1.26807
450;450;-2.58881;-0.805407
450;450;-2.58881;-0.805407
450;450;-2.58881;-0.805407
450;450;-1.89913;2.35952
450;450;-1.89913;2.35952
450;450;0.805562;0.805562
450;450;0.805562;0.805562
450;450;0.345506;-0.518259
450;450;0.345506;-0.518259
450;450;0.345163;-2.12851
450;450;0.345163;-2.12851
450;450;0.459059;0.918118
450;450;0.459059;0.918118
450;450;0.459059;0.918118
450;450;0.630222;-1.66149
450;450;0.630222;-1.66149
450;450;-0.687952;-0.802611
450;450;-0.687952;-0.802611
450;450;1.31778;0.515652
450;450;1.54706;0.171895
450;450;1.54706;0.171895
450;450;1.54706;0.171895
450;450;2.40776;0.630603
450;450;2.40776;0.630603
450;450;-0.573495;-0.172048
450;450;-0.573495;-0.172048
450;450;-1.7184;-0.859202
450;450;-1.7184;-0.859202
450;450;-1.7184;-0.859202
450;450;-2.23492;1.71917
450;450;-2.23492;1.71917
450;450;-2.23492;1.71917
450;450;1.37841;0.229735
450;450;1.37841;0.229735
450;450;0.344624;0.918997
450;450;0.344624;0.918997
450;450;0.344624;0.918997
450;450;-0.344569;-2.29713
450;450;-0.344569;-2.29713
450;450;-0.344569;-2.29713
450;450;0.402639;-1.26544
450;450;0.402639;-1.26544
450;450;0.402639;-1.26544
450;450;0.402639;-1.26544
450;450;-1.32414;-0.748428
450;450;-1.32414;-0.748428
450;450;-1.32414;-0.748428
450;450;0.34617;0.11539
450;450;0.34617;0.11539
450;450;-0.115327;1.78757
450;450;-0.115327;1.78757
450;450;-0.346826;1.61852
450;450;-0.346826;1.61852
450;450;-0.346826;1.61852
450;450;0.461206;-0.230603
450;450;0.461206;-0.230603
450;450;0.461206;-0.230603
450;450;0.0575788;0.748524
450;450;0.0575788;0.748524
450;450;-0.51796;-0.345307
450;450;-0.345219;-2.87682
450;450;-0.345219;-2.87682
450;450;-0.345219;-2.87682
450;450;-2.70231;0.344976
450;450;-2.70231;0.344976
450;450;-2.70231;0.344976
450;450;0.458854;-0.401497
450;450;0.458854;-0.401497
450;450;-1.03236;0.229412
450;450;1.0319;-0.68793
450;450;1.0319;-0.68793
450;450;1.31925;0.688303
450;450;1.31925;0.688303
450;450;0.229376;-2.23642
450;450;0.229376;-2.23642
450;450;0.229376;-2.23642
450;450;-0.804764;0.172449
450;450;-0.804764;0.172449
450;450;0.17251;1.32258
450;450;-0.45988;1.55209
450;450;-0.45988;1.55209
450;450;1.03463;1.03463
450;450;1.03463;1.03463
450;450;0.172224;0.114816
450;450;-0.516441;1.60671
450;450;-0.516441;1.60671
450;450;1.95063;-3.32754
450;450;-1.08929;1.37595
450;450;1.72279;2.46933
450;450;1.72279;2.46933
450;450;1.72279;2.46933
450;450;1.26576;1.89864
450;450;1.26576;1.89864
450;450;-1.09281;-0.977776
450;450;-0.977869;-0.575217
450;450;-0.977869;-0.575217
450;450;-0.977869;-0.575217
450;450;-1.66313;-0.688194
450;450;-0.917241;-0.401293
450;450;-0.917241;-0.401293
450;450;-0.917241;-0.401293
450;450;1.31841;-0.515899
450;450;1.31841;-0.515899
450;450;1.1456;-0.17184
450;450;1.1456;-0.17184
450;450;1.1456;-0.17184
450;450;0.572874;1.08846
450;450;0.572874;1.08846
450;450;1.3195;0.631065
450;450;1.3195;0.631065
450;450;1.3195;0.631065
450;450;-1.6626;1.60527
450;450;0.745709;1.37669
450;450;0.745709;1.37669
450;450;1.14746;-2.3523
450;450;1.14746;-2.3523
450;450;-1.84017;0.575052
450;450;0.287581;-5.68434e-14
450;450;1.6668;0.747186
450;450;1.78152;0.74709
450;450;0.574758;1.09204
450;450;0.574758;1.09204
450;450;0.574758;1.09204
450;450;-1.09141;-1.55096
450;450;-0.05743;0.34458
450;450;-2.35583;-2.58567
450;450;-2.35583;-2.58567
450;450;0.28704;-1.14816
450;450;0.28704;-1.14816
450;450;0.28704;-1.14816
450;450;-2.29186;0.229186
450;450;-0.343845;-0.22923
450;450;-1.03288;-1.72147
450;450;0.57302;1.03144
450;450;-5.68434e-14;-0.458474
450;450;-5.68434e-14;-0.458474
450;450;-0.517348;1.60953
450;450;-0.517348;1.60953
450;450;0.402948;0.230256
450;450;0.287333;-2.47107
450;450;0.287333;-2.47107
450;450;2.5846;-0.402048
450;450;2.5846;-0.402048
450;450;2.5846;-0.402048
450;450;-0.172449;1.32211
450;450;1.77857;0.344239
450;450;0.63286;1.72598
450;450;0.63286;1.72598
450;450;-1.2058;1.37806
450;450;-0.4021;-0.229771
450;450;-0.4021;-0.229771
450;450;2.64018;1.09051
450;450;-2.12545;0.0574446
450;450;-2.12545;0.0574446
450;450;-1.95063;-0.860571
450;450;-1.21214;0.519488
450;450;-1.21214;0.519488
450;450;-1.21214;0.519488
450;450;1.96081;1.26876
450;450;0.172825;0.864124
450;450;-2.36043;0.978714
450;450;1.26613;-0.0575512
450;450;0.402369;-0.172444
450;450;-5.68434e-14;2.47668
450;450;-0.80497;-1.09246
450;450;1.09138;0.402087
450;450;-0.171868;0.515603
450;450;0.172505;2.01255
450;450;-1.9553;-0.402562
450;450;0.287462;0.402446
450;450;0.690173;2.12803
450;450;0.690173;2.12803
450;450;0.690173;2.12803
450;450;-1.96;0.345882
450;450;1.03622;0.805948
450;450;1.03622;0.805948
450;450;-1.90138;-1.3252
450;450;-1.49748;-2.76458
450;450;-0.630824;1.43369
450;450;0.0571619;1.54337
450;450;0.0571619;1.54337
450;450;0.0571619;1.54337
450;450;-1.71933;0.802356
450;450;0.229296;-1.2038
450;450;0.229296;-1.2038
450;450;0.229296;-1.2038
450;450;1.54745;-1.26088
450;450;0.573294;-0.859941
450;450;-0.688281;-0.114714
450;450;-2.58427;-1.8377
450;450;-2.58427;-1.8377
450;450;0.74678;0.229779
450;450;0.74678;0.229779
450;450;-0.8609;-0.0573933
450;450;-0.8609;-0.0573933
450;450;-0.8609;-0.0573933
450;450;0.631166;-0.631166
450;450;0.631166;-0.631166
450;450;0.114838;-0.459352
450;450;0.344569;1.26342
450;450;-1.09089;-1.72246
450;450;2.29793;-0.919173
450;450;-2.12599;-1.32156
450;450;0.459264;1.66483
450;450;-1.55244;0.747472
450;450;1.38017;2.18527
450;450;-1.78414;-1.38127
450;450;2.12674;0.747233
450;450;2.12674;0.747233
450;450;1.26237;-0.975469
450;450;1.26237;-0.975469
450;450;0.573166;0.458533
450;450;-0.57344;0.974848
450;450;-0.57344;0.974848
450;450;0.518242;-1.15165
450;450;-0.689688;-0.689688
450;450;-0.057441;2.12532
450;450;0.747639;-1.55279
450;450;-2.1838;-1.66659
450;450;0.689006;1.43543
450;450;0.689006;1.43543
450;450;-0.0573604;-2.1797
450;450;-0.918206;0.401715
450;450;0.114955;-1.89676
450;450;1.84394;1.15246
450;450;1.84394;1.15246
450;450;2.13103;0.230381
450;450;2.13103;0.230381
450;450;1.49552;-0.287599
450;450;1.49552;-0.287599
450;450;1.78511;-0.518259
450;450;0.807058;-0.518823
450;450;0.807058;-0.518823
450;450;-0.172908;-0.461087
450;450;0.749963;-0.461516
450;450;0.749963;-0.461516
450;450;-0.288069;2.13171
450;450;1.72819;0.921703
450;450;1.72819;0.921703
450;450;1.55205;-0.574832
450;450;1.55205;-0.574832
450;450;0.288438;-1.44219
450;450;0.576969;-1.96169
450;450;0.576969;-1.96169
450;450;-0.633589;1.09438
450;450;3.10459;0.402446
450;450;-0.0574007;-2.87003
450;450;-0.0574007;-2.87003
450;450;0.978119;-0.690437
450;450;-0.0575052;-0.230021
450;450;-0.0575364;0.747974
450;450;-1.32338;-1.2083
450;450;2.6422;0.114878
450;450;-1.95162;-1.49242
450;450;1.14692;-1.89241
450;450;1.83489;1.83489
450;450;0.803251;1.377
450;450;-1.43616;0.229786
450;450;0.51687;-1.20603
450;450;-1.32351;-1.66877
450;450;-1.32351;-1.66877
450;450;-1.32351;-1.66877
450;450;-0.230021;-0.690062
450;450;-0.230021;-0.690062
450;450;-0.0575328;0.115066
450;450;-0.0575328;0.115066
450;450;0.0575346;0.402742
450;450;0.0575346;0.402742
450;450;-1.37955;1.37955
450;450;-1.37955;1.37955
450;450;-2.12674;1.55195
450;450;-2.12674;1.55195
450;450;-0.114955;-2.52902
450;450;1.37779;-0.631488
450;450;-0.0574428;1.26374
450;450;-2.01133;0.574666
450;450;-2.01133;0.574666
450;450;-0.746566;1.32085
450;450;0.459498;-1.26362
450;450;-2.52249;2.52249
450;450;-0.97401;0.114589
450;450;-0.97401;0.114589
450;450;-2.12254;1.26205
450;450;-2.12254;1.26205
450;450;0.458796;1.54844
450;450;1.44099;1.38335
450;450;1.44099;1.38335
450;450;3.04904;1.61081
450;450;3.04904;1.61081
450;450;-0.115121;1.78437
450;450;2.12898;-0.23016
450;450;-0.172571;0.747806
450;450;-1.72505;0.0575015
450;450;-5.68434e-14;-0.172714
450;450;-2.24385;-0.402742
450;450;0.748332;0.57564
450;450;0.748332;0.57564
450;450;0.748332;0.57564
450;450;0.691343;-1.32507
450;450;0.115368;0.576839
450;450;-0.402794;0.920671
450;450;-0.402112;-1.37867
450;450;0.919437;1.20676
450;450;0.919437;1.20676
450;450;0.919437;1.20676
450;450;-1.60943;0.517315
450;450;0.57463;-0.114926
450;450;-1.37933;1.78164
450;450;0.402292;-0.862055
450;450;0.402292;-0.862055
450;450;0.344404;1.14801
450;450;0.344404;1.14801
450;450;-1.72681;-0.115121
450;450;-1.72681;-0.115121
450;450;-1.72681;-0.115121
450;450;0.632355;0.747329
450;450;0.51715;-1.0343
450;450;0.287342;1.32177
450;450;-0.11532;0.11532
450;450;-0.691853;2.07556
450;450;0.172792;-1.03675
450;450;-5.68434e-14;-1.3785
450;450;-5.68434e-14;-1.3785
450;450;0.631508;-0.287049
450;450;0.631508;-0.287049
450;450;1.5519;1.26451
450;450;1.5519;1.26451
450;450;1.5519;1.26451
450;450;-0.633306;-1.43933
450;450;-0.40393;1.67342
450;450;-0.40393;1.67342
450;450;-0.345982;2.59486
450;450;-0.230286;1.09386
450;450;-0.575604;-1.26633
450;450;-1.83846;-0.402164
450;450;-1.83846;-0.402164
450;450;-0.688962;1.7224
450;450;-0.688962;1.7224
450;450;2.12464;-1.66526
450;450;0.286839;-1.66366
450;450;1.77812;2.23699
450;450;1.20653;0.402177
450;450;-0.114908;1.55125
450;450;-2.0121;0.114977
450;450;1.20564;0.631528
450;450;1.20564;0.631528
450;450;2.18032;1.26229
450;450;-0.114783;-0.860873
450;450;0.2295;-0.688501
450;450;-0.401139;-0.0573056
450;450;-0.401139;-0.0573056
450;450;1.20684;-1.0919
450;450;-2.01043;2.75717
450;450;-2.01043;2.75717
450;450;0.287251;0.287251
450;450;1.03437;-1.72394
450;450;-0.977744;0.345086
450;450;0.747376;-2.64456
450;450;-2.47004;-0.172328
450;450;-2.47004;-0.172328
450;450;-0.861285;-0.057419
450;450;-0.861285;-0.057419
450;450;-0.861285;-0.057419
450;450;-1.15102;0.805716
450;450;-1.15102;0.805716
450;450;-0.287793;-0.115117
450;450;-0.287793;-0.115117
450;450;-0.287793;-0.115117
450;450;1.09162;0.45963
450;450;1.09162;0.45963
450;450;-1.38132;-2.87774
450;450;1.15054;0.230109
450;450;1.15054;0.230109
450;450;-1.95818;-1.90059
450;450;-1.09414;1.03655
450;450;1.43786;-1.84046
450;450;1.43786;-1.84046
450;450;1.14977;-0.517398
450;450;1.14977;-0.517398
450;450;-1.32161;-0.287306
450;450;-1.32161;-0.287306
450;450;-0.114798;-1.32017
450;450;-0.114798;-1.32017
450;450;-0.689996;0.287498
450;450;-0.689996;0.287498
450;450;0.229999;0.114999
450;450;0.575199;1.95568
450;450;0.575199;1.95568
450;450;-1.03433;0.57463
450;450;-0.287572;1.38035
450;450;-0.172543;1.6104
450;450;-0.172543;1.6104
450;450;-0.403219;-2.1889
450;450;-0.518325;2.13089
450;450;-0.518325;2.13089
450;450;-1.61381;-1.61381
450;450;0.920877;1.49643
450;450;0.976839;-2.18352
450;450;-5.68434e-14;-1.89664
450;450;1.09159;-0.114904
450;450;-0.229522;0.459044
450;450;-0.229522;0.459044
450;450;-0.229522;0.459044
450;450;-1.4928;2.58369
450;450;-1.4928;2.58369
450;450;-0.631891;-1.20634
450;450;-0.746804;-0.97659
450;450;3.5643;-0.459909
450;450;3.5643;-0.459909
450;450;0.114926;-1.20672
450;450;0.114926;-1.20672
450;450;2.00928;1.20557
450;450;2.00928;1.20557
450;450;-1.66451;-1.26273
450;450;-0.574245;-1.20591
450;450;-0.574245;-1.20591
450;450;-1.43602;-5.68434e-14
450;450;-0.919378;-2.18352
450;450;1.66409;1.43456
450;450;1.66409;1.43456
450;450;-0.688128;2.00704
450;450;-0.688128;2.00704
450;450;-0.688128;2.00704
450;450;1.83244;2.23328
450;450;-0.573385;0.401369
450;450;-0.573385;0.401369
450;450;-0.804559;-1.32177
450;450;-0.804353;0.746899
450;450;-0.804353;0.746899
450;450;1.54809;0.917387
450;450;-0.74559;-1.95001
450;450;-1.66451;-0.286985
450;450;-0.918001;1.03275
450;450;-0.114765;-0.0573824
450;450;1.09033;0.459088
450;450;0.97491;0.802867
450;450;0.97491;0.802867
450;450;1.26197;-0.803072
450;450;1.26197;-0.803072
450;450;-1.14692;-0.974879
450;450;-0.516359;1.60645
450;450;-0.459;1.54913
450;450;1.60758;-1.49275
450;450;-1.95168;1.26285
450;450;-1.95168;1.26285
450;450;0.459293;-1.14823
450;450;-1.21039;1.6715
450;450;-0.230396;1.26718
450;450;-1.72886;-1.49834
450;450;-1.9595;-0.461058
450;450;-1.9595;-0.461058
450;450;-1.3241;1.78466
450;450;-1.3241;1.78466
450;450;-1.3241;1.78466
450;450;0.917942;-1.43428
450;450;0.917942;-1.43428
450;450;0.745187;-2.06359
450;450;0.745187;-2.06359
450;450;0.859147;1.54646
450;450;0.859147;1.54646
450;450;0.344141;0.17207
450;450;0.344141;0.17207
450;450;2.24363;0.115058
450;450;2.24363;0.115058
450;450;1.95474;1.95474
450;450;1.95474;1.95474
450;450;-0.402074;0.0574391
450;450;-0.402074;0.0574391
450;450;-0.92073;-0.115091
450;450;1.89743;-0.862468
450;450;1.89743;-0.862468
450;450;-0.689292;-1.55091
450;450;-0.689292;-1.55091
450;450;-0.746661;-1.49332
450;450;-1.54868;-0.40151
450;450;-1.54868;-0.40151
450;450;3.271;1.37726
450;450;-0.458986;-0.516359
450;450;-0.401587;-0.745804
450;450;-2.47114;-0.689622
450;450;-2.47114;-0.689622
450;450;1.20892;0.402974
450;450;1.20892;0.402974
450;450;1.20892;0.402974
450;450;0.172527;0.920142
450;450;3.38642;1.60712
450;450;3.38642;1.54972
450;450;3.38642;1.54972
450;450;-1.61267;0.0575953
450;450;0.575475;1.55378
450;450;-0.288799;-0.693118
450;450;-0.805587;0.402794
450;450;0.172505;1.43754
450;450;0.115032;-0.747711
450;450;0.115032;-0.747711
450;450;1.72175;-0.860873
450;450;0.516837;-5.68434e-14
450;450;0.97712;0.747209
450;450;1.6065;-1.1475
450;450;-1.49456;-5.68434e-14
450;450;-0.345086;0.517629
450;450;0.68905;0.344525
450;450;0.68905;0.344525
450;450;-0.17212;-0.975345
450;450;-2.64279;1.20649
450;450;-2.64279;1.20649
450;450;-2.64279;1.20649
450;450;0.0573075;-0.114615
450;450;-2.23478;0.85953
450;450;-2.23478;0.85953
450;450;1.0318;1.26109
450;450;1.0318;1.26109
450;450;1.77636;-0.515718
450;450;-0.344294;-2.00838
450;450;-0.344613;2.46972
450;450;-0.918674;1.03351
450;450;-2.0684;1.89604
450;450;-2.0684;1.89604
450;450;-0.344932;-1.09228
450;450;-0.344932;-1.09228
450;450;0.575622;2.24493
450;450;0.575622;2.24493
450;450;0.575622;2.24493
450;450;-1.78084;0.459572
450;450;1.7189;-2.06267
450;450;1.03062;0.458051
450;450;-1.1452;-0.22904
450;450;1.60532;2.46532
450;450;1.60532;2.46532
450;450;1.43657;0.632093
450;450;-2.23784;-1.89356
450;450;-2.23784;-1.89356
450;450;-0.287067;-0.631548
450;450;-2.01018;-1.20611
450;450;-0.057386;1.66419
450;450;-0.057386;1.66419
450;450;-1.03269;1.26217
450;450;2.52137;0.74495
450;450;0.171808;-0.515423
450;450;-0.28661;0.0573221
450;450;1.4325;-0.859503
450;450;-1.08784;1.37411
450;450;-1.14578;-0.343735
450;450;-1.14578;-0.343735
450;450;-1.54676;2.80708
450;450;-1.71983;-1.94914
450;450;2.40561;-0.114553
450;450;-1.60553;-0.573403
450;450;1.26229;1.83606
450;450;0.401561;-0.917855
450;450;1.37977;-0.114981
450;450;0.172758;-0.691034
450;450;-2.35997;1.61169
450;450;-2.35997;1.61169
450;450;1.20753;-0.0575015
450;450;1.20753;-0.0575015
450;450;-0.459748;-0.74709
450;450;-0.459748;-0.74709
450;450;-0.459748;-0.74709
450;450;0.172356;1.26394
450;450;-2.29962;-2.29962
450;450;0.517249;1.37933
450;450;0.517249;1.37933
450;450;0.517249;1.37933
450;450;0.749051;1.72858
450;450;1.4993;-5.68434e-14
450;450;0.403568;1.2107
450;450;0.403568;1.2107
450;450;0.403568;1.2107
450;450;-1.14999;0.689996
450;450;-1.14999;0.689996
450;450;-0.345749;1.21012
450;450;-0.345749;1.21012
450;450;-1.26767;-0.288106
450;450;-0.172891;-1.09498
450;450;-0.518143;-0.230286
450;450;-0.518143;-0.230286
450;450;-1.83512;0.458781
450;450;-1.83512;0.458781
450;450;-1.83512;0.458781
450;450;-0.86123;-0.803814
450;450;0.861092;0.229625
450;450;0.861285;-0.459352
450;450;0.51659;2.69775
450;450;0.401012;-1.60405
450;450;0.401012;-1.60405
450;450;0.401012;-1.60405
450;450;1.43023;1.02976
450;450;0.628601;-0.628601
450;450;0.628601;-0.628601
450;450;0.628601;-0.628601
450;450;-1.49227;0.401766
450;450;-1.37885;-0.114904
450;450;-1.37885;-0.114904
450;450;0.172438;0.114959
450;450;1.66989;-0.690989
450;450;-1.09274;-0.920201
450;450;-0.631065;-0.516326
450;450;2.18534;-3.10548
450;450;-5.68434e-14;0.172235
450;450;-0.689072;-0.803917
450;450;-0.689072;-0.803917
450;450;-0.575493;-0.0575493
450;450;-0.806516;-2.0739
450;450;-0.806516;-2.0739
450;450;-0.691786;-0.230595
450;450;-0.173019;1.03811
450;450;-1.15386;0.576932
450;450;-1.15386;0.576932
450;450;-0.865342;-2.07682
450;450;-1.7846;0.805948
450;450;1.55463;0.230315
450;450;-1.26536;-1.20784
450;450;0.920966;1.43901
450;450;1.66861;0.575383
450;450;-2.42079;0.806929
450;450;-0.69183;0.518873
450;450;-5.68434e-14;0.402562
450;450;-1.2635;-0.172295
450;450;-1.2635;-0.172295
450;450;-1.2635;-0.172295
450;450;-0.804816;1.49466
450;450;-0.804816;1.49466
450;450;-1.55239;0.172488
450;450;0.91929;-0.689468
450;450;0.919173;-0.459586
450;450;0.919173;-0.459586
450;450;-0.114996;0.862468
450;450;0.403335;0.230477
450;450;0.403335;0.230477
450;450;0.748309;1.20881
450;450;0.114911;-2.12586
450;450;0.114911;-2.12586
450;450;1.89828;-0.0575236
450;450;1.89828;-0.0575236
450;450;1.89828;-0.0575236
450;450;-1.37995;0.919965
450;450;0.287489;1.26495
450;450;0.287489;1.26495
450;450;-0.574942;-5.68434e-14
450;450;-1.14922;1.43653
450;450;2.18081;0.0573897
450;450;-0.517514;-0.862523
450;450;0.80479;0.34491
450;450;-0.632093;0.344778
450;450;-1.90028;-0.80618
450;450;-1.90028;-0.80618
450;450;-1.90028;-0.80618
450;450;0.572838;-2.86419
450;450;-2.86574;-1.31824
450;450;1.89961;-1.09372
450;450;0.229486;-0.631085
450;450;0.11456;-0.17184
450;450;0.11456;-0.17184
450;450;0.11456;-0.17184
450;450;-5.68434e-14;1.03134
450;450;-0.114692;1.20426
450;450;-0.114692;1.20426
450;450;-2.29845;-2.35591
450;450;-0.576046;2.01616
450;450;-0.690989;-1.90022
450;450;1.78289;0.69015
450;450;1.78289;0.69015
450;450;-0.805433;0.115062
450;450;-0.805433;0.115062
450;450;-0.917504;0.917504
450;450;-0.917504;0.917504
450;450;-0.917504;0.917504
450;450;0.57397;2.18109
450;450;1.20334;0.114604
450;450;1.20334;0.114604
450;450;0.687493;-0.057291
450;450;0.745234;-1.14651
450;450;0.745234;-1.14651
450;450;2.12572;-0.57452
450;450;2.12572;-0.57452
450;450;0.115062;-0.402716
450;450;0.115062;-0.402716
450;450;0.115062;-0.402716
450;450;-1.5514;-0.861889
450;450;-1.5514;-0.861889
450;450;-2.06557;1.20491
450;450;-2.06557;1.20491
450;450;1.54937;0.0573842
450;450;1.54937;0.0573842
450;450;0.574117;-0.861175
450;450;-0.0574997;2.75998
450;450;1.61092;1.61092
450;450;0.460969;1.67101
450;450;0.460969;1.67101
450;450;2.99793;-2.01784
450;450;-1.84358;-0.921791
450;450;-1.84358;-0.921791
450;450;-1.84358;-0.921791
450;450;-0.0575585;-0.805819
450;450;0.691698;-1.15283
450;450;0.691698;-1.15283
450;450;-0.633549;-0.86393
450;450;1.15121;-0.518043
450;450;1.15121;-0.518043
450;450;1.15121;-0.518043
450;450;1.20896;0.287848
450;450;-0.345009;-1.20753
450;450;-2.01365;1.26572
450;450;0.804533;-2.29867
450;450;0.804533;-2.29867
450;450;0.804533;-2.29867
450;450;0.804533;-2.29867
450;450;-0.345296;-1.49628
450;450;-0.345296;-1.49628
450;450;-0.693875;1.5034
450;450;-0.75165;1.61894
450;450;-0.75165;1.61894
450;450;1.61277;0.633589
450;450;0.980344;-2.42203
450;450;0.863847;0.691078
450;450;0.863847;0.691078
450;450;0.345694;1.0947
450;450;0.114974;0.804816
450;450;0.114974;0.804816
450;450;2.12471;-1.14849
450;450;-0.68883;1.49246
450;450;-0.68883;1.49246
450;450;1.89434;1.20549
450;450;1.54982;1.26281
450;450;-0.114845;0.344536
450;450;-0.114845;0.344536
450;450;2.64541;1.09267
450;450;-0.518242;1.3244
450;450;-2.30286;-5.68434e-14
450;450;1.03652;1.55478
450;450;-0.460822;0.288014
450;450;-1.09414;-0.460689
450;450;0.747472;0.287489
450;450;0.747472;0.287489
450;450;0.747472;0.287489
450;450;1.3219;-0.057474
450;450;0.230116;0.517762
450;450;-2.75831;0.402254
450;450;-2.75831;0.402254
450;450;-1.09006;-0.860571
450;450;0.172246;-1.09089
450;450;0.172246;-1.09089
450;450;1.49423;0.402292
450;450;-0.747114;-1.72411
450;450;-0.747114;-1.72411
450;450;-2.58939;1.26592
450;450;-0.345296;1.03589
450;450;-0.229852;-2.0112
450;450;1.60871;0.45963
450;450;-5.68434e-14;-1.9533
450;450;-5.68434e-14;-1.9533
450;450;-5.68434e-14;-1.9533
450;450;0.631931;1.43621
450;450;-2.75769;0.976683
450;450;-0.803276;-3.15573
450;450;-0.803276;-3.15573
450;450;-1.43442;0.172131
450;450;-1.55135;-1.26406
450;450;-1.55135;-1.26406
450;450;-1.83676;0.631387
450;450;-1.83676;0.631387
450;450;1.091;-1.83747
450;450;-1.26281;0.918411
450;450;-1.26281;0.918411
450;450;-1.26281;0.918411
450;450;0.403309;0.576156
450;450;-0.69057;2.53209
450;450;2.1296;-2.01448
450;450;2.1296;-2.01448
450;450;1.26584;0.34523
450;450;1.26584;0.34523
450;450;1.26584;0.34523
450;450;-0.287719;-0.632982
450;450;-0.287719;-0.632982
450;450;0.806851;1.9595
450;450;-1.7842;-2.07197
450;450;-1.7842;-2.07197
450;450;1.14721;1.14721
450;450;1.14721;1.14721
450;450;-0.688588;2.18053
450;450;-0.573824;2.29529
450;450;2.58155;0.172103
450;450;0.0573294;-1.54789
450;450;0.630563;-1.37577
450;450;0.630563;-1.37577
450;450;0.574538;3.10251
450;450;0.574538;3.10251
450;450;-0.862468;-1.49494
450;450;-0.516952;-0.114878
450;450;-0.516952;-0.114878
450;450;-0.516952;-0.114878
450;450;-0.86211;0.402318
450;450;-0.86211;0.402318
450;450;-0.86211;0.402318
450;450;-0.45865;-0.745306
450;450;0.802458;-0.34391
450;450;0.802458;-0.34391
450;450;-0.860434;2.86811
450;450;1.03111;0.973824
450;450;1.03111;0.973824
450;450;-2.18018;-0.229493
450;450;1.31824;1.9487
450;450;0.630202;-0.859366
450;450;0.630202;-0.859366
450;450;0.571673;-0.343004
450;450;0.571673;-0.343004
450;450;-0.690128;2.1279
450;450;-0.0574758;1.55185
450;450;1.7801;-0.401958
450;450;-2.12443;-0.287086
450;450;0.632759;1.61066
450;450;0.632759;1.61066
450;450;0.632759;1.61066
450;450;0.45963;-0.689446
450;450;-1.26419;-1.37911
450;450;-1.26419;-1.37911
450;450;0.23008;0.862798
450;450;0.403219;-0.172808
450;450;0.0576655;-2.65261
450;450;2.70672;-1.49734
450;450;0.806283;2.01571
450;450;0.287655;1.15062
450;450;1.03404;-2.4702
450;450;0.976683;-2.81515
450;450;0.976683;-2.81515
450;450;1.43644;0.861862
450;450;1.43644;0.861862
450;450;1.43644;0.861862
450;450;0.68804;-1.03206
450;450;0.68804;-1.03206
450;450;0.114651;0.974537
450;450;0.114651;0.974537
450;450;-0.689226;0.172306
450;450;1.55294;0.977776
450;450;0.172483;-1.83981
450;450;-2.07131;2.01378
450;450;-2.07131;2.01378
450;450;-2.07131;2.01378
450;450;-3.05207;1.03655
450;450;3.05353;1.44034
450;450;0.863903;0.115187
450;450;-0.403142;0.172775
450;450;0.920406;-1.15051
450;450;-2.41862;0.863792
450;450;0.747233;-1.03463
450;450;0.747233;-1.03463
450;450;0.747233;-1.03463
450;450;-1.61412;-0.749411
450;450;1.38561;0.635073
450;450;1.38561;0.635073
450;450;1.38561;0.635073
450;450;1.09201;1.03453
450;450;-2.58806;0.920201
450;450;-0.11501;-1.95518
450;450;-0.747329;-0.804816
450;450;2.01108;1.66632
450;450;-0.287315;-0.344778
450;450;0.344998;-1.55249
450;450;0.344998;-1.55249
450;450;0.344998;-1.55249
450;450;0.459953;0.862413
450;450;-0.230102;1.61071
450;450;-1.26398;-1.72361
450;450;0.631931;-1.49366
450;450;0.631931;-1.49366
450;450;-5.68434e-14;0.229874
450;450;-5.68434e-14;0.229874
450;450;0.115191;0.921526
450;450;0.287866;-1.03632
450;450;0.345384;0.921025
450;450;0.51715;0.402228
450;450;0.51715;0.402228
450;450;1.09013;-0.745876
450;450;1.09013;-0.745876
450;450;1.49204;-1.43465
450;450;1.49204;-1.43465
450;450;1.03315;1.32013
450;450;0.0573641;-0.458913
450;450;-0.343976;2.29317
450;450;-0.861724;-2.47028
450;450;-0.861724;-2.47028
450;450;-0.861724;-2.47028
450;450;-1.72229;-5.68434e-14
450;450;-1.72229;-5.68434e-14
450;450;-1.5517;0.114941
450;450;-1.5517;0.114941
450;450;-1.5517;0.114941
450;450;0.977182;0.689776
450;450;1.32186;-2.58625
450;450;-0.172334;-1.37867
450;450;-2.18855;2.47652
450;450;2.53476;-1.67064
450;450;2.53476;-1.67064
450;450;2.53476;-1.67064
450;450;-0.809781;-0.0578415
450;450;-0.809781;-0.0578415
450;450;-0.0577432;1.50132
450;450;-0.172985;0.691941
450;450;1.84264;0.518242
450;450;-0.230219;-1.09354
450;450;1.26495;-0.574978
450;450;-2.58567;-0.574593
450;450;0.804327;-2.29808
450;450;-0.746161;1.09054
450;450;-2.06656;1.83694
450;450;-2.06656;1.83694
450;450;-1.09263;-1.38017
450;450;-5.68434e-14;0.978245
450;450;-1.0903;-2.41014
450;450;0.229999;0.172499
450;450;0.977495;1.55249
450;450;0.977495;1.55249
450;450;1.55105;1.26382
450;450;-1.72202;0.975811
450;450;1.66234;0.458577
450;450;1.03003;-0.286118
450;450;1.03003;-0.286118
450;450;-0.687208;-2.57703
450;450;-0.286319;1.14527
450;450;-0.286319;1.14527
450;450;-0.286319;1.14527
450;450;0.630482;-0.859749
450;450;0.401677;2.58221
450;450;0.172087;0.860434
450;450;0.172087;0.860434
450;450;0.172087;0.860434
450;450;-2.24507;0.115132
450;450;0.804379;-0.229823
450;450;-0.0574483;-2.12559
450;450;-0.0574483;-2.12559
450;450;-0.402807;0.632982
450;450;-0.402807;0.632982
450;450;-0.402807;0.632982
450;450;-1.31824;0.745092
450;450;-1.31824;0.745092
450;450;-1.31824;0.745092
450;450;-1.03012;-0.62952
450;450;2.11781;1.60267
450;450;2.11781;1.60267
450;450;2.11781;1.60267
450;450;0.172048;-0.114699
450;450;0.229325;-0.97463
450;450;0.229325;-0.97463
450;450;0.401369;1.43346
450;450;-0.975718;0.688742
450;450;-0.975718;0.688742
450;450;1.83717;0.68894
450;450;1.83717;0.68894
450;450;0.287049;-1.60747
450;450;1.09096;-0.459352
450;450;1.09096;-0.459352
450;450;0.229215;-0.401127
450;450;0.343681;-2.34848
450;450;-1.43584;-2.01018
450;450;0.403038;-0.403038
450;450;0.403038;-0.403038
450;450;0.403038;-0.403038
450;450;1.43653;-0.344767
450;450;-0.631246;1.89374
450;450;-2.81902;-0.460247
450;450;-2.81902;-0.460247
450;450;0.574666;1.3792
450;450;1.09093;1.6651
450;450;0.974723;0.86005
450;450;0.974723;0.86005
450;450;0.631709;-0.574281
450;450;0.631709;-0.574281
450;450;0.631709;-0.574281
450;450;1.03324;-5.68434e-14
450;450;-1.03496;-1.37995
450;450;-1.03496;-1.37995
450;450;0.747353;-2.29955
450;450;0.747353;-2.29955
450;450;0.229999;-0.632496
450;450;1.20676;-0.517183
450;450;-0.22972;-0.05743
450;450;0.746066;-1.14779
450;450;0.114801;-5.68434e-14
450;450;-0.34447;-1.55011
450;450;-5.68434e-14;2.24163
450;450;0.972988;1.77427
450;450;-2.69835;0.861175
450;450;2.63925;-0.573751
450;450;-1.03397;-1.78073
450;450;-1.03397;-1.78073
450;450;-1.03397;-1.78073
450;450;0.172411;-0.0574703
450;450;-0.460174;0.402652
450;450;-0.345616;-0.115205
450;450;-0.345616;-0.115205
450;450;1.09473;-2.07423
450;450;-0.74628;0.975905
450;450;-0.862247;-1.20715
450;450;-0.862247;-1.20715
450;450;-0.287434;0.344921
450;450;2.81685;-0.459895
450;450;-1.32;0.516524
450;450;-1.32;0.516524
450;450;1.03226;2.98208
450;450;1.03226;2.98208
450;450;1.03226;2.98208
450;450;-1.2033;1.83361
450;450;1.54794;-0.859968
450;450;0.171972;-0.630563
450;450;-1.32131;0.229793
450;450;0.977307;-0.459909
450;450;0.459821;2.12667
450;450;-1.72394;-1.09183
450;450;-0.114757;-5.68434e-14
450;450;-0.114757;-5.68434e-14
450;450;-5.68434e-14;-1.83624
450;450;-0.401625;-0.918001
450;450;-0.747186;2.06913
450;450;0.631166;0.344272
450;450;0.631166;0.344272
450;450;0.631166;0.344272
450;450;-2.01063;-1.09148
450;450;1.72334;0.459557
450;450;-0.575475;1.95661
450;450;-0.575475;1.95661
450;450;1.03265;-2.58163
450;450;1.03265;-2.58163
450;450;1.66728;-1.26483
450;450;1.66728;-1.26483
450;450;1.66728;-1.26483
450;450;-0.459308;0.516721
450;450;-0.688435;-0.975283
450;450;-0.688435;-0.975283
450;450;-0.688435;-0.975283
450;450;1.38105;-1.66877
450;450;1.38105;-1.66877
450;450;0.575052;2.70274
450;450;-2.12518;-2.06774
450;450;-2.12518;-2.06774
450;450;-0.114981;0.862357
450;450;-0.114981;0.862357
450;450;1.71928;0.171928
450;450;2.06412;0.51603
450;450;-1.319;-0.458781
450;450;2.00781;1.95044
450;450;-1.09075;-0.344448
450;450;-1.26265;-0.401753
450;450;-2.24335;2.24335
450;450;0.401958;-0.86134
450;450;-2.41368;-0.0574685
450;450;1.8932;-0.114739
450;450;1.8932;-0.114739
450;450;-2.41144;0.459323
450;450;-0.229735;-2.52708
450;450;2.17907;0.917504
450;450;-0.975189;-0.0573641
450;450;-0.975189;-0.0573641
450;450;1.78112;2.29823
450;450;1.78112;2.29823
450;450;-1.78283;0.287554
450;450;-0.631992;1.32144
450;450;-0.631992;1.32144
450;450;0.287379;-1.37942
450;450;-0.114937;2.58608
450;450;-0.114937;2.58608
450;450;2.06563;-1.8935
450;450;2.06563;-1.8935
450;450;1.14735;2.75365
450;450;1.14735;2.75365
450;450;0.517348;-1.0347
450;450;0.515964;-0.687952
450;450;0.515964;-0.687952
450;450;-2.29383;0.68815
450;450;-2.29383;0.68815
450;450;-1.77472;0.515242
450;450;-1.77472;0.515242
450;450;-1.83285;2.23378
450;450;0.458139;-0.0572674
450;450;1.60706;0.172186
450;450;1.60712;-0.746161
450;450;1.60712;-0.746161
450;450;1.60712;-0.746161
450;450;-0.459586;0.861724
450;450;0.286857;0.8032
450;450;0.286857;0.8032
450;450;0.286857;0.8032
450;450;0.286291;-0.687099
450;450;0.286291;-0.687099
450;450;0.286291;-0.687099
450;450;0.343386;0.228924
450;450;0.686357;-1.14393
450;450;0.629721;0.457979
450;450;0.629721;0.457979
450;450;-0.974941;1.66313
450;450;-0.974941;1.66313
450;450;-0.974941;1.66313
450;450;-0.229193;0.229193
450;450;-0.918674;0.574171
450;450;-0.918674;0.574171
450;450;0.0573787;-0.631166
450;450;0.0573787;-0.631166
450;450;0.975065;2.1222
450;450;1.49023;1.60486
450;450;-0.401728;-0.573897
450;450;-0.977307;-0.689864
450;450;0.920789;-1.15099
450;450;0.920789;-1.15099
450;450;0.920789;-1.15099
450;450;-0.57344;0.688128
450;450;-0.57344;0.688128
450;450;1.37964;-0.517365
450;450;0.229771;1.09141
450;450;1.03414;0.402164
450;450;1.03414;0.402164
450;450;-0.28726;0.114904
450;450;-0.28726;0.114904
450;450;-0.28726;0.114904
450;450;-0.172251;1.03351
450;450;-0.287067;0.803789
450;450;-2.06524;-0.229471
450;450;-2.06524;-0.229471
450;450;0.0575346;1.3233
450;450;0.0575346;1.3233
450;450;0.0575346;1.3233
450;450;0.517563;-2.01275
450;450;1.32389;1.32389
450;450;-1.43896;0.345351
450;450;-2.07078;-0.977869
450;450;-5.68434e-14;0.979278
450;450;0.921555;-1.90071
450;450;-2.24564;-1.09403
450;450;-0.575585;0.690702
450;450;-0.575585;0.690702
450;450;-0.287306;-0.459689
450;450;0.747281;-1.55205
450;450;0.459528;-0.631851
450;450;-0.804276;-0.746828
450;450;-2.18485;-0.344976
450;450;2.47454;1.15095
450;450;2.47454;1.15095
450;450;-1.38114;-2.07171
450;450;0.576581;-0.461265
450;450;-2.36194;0.518474
450;450;0.403064;-2.36081
450;450;0.516919;-1.66563
450;450;2.00845;1.95106
450;450;1.32026;-1.95168
450;450;1.32026;-1.95168
450;450;-0.172279;1.66536
450;450;0.573385;0.688062
450;450;-0.229266;0.687799
450;450;0.114783;-0.918264
450;450;0.517332;1.26459
450;450;0.517332;1.26459
450;450;0.517332;1.26459
450;450;1.60963;-0.402408
450;450;-0.344899;-1.43708
450;450;-0.344899;-1.43708
450;450;-0.978151;-0.34523
450;450;1.26338;0.861395
450;450;1.26338;0.861395
450;450;-0.517299;-5.68434e-14
450;450;-0.517299;-5.68434e-14
450;450;0.172753;-0.345506
450;450;0.172753;-0.345506
450;450;-0.230433;0.518474
450;450;-0.230433;0.518474
450;450;-1.32656;0.865148
450;450;-1.32656;0.865148
450;450;-2.18492;1.09246
450;450;-0.5743;-1.20603
450;450;0.688654;-1.31992
450;450;-1.61319;1.44034
450;450;-0.230249;2.30249
450;450;1.4937;-1.9533
450;450;-1.95349;0.976746
450;450;-1.09183;-1.03437
450;450;2.29544;1.72158
450;450;-0.0573915;1.20522
450;450;-0.0573915;1.20522
450;450;1.66351;-2.00768
450;450;-1.60876;1.14911
450;450;-1.60876;1.14911
450;450;-1.60876;1.14911
450;450;2.00755;0.80302
450;450;1.43612;0.402112
450;450;1.9548;0.287471
450;450;-1.09197;1.49428
450;450;0.918616;-0.861202
450;450;-1.8394;-0.402369
450;450;0.632052;-1.43648
450;450;-1.14765;0.631206
450;450;-1.14765;0.631206
450;450;-0.745116;-1.43291
450;450;2.98502;-1.2629
450;450;2.98502;-1.2629
450;450;2.17942;-0.516178
450;450;0.344514;0.057419
450;450;1.14754;-0.172131
450;450;1.14754;-0.172131
450;450;1.14754;-0.172131
450;450;-1.14985;-0.402446
450;450;-0.057507;-0.632577
450;450;-0.3448;1.66653
450;450;-0.286994;-0.401792
450;450;-1.72098;1.83571
450;450;-0.402254;1.26423
450;450;-5.68434e-14;0.691476
450;450;-5.68434e-14;0.691476
450;450;-1.72676;1.3814
450;450;-1.72676;1.3814
450;450;-1.72676;1.3814
450;450;-1.72676;1.3814
450;450;1.55066;-0.861477
450;450;-2.40845;-0.688128
450;450;0.630583;0.745234
450;450;0.344206;-1.03262
450;450;-1.78044;-1.49327
450;450;-1.78073;-1.49351
450;450;1.37933;-0.747138
450;450;0.287232;1.37872
450;450;-2.81703;-1.14981
450;450;-2.81703;-1.14981
450;450;-0.517315;1.26455
450;450;2.69938;-0.574336
450;450;2.69938;-0.574336
450;450;-0.172218;-0.114812
450;450;0.229977;0.402459
450;450;-0.11497;-0.862275
450;450;-1.38317;-0.172897
450;450;2.63833;-1.03239
450;450;0.62946;1.37337
450;450;-1.14262;-0.628441
450;450;2.34044;0.570839
450;450;-1.37093;1.37093
450;450;-0.629941;-2.17616
450;450;2.52;0.171818
450;450;-1.03121;0.229157
450;450;-0.344228;0.860571
450;450;-0.746375;-2.18171
450;450;1.0911;-5.68434e-14
450;450;1.0911;-5.68434e-14
450;450;1.20931;2.18827
450;450;-0.288004;0.230404
450;450;-0.288004;0.230404
450;450;-0.288004;0.230404
450;450;0.230426;-0.288032
450;450;-0.11497;0.632335
450;450;-0.690173;1.32283
450;450;1.38008;1.43758
450;450;0.057496;0.057496
450;450;0.11511;0.575548
450;450;-1.95705;-0.402922
450;450;-0.920142;0.287544
450;450;0.630965;1.20457
450;450;0.172076;-5.68434e-14
450;450;0.172076;-5.68434e-14
450;450;0.230058;-1.09277
450;450;0.230058;-1.09277
450;450;-2.75778;0.517084
450;450;1.20711;-2.29925
450;450;-1.37946;-0.287388
450;450;-1.37946;-0.287388
450;450;0.689248;-2.12518
450;450;0.689248;-2.12518
450;450;-0.402601;-2.30058
450;450;-5.68434e-14;2.35824
450;450;2.5295;-2.5295
450;450;2.5295;-2.5295
450;450;1.26528;1.78289
450;450;-5.68434e-14;-0.172312
450;450;-0.172136;1.66398
450;450;-0.172136;1.66398
450;450;-0.172136;1.66398
450;450;-5.68434e-14;-1.31967
450;450;-5.68434e-14;-1.31967
450;450;-0.286729;0.630804
450;450;-0.286729;0.630804
450;450;1.60742;-0.114816
450;450;-2.46972;-1.7805
450;450;0.919231;-1.95337
450;450;0.919231;-1.95337
450;450;-2.0139;-0.690481
450;450;-2.0139;-0.690481
450;450;1.9553;0.920142
450;450;1.9553;0.920142
450;450;1.9553;0.920142
450;450;0.632577;1.43768
450;450;0.805047;-0.287517
450;450;0.805047;-0.287517
450;450;0.45966;-1.72372
450;450;0.45966;-1.72372
450;450;0.45966;-1.72372
450;450;-0.40151;0.630945
450;450;-0.40151;0.630945
450;450;-2.35651;0.229903
450;450;1.66744;0.229991
450;450;-0.516754;-0.114834
450;450;2.06873;0.0574648
450;450;-0.057419;2.52643
450;450;-1.60917;-1.37929
450;450;-1.60917;-1.37929
450;450;-0.40201;1.03374
450;450;1.72433;-2.0692
450;450;0.861834;-2.12586
450;450;-2.9962;-0.633812
450;450;2.07589;2.30654
450;450;-1.03569;1.72615
450;450;-1.03569;1.72615
450;450;3.04661;0.459865
450;450;-1.84128;-1.66866
450;450;-1.84128;-1.66866
450;450;1.89374;0.688632
450;450;-0.862798;0.11504
450;450;-1.95436;-2.12681
450;450;-1.95436;-2.12681
450;450;-1.95436;-2.12681
450;450;1.09512;-2.01732
450;450;1.09512;-2.01732
450;450;-2.31433;-0.462866
450;450;0.748835;-1.61288
450;450;0.748835;-1.61288
450;450;0.748835;-1.61288
450;450;2.59171;0.921496
450;450;-0.632618;-2.76051
450;450;1.49432;0.28737
450;450;-0.862;1.09187
450;450;0.517035;-1.03407
450;450;-0.172356;2.29808
450;450;0.0574465;2.18297
450;450;0.0574465;2.18297
450;450;-1.37999;2.98998
450;450;-0.229977;0.977401
450;450;-2.18541;-1.49528
450;450;1.0347;0.747281
450;450;-1.20757;-2.12762
450;450;-0.459983;1.20745
450;450;-0.749099;-1.09484
450;450;2.30529;-1.90186
450;450;-0.517878;0.057542
450;450;-0.517878;0.057542
450;450;1.20734;-0.287462
450;450;1.20734;-0.287462
450;450;-0.345915;-0.576525
450;450;-0.345915;-0.576525
450;450;1.89925;0.690636
450;450;-1.84193;-0.633164
450;450;0.0575548;0.402884
450;450;0.0575548;0.402884
450;450;0.0575548;0.402884
450;450;-0.632456;0.747448
450;450;-0.632456;0.747448
450;450;-0.229464;-0.516293
450;450;-0.229464;-0.516293
450;450;0.801947;1.48933
450;450;0.801947;1.48933
450;450;0.801947;1.48933
450;450;-5.68434e-14;-1.26117
450;450;0.573751;-1.54913
450;450;0.573751;-1.54913
450;450;0.172251;0.40192
450;450;0.974258;-1.2035
450;450;0.974258;-1.2035
450;450;0.974258;-1.2035
450;450;-0.745306;2.17859
450;450;-0.916657;-1.37499
450;450;0.516227;-0.917738
450;450;-2.63749;-0.34402
450;450;-0.401997;-0.344569
450;450;-0.40201;-0.51687
450;450;1.43671;-1.43671
450;450;0.229786;1.03404
450;450;-0.745495;0.344075
450;450;0.631246;-2.4676
450;450;-0.287205;-1.55091
450;450;-2.29647;0.172235
450;450;2.41037;-0.229559
450;450;0.516343;0.745828
450;450;-2.46957;2.06754
450;450;-1.09459;-1.7283
450;450;0.805742;-0.287765
450;450;1.61174;-1.03612
450;450;1.77936;-0.344393
450;450;-0.344723;-1.78107
450;450;-0.689226;2.69947
450;450;1.8932;2.0653
450;450;1.8932;2.0653
450;450;1.8932;2.0653
450;450;-2.52724;1.78056
450;450;0.229771;-0.861642
450;450;0.631609;2.00966
450;450;0.631609;2.00966
450;450;0.631609;2.00966
450;450;1.61236;-0.863764
450;450;0.461546;0.807705
450;450;0.461546;0.807705
450;450;0.461546;0.807705
450;450;0.575272;-0.172582
450;450;1.83993;0.229991
450;450;-0.517712;0.230094
450;450;0.172483;-0.517448
450;450;-1.09176;0.51715
450;450;1.14845;0.516804
450;450;0.344009;2.00672
450;450;0.344009;2.00672
450;450;0.344009;2.00672
450;450;-1.20472;-0.631045
450;450;-0.631448;1.14809
450;450;-1.7788;-0.229522
450;450;0.286976;-1.49227
450;450;-0.34425;-0.631126
450;450;-0.401638;-0.688523
450;450;-2.46776;-0.344338
450;450;1.31858;0.687952
450;450;0.0573787;-0.344272
450;450;0.976683;-0.517068
450;450;0.976683;-0.517068
450;450;-2.75462;-0.573879
450;450;-0.28737;0.229896
450;450;0.0575769;0.978808
450;450;-0.517977;0.517977
450;450;2.52885;2.6438
450;450;2.52885;2.6438
450;450;-0.919407;1.95374
450;450;-0.919407;1.95374
450;450;-0.919407;1.95374
450;450;0.0575493;-0.978338
450;450;-1.03685;-0.63363
450;450;-0.805793;2.18715
450;450;0.287554;0.402575
450;450;0.287554;0.402575
450;450;-2.41237;0.976434
450;450;0.401613;0.17212
450;450;-1.60865;-1.66611
450;450;1.66749;-1.78249
450;450;0.401971;2.3544
450;450;0.401971;2.3544
450;450;0.172169;-2.29559
450;450;0.172169;-2.29559
450;450;0.172169;-2.29559
450;450;-1.09249;0.517497
450;450;-1.89731;-0.517448
450;450;-1.89731;-0.517448
450;450;-2.47028;1.60855
450;450;0.402331;-1.20699
450;450;0.402331;-1.20699
450;450;0.402331;-1.20699
450;450;1.43474;1.31996
450;450;0.459117;-1.20518
450;450;-2.01146;1.32182
450;450;0.51715;-1.26414
450;450;-1.09047;-1.26265
450;450;-1.6676;1.09256
450;450;-1.6676;1.09256
450;450;-1.6676;1.09256
450;450;-0.0574703;2.1264
450;450;-0.0574703;2.1264
450;450;-0.745686;1.66345
450;450;-0.745686;1.66345
450;450;1.66526;-0.746494
450;450;-0.287049;2.41121
450;450;2.64541;-0.862633
450;450;-1.61076;1.49571
450;450;-0.11486;-0.74659
450;450;0.631629;-5.68434e-14
450;450;1.66845;0.920524
450;450;1.66845;0.920524
450;450;-2.41576;-1.2654
450;450;-2.41576;-1.2654
450;450;-1.09173;-2.18345
450;450;-1.09173;-2.18345
450;450;-1.03711;-0.403322
450;450;-1.03711;-0.403322
450;450;0.114904;-2.29808
450;450;-0.114922;-0.976839
450;450;0.919173;1.03407
450;450;1.60912;-0.919496
450;450;1.60912;-0.919496
450;450;-0.115099;-0.920789
450;450;-1.09284;1.95561
450;450;0.0575144;0.172543
450;450;-0.229508;0.91803
450;450;-0.229508;0.91803
450;450;-0.229508;0.91803
450;450;-1.43557;1.09103
450;450;1.72207;-2.81272
450;450;1.72207;-2.81272
450;450;-1.72587;-2.01352
450;450;-2.12824;-0.402639
450;450;-2.12824;-0.402639
450;450;-2.12824;-0.402639
450;450;-0.402305;3.44833
450;450;0.114779;-0.631287
450;450;0.114779;-0.631287
450;450;0.344338;2.69732
450;450;-0.229933;2.64423
450;450;1.32338;0.747998
450;450;1.32338;0.747998
450;450;0.920583;0.80551
450;450;-0.345197;0.402729
450;450;-0.345197;0.402729
450;450;1.49246;0.172207
450;450;-1.72032;1.49094
450;450;-1.72032;1.49094
450;450;2.52041;0.744665
450;450;0.343473;-0.515209
450;450;0.0572528;-0.629781
450;450;-0.114695;-0.97491
450;450;-2.06761;0.0574336
450;450;-0.229786;-0.402125
450;450;1.61365;0.518673
450;450;1.61365;0.518673
450;450;-1.15586;-0.520139
450;450;-1.15586;-0.520139
450;450;0.230389;0.0575972
450;450;1.20908;1.6121
450;450;-2.53039;1.43772
450;450;2.23649;-0.458766
450;450;2.23649;-0.458766
450;450;0.344338;1.31996
450;450;0.344338;1.31996
450;450;0.516622;0.803635
450;450;0.516622;0.803635
450;450;-0.114944;0.977026
450;450;0.516952;0.459513
450;450;-0.517514;-0.977526
450;450;-0.517514;-0.977526
450;450;-0.861972;1.9538
450;450;-0.57463;-0.229852
450;450;-0.57463;-0.229852
450;450;-0.344756;0.114919
450;450;-0.344756;0.114919
450;450;1.32423;-0.978776
450;450;0.230389;0.921555
450;450;0.230389;0.921555
450;450;-2.00934;-0.975967
450;450;0.85953;0.28651
450;450;-1.43296;-2.00614
450;450;-1.83542;-0.573568
450;450;1.14706;-1.08971
450;450;1.09093;0.689006
450;450;-1.89694;-1.0347
450;450;-1.89694;-1.0347
450;450;-0.690128;0.460086
450;450;-0.690128;0.460086
450;450;-0.690128;0.460086
450;450;1.84223;-0.863543
450;450;1.84223;-0.863543
450;450;2.58196;0.975407
450;450;-1.66139;1.26036
450;450;0.629941;-2.23343
450;450;-2.2942;0.45884
450;450;0.631508;0.0574098
450;450;0.631508;0.0574098
450;450;0.631508;0.0574098
450;450;-1.54696;1.37507
450;450;-1.48938;-1.83308
450;450;0.344119;0.573531
450;450;0.17224;-1.43534
450;450;-1.67037;2.53436
450;450;0.229896;-2.01159
450;450;1.14897;2.18304
450;450;-0.459983;-1.14996
450;450;-0.459983;-1.14996
450;450;-0.978119;-0.632901
450;450;-0.747902;-0.690371
450;450;-0.747902;-0.690371
450;450;1.26302;-0.401869
450;450;-1.60855;-0.172345
450;450;-1.60855;-0.172345
450;450;0.631669;2.00986
450;450;0.631669;2.00986
450;450;-0.746161;-1.66451
450;450;-0.746161;-1.66451
450;450;-0.746161;-1.66451
450;450;1.26645;0.460527
450;450;-1.90278;-0.807239
450;450;-1.90278;-0.807239
450;450;1.61051;1.32292
450;450;-1.43456;0.9755
450;450;-0.172367;-2.64296
450;450;1.77908;-0.975625
450;450;1.77908;-0.975625
450;450;1.77908;-0.975625
450;450;1.20726;-1.43722
450;450;1.20726;-1.43722
450;450;1.20726;-1.43722
450;450;0.805021;0.805021
450;450;-1.84034;-0.575107
450;450;-1.84034;-0.575107
450;450;2.41483;-1.4374
450;450;2.41483;-1.4374
450;450;-2.42141;-2.13314
450;450;-2.42141;-2.13314
450;450;-2.42141;-2.13314
450;450;-0.69203;-0.173007
450;450;1.26852;-0.23064
450;450;-1.09599;-2.36504
450;450;2.35877;-0.517778
450;450;-0.748524;0.690945
450;450;-0.748524;0.690945
450;450;-0.748524;0.690945
450;450;0.461442;-1.61505
450;450;-0.979215;-2.13123
450;450;-1.49399;0.689534
450;450;2.64195;-0.287168
450;450;-2.01152;-0.287361
450;450;-2.01152;-0.287361
450;450;-2.01152;-0.287361
450;450;1.37977;-1.60973
450;450;-0.576267;0.461014
450;450;-0.922027;2.13219
450;450;-0.750709;0.230987
450;450;-1.15497;1.03948
450;450;0.0576987;0.0576987
450;450;2.30352;2.07317
450;450;2.30352;2.07317
450;450;-1.38185;-0.0575769
450;450;-1.38185;-0.0575769
450;450;1.03513;-1.49518
450;450;-0.460439;0.345329
450;450;-1.61334;0.403335
450;450;-0.230603;-1.15301
450;450;-0.230603;-1.15301
450;450;-0.230603;-1.15301
450;450;-1.84034;0.517596
450;450;0.91976;2.18443
450;450;-0.863102;0.748022
450;450;-5.68434e-14;0.230006
450;450;-0.517167;-1.26419
450;450;0.459792;-0.459792
450;450;-0.402871;-0.287765
450;450;-0.402871;-0.287765
450;450;-1.0948;-0.576212
450;450;0.28726;-0.746876
450;450;0.28726;-0.746876
450;450;-0.229683;1.83747
450;450;0.172323;0.172323
450;450;-2.47454;0.115095
450;450;-2.47454;0.115095
450;450;-2.30212;1.38127
450;450;1.49237;-5.68434e-14
450;450;1.49237;-5.68434e-14
450;450;-1.32034;-0.918499
450;450;1.26245;0.745995
450;450;1.26245;0.745995
450;450;-2.35328;-0.975749
450;450;-2.35328;-0.975749
450;450;0.402266;0.287333
450;450;0.402266;0.287333
450;450;0.402266;0.287333
450;450;-1.9553;-0.345053
450;450;-1.9553;-0.345053
450;450;-1.72604;-0.978088
450;450;1.84017;1.89767
450;450;1.84017;1.89767
450;450;-0.804893;-1.78226
450;450;-0.688852;-0.344426
450;450;1.31891;0.974848
450;450;1.31891;0.974848
450;450;0.746185;1.49237
450;450;-0.516738;1.55021
450;450;-1.60706;-0.401766
450;450;-0.344756;1.03427
450;450;2.01275;-0.57507
450;450;-0.862936;0.230116
450;450;1.66904;-0.057553
450;450;-0.575475;1.55378
450;450;-0.46066;0.23033
450;450;-0.46066;0.23033
450;450;1.67005;1.26694
450;450;-0.287756;-1.84164
450;450;-0.287756;-1.84164
450;450;-0.287756;-1.84164
450;450;-2.07065;0.920289
450;450;0.17251;-2.07012
450;450;2.35606;0.229859
450;450;-0.804456;-0.689534
450;450;0.172312;-1.09131
450;450;0.459718;0.747042
450;450;2.99075;-0.115029
450;450;-0.344811;-2.12633
450;450;-0.862798;-0.460159
450;450;-0.459806;2.52894
450;450;-0.459806;2.52894
450;450;2.63976;1.77897
450;450;2.63976;1.77897
450;450;-0.573294;-0.171988
450;450;0.862082;-1.95405
450;450;0.862082;-1.95405
450;450;0.862082;-1.95405
450;450;-1.43639;1.78112
450;450;-5.68434e-14;-0.286903
450;450;2.29595;1.54977
450;450;-0.860763;-0.286921
450;450;-1.03456;-1.03456
450;450;0.23005;-0.977713
450;450;0.23005;-0.977713
450;450;0.23005;-0.977713
450;450;-0.632194;2.069
450;450;-0.632194;2.069
450;450;-1.78306;1.78306
450;450;-1.0348;1.89713
450;450;-0.748117;-1.55378
450;450;1.03589;-0.460395
450;450;-0.921113;-1.55438
450;450;-0.921113;-1.55438
450;450;-0.921113;-1.55438
450;450;0.633022;-2.70473
450;450;0.978495;-2.01455
450;450;0.978495;-2.01455
450;450;0.978495;-2.01455
450;450;-0.057553;1.26617
450;450;0.57507;-0.517563
450;450;0.57507;-0.517563
450;450;-1.26479;-2.18464
450;450;1.49475;0.574905
450;450;-1.20749;-1.09249
450;450;-0.518524;1.44034
450;450;0.518109;0.115135
450;450;0.518109;0.115135
450;450;0.230308;0.7485
450;450;0.230308;0.7485
450;450;1.09417;-1.4397
450;450;-0.172565;-0.575217
450;450;-0.172565;-0.575217
450;450;-0.402639;-1.49552
450;450;-0.402639;-1.49552
450;450;-0.402639;-1.49552
450;450;-0.114893;1.6085
450;450;-0.114893;1.6085
450;450;-0.633853;0.864345
450;450;-0.633853;0.864345
450;450;0.978463;-1.38136
450;450;0.978463;-1.38136
450;450;-2.64178;1.43575
450;450;-2.64178;1.43575
450;450;-2.64178;1.43575
450;450;-1.09302;1.78334
450;450;0.0575456;-0.0575456
450;450;-0.230197;1.95668
450;450;1.09323;-0.230153
450;450;1.09323;-0.230153
450;450;0.805922;-0.287829
450;450;1.03486;0.172477
450;450;-2.07105;0.747878
450;450;-1.14952;-1.03456
450;450;-1.14952;-1.03456
450;450;-1.26435;0.229881
450;450;-1.26435;0.229881
450;450;-1.3208;0.803968
450;450;-1.3208;0.803968
450;450;-2.30116;1.7834
450;450;0.287636;2.41614
450;450;0.287636;2.41614
450;450;-2.12586;-0.517101
450;450;1.26354;-0.402035
450;450;-0.689996;3.16248
450;450;-0.689996;3.16248
450;450;-0.689996;3.16248
450;450;-0.69152;2.18981
450;450;0.749051;-1.38286
450;450;-0.978026;-0.862964
450;450;0.574868;0.689842
450;450;0.402241;0.057463
450;450;-1.43694;-0.919642
450;450;0.976621;-0.172345
450;450;-2.12498;2.23984
450;450;-2.12498;2.23984
450;450;-2.12498;2.23984
450;450;-2.58295;1.72197
450;450;-2.58295;1.72197
450;450;0.804636;1.66675
450;450;0.804636;1.66675
450;450;0.804636;1.66675
450;450;0.918176;0.229544
450;450;-0.689908;-0.97737
450;450;0.459924;2.70205
450;450;0.0574575;0.861862
450;450;0.746637;-1.66558
450;450;1.72301;1.37841
450;450;-2.8129;-0.574062
450;450;-2.8129;-0.574062
450;450;-2.8129;-0.574062
450;450;-0.516985;1.2063
450;450;0.287324;-2.24113
450;450;0.804327;2.70024
450;450;-0.80425;1.83829
450;450;-1.66643;1.26419
450;450;-1.66643;1.26419
450;450;-1.66643;1.26419
450;450;-0.172273;-2.3544
450;450;0.287627;0.402678
450;450;0.518723;1.26799
450;450;0.518723;1.26799
450;450;-1.8397;1.43726
450;450;2.5846;1.43589
450;450;2.5846;1.43589
450;450;-0.172455;0.057485
450;450;-0.172455;0.057485
450;450;-1.08919;1.54779
450;450;-1.03269;-0.8032
450;450;-1.20538;1.32017
450;450;-1.20538;1.32017
450;450;-1.20538;1.32017
450;450;0.114721;-0.516244
450;450;-0.80302;-0.745662
450;450;1.32076;-1.43561
450;450;-0.573988;2.81254
450;450;1.94938;1.20403
450;450;1.94938;1.20403
450;450;0.63181;0.861559
450;450;1.83653;2.06609
450;450;1.83653;2.06609
450;450;-0.919936;-0.057496
450;450;2.47478;0.345318
450;450;2.47478;0.345318
450;450;0.690592;-0.172648
450;450;-2.18415;1.95424
450;450;-0.345528;0.403116
450;450;-0.345528;0.403116
450;450;-0.976683;-0.57452
450;450;-1.26443;2.41391
450;450;-0.518176;0.172725
450;450;0.690481;0.11508
450;450;-1.32877;0.519955
450;450;0.173709;1.85289
450;450;0.173709;1.85289
450;450;-0.288771;-1.67487
450;450;-0.288771;-1.67487
450;450;-0.288771;-1.67487
450;450;1.96037;0.230632
450;450;-0.805819;0.920936
450;450;0.0575144;1.15029
450;450;0.0575144;1.15029
450;450;-0.172913;-1.15276
450;450;0.28759;1.20788
450;450;0.28759;1.20788
450;450;-2.12586;-2.35568
450;450;1.26552;0.977901
450;450;0.345152;-0.690305
450;450;-3.05392;2.76582
450;450;-3.05392;2.76582
450;450;-3.05392;2.76582
450;450;0.919936;-0.344976
450;450;1.83735;1.72251
450;450;1.83735;1.72251
450;450;1.55259;1.26507
450;450;1.55259;1.26507
450;450;-0.747329;1.43717
450;450;0.974258;0.458474
450;450;-3.20922;-0.45846
450;450;0.687274;1.31727
450;450;0.859284;0.229142
450;450;0.859284;0.229142
450;450;0.859284;0.229142
450;450;-1.71824;-0.458197
450;450;0.286091;-1.54489
450;450;-0.1716;-1.8304
450;450;0.229142;0.687427
450;450;0.114725;-1.14725
450;450;2.46784;-1.3774
450;450;-0.977463;2.06992
450;450;0.0575346;-1.72604
450;450;0.0575346;-1.72604
450;450;1.72383;1.09176
450;450;-2.64456;-1.37977
450;450;-2.64456;-1.37977
450;450;1.32169;2.06873
450;450;1.32169;2.06873
450;450;1.94715;-0.171808
450;450;-1.37731;-0.746042
450;450;-1.37731;-0.746042
450;450;-1.37731;-0.746042
450;450;1.2078;-1.38035
450;450;1.2078;-1.38035
450;450;-2.18471;-2.47217
450;450;0.748165;-0.51796
450;450;0.748165;-0.51796
450;450;2.13103;-1.38229
450;450;2.13103;-1.38229
450;450;-0.805587;-0.748045
450;450;-0.805587;-0.748045
450;450;-0.805587;-0.748045
450;450;0.516688;1.49266
450;450;-0.803379;-1.26245
450;450;-0.803379;-1.26245
450;450;0.459117;-1.72169
450;450;-0.516639;0.516639
450;450;-0.516639;0.516639
450;450;-0.516639;0.516639
450;450;-0.402511;0.0575015
450;450;-0.689644;-0.229881
450;450;-0.689644;-0.229881
450;450;-0.689644;-0.229881
450;450;0.632456;2.12735
450;450;0.632456;2.12735
450;450;0.632456;2.12735
450;450;0.862082;1.09197
450;450;0.862082;1.09197
450;450;-0.631972;0.57452
450;450;-0.631972;0.57452
450;450;-0.631972;0.57452
450;450;-1.83741;0.746447
450;450;-1.83741;0.746447
450;450;0.344009;1.89205
450;450;0.344009;1.89205
450;450;-1.14699;-2.35133
450;450;-1.14699;-2.35133
450;450;-1.14699;-2.35133
450;450;-1.43575;-0.11486
450;450;-1.43575;-0.11486
450;450;-0.057463;-0.344778
450;450;-0.057463;-0.344778
450;450;-0.057463;-0.344778
450;450;0.976746;-0.804379
450;450;-1.72471;2.47209
450;450;1.67166;0.576433
450;450;-1.32635;0.173002
450;450;0.575585;0.0575585
450;450;0.575585;0.0575585
450;450;0.575585;0.0575585
450;450;-0.458285;0.801998
450;450;-1.9987;0.342634
450;450;-1.9987;0.342634
450;450;-0.343004;0.85751
450;450;3.37931;0.458212
450;450;1.4917;0.631105
450;450;-0.861175;-0.172235
450;450;-1.26237;0.918089
450;450;-1.26237;0.918089
450;450;-2.52121;-2.29201
450;450;2.06162;1.03081
450;450;2.06162;1.03081
450;450;-0.114637;-1.14637
450;450;-0.114637;-1.14637
450;450;0.689094;0.861367
450;450;0.689094;0.861367
450;450;-1.60901;-0.11493
450;450;-1.31912;2.17942
450;450;2.63866;-2.00768
450;450;0.057344;2.06438
450;450;-1.83782;1.32093
450;450;-1.83782;1.32093
450;450;-1.83782;1.32093
450;450;0.0573988;2.00896
450;450;-1.0346;-0.402344
450;450;-0.229867;1.2068
450;450;-0.517167;0.804482
450;450;-0.574648;-2.1262
450;450;0.172367;-1.60876
450;450;0.804764;1.95443
450;450;0.804764;1.95443
450;450;-2.46799;-1.2053
450;450;-2.46799;-1.2053
450;450;1.37924;0.172405
450;450;1.37924;0.172405
450;450;-0.172571;-2.07085
450;450;0.229669;0.746423
450;450;-1.72224;1.89446
450;450;2.00774;0.401549
450;450;-1.32064;-0.229676
450;450;-0.918586;0.172235
450;450;-1.31778;-2.1199
450;450;0.972802;-1.08725
450;450;-1.37639;-0.573495
450;450;0.517084;-0.0574538
450;450;0.517084;-0.0574538
450;450;2.41584;0.920318
450;450;2.41584;0.920318
450;450;-0.0575604;0.920966
450;450;-0.0575604;0.920966
450;450;1.77681;0.859749
450;450;0.171655;-0.858273
450;450;0.171655;-0.858273
450;450;0.28661;1.31841
450;450;0.28661;1.31841
450;450;0.28661;1.31841
450;450;0.057452;-0.114904
450;450;1.55209;-1.49461
450;450;-1.03615;2.76307
450;450;2.01487;-1.43919
450;450;-2.06886;-1.14937
450;450;0.632012;-1.20657
450;450;-1.43378;-5.68434e-14
450;450;-1.43378;-5.68434e-14
450;450;-1.43378;-5.68434e-14
450;450;0.171638;1.88802
450;450;0.171638;1.88802
450;450;-2.97894;-2.06235
450;450;0.458606;-0.917211
450;450;-0.229288;2.12092
450;450;-0.229288;2.12092
450;450;-0.976341;-1.43579
450;450;2.57597;0.515193
450;450;-1.43314;-1.66245
450;450;-1.43314;-1.66245
450;450;0.630844;1.54844
450;450;0.630844;1.54844
450;450;0.630844;1.54844
450;450;-0.687318;-2.00468
450;450;0.57386;-0.631246
450;450;1.83594;-0.114746
450;450;1.83594;-0.114746
450;450;2.75304;0.860324
450;450;-0.402228;-0.459689
450;450;-0.344558;-0.229705
450;450;0.573403;-0.516063
450;450;-1.72021;-0.630744
450;450;0.746494;-0.229691
450;450;-1.03216;1.77761
450;450;-1.03216;1.77761
450;450;-1.71731;1.77455
450;450;-1.71731;1.77455
450;450;-1.0895;-1.03216
450;450;-1.0895;-1.03216
450;450;-1.0895;-1.03216
450;450;-2.58699;0.229955
450;450;0.172499;1.83999
450;450;0.172499;1.83999
450;450;-0.689666;-1.4368
450;450;-0.517646;-1.26536
450;450;-0.517646;-1.26536
450;450;-0.517646;-1.26536
450;450;-0.401025;-0.74476
450;450;-0.401025;-0.74476
450;450;-2.35621;0.0574685
450;450;-2.35621;0.0574685
450;450;1.60742;1.72224
450;450;0.745377;-1.31874
450;450;0.745377;-1.31874
450;450;-1.83923;1.26447
450;450;-1.83923;1.26447
450;450;0.803891;-0.459366
450;450;0.803891;-0.459366
450;450;0.803891;-0.459366
450;450;0.344987;-2.18492
450;450;-0.863709;0.97887
450;450;-0.863709;0.97887
450;450;-0.746494;0.689072
450;450;-0.229449;0.975158
450;450;-0.229449;0.975158
450;450;0.287186;-0.861559
450;450;1.26447;-1.32194
450;450;1.26447;-1.32194
450;450;-0.803532;0.573952
450;450;-0.229742;1.03384
450;450;-0.229742;1.03384
450;450;-0.229742;1.03384
450;450;-1.26677;-0.287903
450;450;1.77993;1.32059
450;450;1.77993;1.32059
450;450;1.09054;1.03315
450;450;-1.09006;-1.14743
450;450;-1.09006;-1.14743
450;450;0.286629;-5.68434e-14
450;450;2.11889;-1.60349
450;450;1.66372;-0.344217
450;450;1.66372;-0.344217
450;450;1.66372;-0.344217
450;450;-0.287287;2.52813
450;450;-0.287287;2.52813
450;450;0.0574062;-1.66478
450;450;1.37647;0.688237
450;450;1.60584;0.802918
450;450;1.60584;0.802918
450;450;-1.25944;1.60292
450;450;1.43287;0.401203
450;450;1.43287;0.401203
450;450;1.43287;0.401203
450;450;-5.68434e-14;1.54992
450;450;0.573348;-5.68434e-14
450;450;0.917767;0.344163
450;450;-0.976309;-0.5743
450;450;2.23884;1.95181
450;450;-1.20549;-0.574043
450;450;1.26217;-0.286857
450;450;-0.344437;-1.26294
450;450;1.08981;-0.630945
450;450;-0.630703;2.29347
450;450;-0.97712;-0.804687
450;450;-0.97712;-0.804687
450;450;0.45966;0.287287
450;450;0.45966;0.287287
450;450;-0.114739;0.803174
450;450;1.1463;1.89139
450;450;1.1463;1.89139
450;450;-0.859256;0.630121
450;450;0.974227;-2.34961
450;450;-0.286766;1.31912
450;450;-0.286766;1.31912
450;450;0.401549;-1.54883
450;450;-2.63782;0.229376
450;450;-2.63782;0.229376
450;450;0.0573915;-0.631307
450;450;0.0573915;-0.631307
450;450;-0.746852;-0.919202
450;450;-0.746852;-0.919202
450;450;-0.172505;-0.690018
450;450;-2.18848;-5.68434e-14
450;450;-2.18848;-5.68434e-14
450;450;-2.18848;-5.68434e-14
450;450;-0.575475;1.66888
450;450;0.805459;1.84105
450;450;-0.920848;1.32372
450;450;0.803225;-1.83594
450;450;-0.975252;-1.26209
450;450;-0.286948;-1.20518
450;450;1.43301;1.49033
450;450;1.43301;1.49033
450;450;-1.43323;-1.60522
450;450;1.5517;-0.402292
450;450;-1.89646;0.402279
450;450;-1.89646;0.402279
450;450;-0.17246;1.14974
450;450;1.61154;-1.61154
450;450;-1.09505;2.19009
450;450;0.1724;-0.402266
450;450;0.919055;-0.172323
450;450;0.97606;-0.287077
450;450;1.26253;-1.83641
450;450;1.26253;-1.83641
450;450;0.744807;1.71879
450;450;0.744807;1.71879
450;450;0.744807;1.71879
450;450;1.43351;0.0573403
450;450;-1.03239;1.54858
450;450;0.687405;1.83308
450;450;0.80402;-0.45944
450;450;0.80402;-0.45944
450;450;-0.0573714;-0.4016
450;450;-0.0573714;-0.4016
450;450;0.114651;-0.114651
450;450;0.114651;-0.114651
450;450;0.114473;1.31644
450;450;0.114473;1.31644
450;450;1.77585;0.400999
450;450;1.60512;-2.86629
450;450;-0.973669;-1.43187
450;450;0.686815;-0.343407
450;450;0.28651;1.71906
450;450;-0.286738;-1.54839
450;450;-0.286738;-1.54839
450;450;-1.55274;2.5879
450;450;-1.55274;2.5879
450;450;1.09249;-1.60999
450;450;-0.344954;0.517431
450;450;-1.78255;-0.115003
450;450;-0.287691;-1.32338
450;450;-0.517844;-1.496
450;450;-0.517844;-1.496
450;450;-1.03427;2.41329
450;450;0.34491;-0.172455
450;450;0.34491;-0.172455
450;450;-0.632012;0.517101
450;450;-0.574611;-0.0574611
450;450;-0.287609;-0.172565
450;450;0.0575401;1.4385
450;450;1.84211;-0.172698
450;450;1.84211;-0.172698
450;450;1.84211;-0.172698
450;450;-1.83923;-0.114952
450;450;-1.83923;-0.114952
450;450;1.54977;1.60717
450;450;1.54977;1.60717
450;450;0.2863;0.11452
450;450;0.171742;-0.629721
450;450;0.171742;-0.629721
450;450;1.37898;1.09169
450;450;-0.114871;1.32102
450;450;1.31929;-0.172081
450;450;0.860214;0.688172
450;450;-2.00992;-0.344558
450;450;0.459748;-0.459748
450;450;-0.688918;1.03338
450;450;0.401728;-1.83647
450;450;-1.95355;0.344745
450;450;-1.95355;0.344745
450;450;-1.95355;0.344745
450;450;-1.60435;-1.37516
450;450;2.12125;-1.03196
450;450;2.12125;-1.03196
450;450;0.401216;-1.3756
450;450;1.20511;2.18067
450;450;0.0573348;2.35073
450;450;-0.630643;0.45865
450;450;-0.630643;0.45865
450;450;0.459103;0.459103
450;450;-1.83624;0.401677
450;450;-1.83624;0.401677
450;450;2.46713;-2.35238
450;450;-0.114816;-0.229632
450;450;1.49199;1.0903
450;450;0.11467;-1.3187
450;450;0.973143;-0.228975
450;450;0.973143;-0.228975
450;450;0.973143;-0.228975
450;450;-1.54755;-1.14633
450;450;0.915346;1.20139
450;450;0.974879;2.63791
450;450;0.974879;2.63791
450;450;1.09009;0.631105
450;450;1.09009;0.631105
450;450;1.09009;0.631105
450;450;1.72389;-0.287315
450;450;1.72389;-0.287315
450;450;1.72389;-0.287315
450;450;-0.0574446;-0.0574446
450;450;-0.574226;-0.689072
450;450;-5.68434e-14;0.172935
450;450;-0.0576249;-0.691498
450;450;-1.37766;-0.0574025
450;450;-1.37766;-0.0574025
450;450;-1.37766;-0.0574025
450;450;-1.03239;1.49123
450;450;-0.515488;-1.03098
450;450;-0.515488;-1.03098
450;450;-1.08888;-1.14619
450;450;-1.08888;-1.14619
450;450;-2.69714;0.344316
450;450;-1.091;-0.976154
450;450;-1.091;-0.976154
450;450;-1.43745;-0.344987
450;450;-1.43745;-0.344987
450;450;-1.0347;0.91973
450;450;-0.746518;-0.918792
450;450;1.55026;-0.746423
450;450;0.344668;-2.1829
450;450;-0.918762;1.03361
450;450;-0.4601;-0.287563
450;450;-1.26584;1.43846
450;450;-0.689094;-0.689094
450;450;-0.918645;-1.43538
450;450;-0.918645;-1.43538
450;450;0.575034;0.575034
450;450;1.49128;0.688281
450;450;1.49128;0.688281
450;450;0.574905;-0.574905
450;450;-1.77817;-2.00761
450;450;1.31992;-0.114776
450;450;0.287857;0.978714
450;450;0.287857;0.978714
450;450;0.289282;-1.21498
450;450;1.44367;1.15494
450;450;-0.172703;-1.89973
450;450;-2.35673;-2.7591
450;450;1.37845;1.60819
450;450;0.631287;1.43474
450;450;0.631287;1.43474
450;450;-0.91844;1.26285
450;450;0.688896;-1.37779
450;450;0.688896;-1.37779
450;450;1.20453;0.172076
450;450;-1.83565;1.03255
450;450;-1.83565;1.03255
450;450;-1.37617;-1.03213
450;450;-1.37617;-1.03213
450;450;0.459396;0.803943
450;450;0.459396;0.803943
450;450;-1.32296;-1.55304
450;450;-0.345042;0.977619
450;450;-0.345042;0.977619
450;450;0.806464;0.460837
450;450;0.63282;1.03552
450;450;-5.68434e-14;-1.84111
450;450;-1.3796;2.98912
450;450;-1.26463;-1.55205
450;450;-0.460365;-0.805639
450;450;0.23095;0.461901
450;450;1.38468;-0.980816
450;450;1.66797;1.72549
450;450;-1.72609;-1.66856
450;450;2.01597;-1.72797
450;450;-2.07131;0.632901
450;450;-2.07131;0.632901
450;450;0.746375;-0.114827
450;450;-0.861175;-1.09082
450;450;0.860708;1.03285
450;450;1.14553;-1.43191
450;450;1.14553;-1.43191
450;450;-2.23186;-1.20177
450;450;-0.0572947;0.916715
450;450;-2.35088;1.08943
450;450;0.859667;0.229244
450;450;-1.08926;0.515964
450;450;-1.08926;0.515964
450;450;-1.08926;0.515964
450;450;-1.83676;0.0573988
450;450;-1.83676;0.0573988
450;450;0.919202;1.66605
450;450;0.919202;1.66605
450;450;-2.35967;-1.20861
450;450;-2.35967;-1.20861
450;450;-2.35967;-1.20861
450;450;-1.49304;0.746518
450;450;-1.49304;0.746518
450;450;-1.26576;1.09316
450;450;-1.26576;1.09316
450;450;-1.37854;-2.06781
450;450;-1.37854;-2.06781
450;450;-1.37854;-2.06781
450;450;-1.49442;-2.12667
450;450;1.78272;-0.460056
450;450;1.37973;-0.919819
450;450;-1.72538;0.287563
450;450;3.27591;1.72416
450;450;3.27591;1.72416
450;450;3.27591;1.72416
450;450;-0.287544;1.61025
450;450;-0.287544;1.61025
450;450;-0.804225;0.517002
450;450;-0.804225;0.517002
450;450;-0.804225;0.517002
450;450;-1.0902;-1.43447
450;450;0.803737;0.172229
450;450;1.78056;-0.976434
450;450;1.78056;-0.976434
450;450;-1.0902;1.95088
450;450;-0.17251;-1.15007
450;450;-0.17251;-1.15007
450;450;1.66218;-0.286583
450;450;1.66218;-0.286583
450;450;-1.09141;2.35515
450;450;-0.459074;-0.803379
450;450;-1.43621;-1.37876
450;450;0.287379;1.60932
450;450;0.172847;0.518541
450;450;-0.230514;1.67123
450;450;-0.518375;-2.76467
450;450;-0.230006;-1.09253
450;450;1.26604;-5.68434e-14
450;450;0.402382;1.72449
450;450;0.402382;1.72449
450;450;0.402382;1.72449
450;450;0.172543;-0.575144
450;450;0.172543;-0.575144
450;450;0.919965;-1.78243
450;450;0.114673;-2.17879
450;450;-0.975469;-0.745947
450;450;-0.975469;-0.745947
450;450;1.66319;-0.688215
450;450;1.66319;-0.688215
450;450;-1.72725;0.403026
450;450;2.07151;1.66872
450;450;2.07151;1.66872
450;450;-0.978432;-0.402884
450;450;-0.978432;-0.402884
450;450;-0.517927;0.863212
450;450;-1.43938;2.5333
450;450;-0.863157;-1.61123
450;450;0.632254;1.26451
450;450;-0.862165;1.95424
450;450;-0.862165;1.95424
450;450;-1.09201;1.72422
450;450;-0.689292;-1.49347
450;450;-1.83729;1.77987
450;450;0.516837;-0.114853
450;450;0.516837;-0.114853
450;450;0.516837;-0.114853
450;450;1.0346;-1.14955
450;450;2.46823;-1.72202
450;450;2.46823;-1.72202
450;450;2.46823;-1.72202
450;450;0.344261;-0.803276
450;450;-0.918762;0.344536
450;450;-0.918762;0.344536
450;450;1.49389;-1.66627
450;450;1.14933;1.49413
450;450;1.14933;1.49413
450;450;-0.172565;0.460174
450;450;-0.978714;0.575714
450;450;2.13157;-1.55547
450;450;-0.977338;-0.977338
450;450;-0.977338;-0.977338
450;450;-1.78232;0.68993
450;450;-1.78232;0.68993
450;450;0.0573385;-1.31879
450;450;-1.83337;1.31774
450;450;-1.83337;1.31774
450;450;2.01114;-0.0574611
450;450;2.01114;-0.0574611
450;450;1.7826;0.230013
450;450;0.402716;2.07111
450;450;0.402716;2.07111
450;450;-0.748189;1.26617
450;450;-0.517944;1.09344
450;450;-0.517944;1.09344
450;450;-1.49323;-1.2635
450;450;0.859858;1.26113
450;450;0.859858;1.26113
450;450;-0.343998;-0.114666
450;450;-0.0573952;1.72186
450;450;-0.0573952;1.72186
450;450;-0.0573952;1.72186
450;450;-1.14864;0.229727
450;450;-1.66632;2.06853
450;450;-1.66632;2.06853
450;450;-1.66632;2.06853
450;450;-1.43488;0.229581
450;450;1.48999;-0.401152
450;450;0.745258;-1.60517
450;450;0.745258;-1.60517
450;450;-0.230072;0.345108
450;450;0.114963;0.517332
450;450;-0.861504;-0.229735
450;450;-5.68434e-14;-0.747281
450;450;-5.68434e-14;-0.747281
450;450;0.920701;2.30175
450;450;2.30205;-5.68434e-14
450;450;2.30205;-5.68434e-14
450;450;2.30205;-5.68434e-14
450;450;0.229925;0.919701
450;450;-1.26532;2.18555
450;450;-1.26532;2.18555
450;450;-0.920171;-1.15021
450;450;-0.920171;-1.15021
450;450;-0.230035;-1.38021
450;450;-1.49786;-1.20981
450;450;-0.345462;0.7485
450;450;1.03569;0.0575383
450;450;1.61097;-1.15069
450;450;-0.460144;2.64583
450;450;0.459836;0.517315
450;450;1.7224;1.14827
450;450;1.7224;1.14827
450;450;-0.401369;1.72015
450;450;-0.574942;-1.20738
450;450;-0.574942;-1.20738
450;450;2.1838;-2.06886
450;450;2.1838;-2.06886
450;450;0.344921;2.81685
450;450;-0.45944;0.17229
450;450;-0.45944;0.17229
450;450;-0.344921;1.09225
450;450;-0.344921;1.09225
450;450;-0.287839;-0.460542
450;450;-1.38163;1.26649
450;450;-1.38163;1.26649
450;450;0.633772;-2.76555
450;450;2.30684;-1.44178
450;450;2.30684;-1.44178
450;450;2.30684;-1.44178
450;450;1.95893;1.0947
450;450;0.979058;-3.22513
450;450;-0.749339;1.90217
450;450;-0.749339;1.90217
450;450;1.03576;0.345252
450;450;0.804996;0.919995
450;450;0.80479;-2.35688
450;450;1.77942;0.574007
450;450;-0.402177;0.114908
450;450;-1.09208;-1.95424
450;450;-0.919231;1.26394
450;450;1.49294;1.20584
450;450;1.60912;-0.229874
450;450;1.60912;-0.229874
450;450;1.60912;-0.229874
450;450;0.0574887;-1.60968
450;450;-0.748356;-1.03619
450;450;-0.748356;-1.03619
450;450;0.0575696;-1.09382
450;450;-0.40309;-0.921349
450;450;-1.66802;-1.32292
450;450;2.5291;-0.287397
450;450;1.60881;-1.55135
450;450;-1.72609;-0.747974
450;450;0.459718;3.21803
450;450;-0.172554;-2.53079
450;450;-0.172554;-2.53079
450;450;0.920554;0.920554
450;450;0.920554;0.920554
450;450;0.115169;-1.15169
450;450;2.93408;1.43827
450;450;1.89846;2.01352
450;450;1.89846;2.01352
450;450;-1.84087;-0.575272
450;450;1.78175;2.93127
450;450;-3.04622;-0.632234
450;450;-3.04622;-0.632234
450;450;0.229676;0.459352
450;450;-0.976247;0.114853
450;450;0.86429;0.288097
450;450;0.691875;0.807187
450;450;-5.68434e-14;0.977557
450;450;-5.68434e-14;1.03496
450;450;2.29573;2.98445
450;450;2.29573;2.98445
450;450;-0.401677;-1.49194
450;450;-0.401677;-1.49194
450;450;-1.32372;2.01435
450;450;-1.32372;2.01435
450;450;-0.576359;0.115272
450;450;0.806129;1.43952
450;450;0.460115;0.92023
450;450;0.691034;0.345517
450;450;1.15084;-0.172626
450;450;1.15084;-0.172626
450;450;0.287691;-1.03569
450;450;0.287691;-1.03569
450;450;0.287691;-1.03569
450;450;0.976652;0.517051
450;450;-1.77761;2.179
450;450;-1.77761;2.179
450;450;-2.12207;0.688237
450;450;-0.45862;-0.917241
450;450;-0.45862;-0.917241
450;450;1.32034;1.43515
450;450;0.517629;2.07052
450;450;-0.344756;-3.1028
450;450;-0.344756;-3.1028
450;450;0.345263;-1.38105
450;450;0.4021;1.26374
450;450;2.52885;-0.229896
450;450;2.4665;0.458883
450;450;-0.2295;-2.69663
450;450;-0.2295;-2.69663
450;450;-0.2295;-2.69663
450;450;-0.575456;0.978276
450;450;1.49566;0.517729
450;450;-1.78118;0.287287
450;450;1.20966;-0.172808
450;450;1.20966;-0.172808
450;450;1.32609;-2.24859
450;450;1.32609;-2.24859
450;450;1.32605;0.634198
450;450;1.32605;0.634198
450;450;1.32605;0.634198
450;450;-0.0575493;2.07178
450;450;-0.230529;-0.922116
450;450;-1.03798;0.980313
450;450;2.07569;-0.172974
450;450;2.07569;-0.172974
450;450;0.923328;-0.519372
450;450;0.460866;0.921732
450;450;0.460866;0.921732
450;450;-0.345307;0.690614
450;450;-0.345307;0.690614
450;450;0.804738;-1.49451
450;450;-0.344888;-1.89688
450;450;-1.0346;-1.89676
450;450;0.690327;1.15054
450;450;0.690327;1.15054
450;450;0.4021;1.09141
450;450;0.4021;1.09141
450;450;0.4021;1.09141
450;450;0.0573842;0.114768
450;450;0.0573842;0.114768
450;450;-0.459044;0.516425
450;450;-0.459044;0.516425
450;450;3.32945;1.95175
450;450;3.32945;1.95175
450;450;-1.5518;1.78169
450;450;1.03556;-0.287655
450;450;-1.38092;-1.2083
450;450;-1.38092;-1.2083
450;450;-1.38092;-1.2083
450;450;-0.862964;-1.55333
450;450;-0.862964;-1.55333
450;450;-1.38459;-1.44228
450;450;-1.38459;-1.44228
450;450;1.84276;-0.403103
450;450;-0.747854;-0.402691
450;450;-0.747854;-0.402691
450;450;1.83811;0.516969
450;450;0.344778;-0.804482
450;450;-2.30058;0.172543
450;450;-2.30058;0.172543
450;450;-0.114805;2.75532
450;450;-0.114805;2.75532
450;450;-0.114805;2.75532
450;450;-1.55832;-1.21202
450;450;-1.55832;-1.21202
450;450;-2.41808;0.690879
450;450;-2.41808;0.690879
450;450;2.52974;-0.517448
450;450;2.52974;-0.517448
450;450;1.0911;1.83764
450;450;-0.6896;1.14933
450;450;1.55249;0.747496
450;450;-0.634239;-0.807213
450;450;-1.78443;-0.0575622
450;450;-1.78443;-0.0575622
450;450;-1.78443;-0.0575622
450;450;-0.747759;-0.977838
450;450;-2.30536;-0.403439
450;450;-2.30536;-0.403439
450;450;-2.30536;-0.403439
450;450;0.403296;1.03705
450;450;0.403464;1.49858
450;450;-0.461117;1.55627
450;450;0.866731;-1.79124
450;450;-0.635195;1.73235
450;450;-0.173157;0.115438
450;450;-0.173157;0.115438
450;450;-0.173157;0.115438
450;450;-1.78987;0.981539
450;450;-0.63361;1.38242
450;450;0.345495;-0.575825
450;450;-2.81874;-0.862881
450;450;1.60742;-0.172224
450;450;1.60742;-0.172224
450;450;1.60742;-0.172224
450;450;-1.32554;-2.36292
450;450;1.90199;-1.38326
450;450;1.90199;-1.38326
450;450;-0.691609;1.78666
450;450;1.26346;0.40201
450;450;1.26346;0.40201
450;450;-0.863875;-1.20942
450;450;-0.863875;-1.20942
450;450;2.24636;0.57599
450;450;-0.921732;0.921732
450;450;2.13096;0.0575935
450;450;-0.28829;0.345948
450;450;0.691321;0.748931
450;450;0.691321;0.748931
450;450;0.691321;0.748931
450;450;2.35576;0.22983
450;450;0.977276;1.09225
450;450;-2.24766;-2.30529
450;450;2.65015;-0.748955
450;450;2.65015;-0.748955
450;450;-0.518923;0.864871
450;450;-0.518923;0.864871
450;450;-0.575493;0.287747
450;450;-0.634523;-0.692207
450;450;-1.26884;0.346048
450;450;-1.26884;0.346048
450;450;0.518624;0.518624
450;450;0.518624;0.518624
450;450;0.518624;0.518624
450;450;-0.403077;0.115165
450;450;-2.18848;-2.0733
450;450;-1.03629;0.287857
450;450;-0.229867;1.5516
450;450;-0.0574007;0.401805
450;450;-1.6652;1.20584
450;450;-1.78084;1.14893
450;450;-1.78084;1.14893
450;450;0.172538;0.23005
450;450;0.172538;0.23005
450;450;-0.691012;-1.20927
450;450;-0.691012;-1.20927
450;450;-2.7062;1.49705
450;450;-0.460748;-1.72781
450;450;-1.78666;0.403439
450;450;-1.78683;-1.21043
450;450;-5.68434e-14;0.115047
450;450;-0.344866;0.172433
450;450;0.748117;-1.95661
450;450;2.30131;-0.978057
450;450;-2.76272;0.230227
450;450;-1.67091;-0.46094
450;450;1.03725;0.230499
450;450;1.03539;-0.632739
450;450;0.0575861;-0.115172
450;450;0.863709;-0.230322
450;450;-0.459718;2.81578
450;450;-1.38052;-1.66813
450;450;0.748093;-1.84146
450;450;0.05743;0.40201
450;450;1.43589;2.01024
450;450;-1.03282;-1.37709
450;450;-0.632234;1.09204
450;450;0.862275;-2.2994
450;450;-0.689534;0.51715
450;450;-0.517101;-0.976746
450;450;0.746494;0.172268
450;450;2.0073;-1.54848
450;450;-0.057408;0.172224
450;450;1.32064;0.631609
450;450;-0.11504;1.26544
450;450;-0.11504;1.26544
450;450;0.978933;-1.66994
450;450;0.978933;-1.66994
450;450;1.32435;0.633387
450;450;1.32435;0.633387
450;450;0.921644;-0.979246
450;450;-0.921703;2.53468
450;450;-0.921703;2.53468
450;450;-0.575714;-1.43929
450;450;-0.575714;-1.43929
450;450;0.97909;0.345561
450;450;0.97909;0.345561
450;450;-0.69141;-2.6504
450;450;-1.44228;-1.3269
450;450;-1.78643;-1.09491
450;450;2.59644;-0.173096
450;450;-1.6745;0.635154
450;450;-1.6745;0.635154
450;450;-0.288226;-2.4211
450;450;-2.76599;-0.11525
450;450;1.26787;0.403413
450;450;1.4403;-2.59254
450;450;0.344547;1.78016
450;450;0.861037;-0.746232
450;450;-0.862936;-0.517762
450;450;-0.862936;-0.517762
450;450;-0.862936;-0.517762
450;450;-5.68434e-14;1.38353
450;450;-5.68434e-14;1.38353
450;450;1.09561;0.576636
450;450;1.90083;-1.49762
450;450;1.90083;-1.49762
450;450;1.90083;-1.49762
450;450;0.22983;-1.43644
450;450;-0.230271;2.76325
450;450;-0.230271;2.76325
450;450;-0.230463;0.633772
450;450;-1.60922;-5.68434e-14
450;450;-1.60922;-5.68434e-14
450;450;-1.60922;-5.68434e-14
450;450;-2.69852;1.55021
450;450;0.975874;0.516639
450;450;-0.172576;-0.690305
450;450;-5.68434e-14;0.57419
450;450;-1.20645;-0.402151
450;450;-0.51687;-2.18234
450;450;-0.632941;0.517861
450;450;0.977495;-1.37999
450;450;1.89767;-1.1501
450;450;1.89767;-1.1501
450;450;-0.114944;1.0345
450;450;-0.114944;1.0345
450;450;1.14798;2.46815
450;450;1.14798;2.46815
450;450;-0.862;1.5516
450;450;-1.0345;1.55175
450;450;1.09312;0.287664
450;450;1.09312;0.287664
450;450;-0.287894;0.0575788
450;450;2.58765;-1.43758
450;450;0.804353;2.06834
450;450;0.804353;2.06834
450;450;-1.55071;1.66558
450;450;-1.55071;1.66558
450;450;0.978182;0.805562
450;450;-0.402601;-0.115029
450;450;-0.402601;-0.115029
450;450;-0.402601;-0.115029
450;450;-0.4601;0.23005
450;450;2.35613;1.49413
450;450;2.35613;1.49413
450;450;-0.459748;-0.74709
450;450;0.863847;0.748668
450;450;0.863847;0.748668
450;450;-0.287903;0.863709
450;450;-0.287903;0.863709
450;450;0.0575199;0.11504
450;450;-0.230205;-0.0575512
450;450;2.41862;1.43965
450;450;0.402781;1.78374
450;450;-1.09561;-1.72991
450;450;-1.15194;0.691166
450;450;1.55299;-1.43795
450;450;1.55299;-1.43795
450;450;-0.575199;1.61056
450;450;-0.575199;1.61056
450;450;1.8377;0.631709
450;450;1.8377;0.631709
450;450;0.402781;-0.632941
450;450;0.402781;-0.632941
450;450;1.49676;-1.84217
450;450;-0.345263;0.402807
450;450;-0.345263;0.402807
450;450;-1.15003;0.115003
450;450;0.575401;-0.690481
450;450;0.575401;-0.690481
450;450;-0.172687;0.345373
450;450;-0.172687;0.345373
450;450;-0.460763;-2.07343
450;450;-0.460763;-2.07343
450;450;1.61154;-2.58997
450;450;-0.172659;0.748189
450;450;-0.230153;0.172615
450;450;-0.0575236;-0.977901
450;450;0.402189;-1.95349
450;450;2.0682;-5.68434e-14
450;450;-0.574556;-1.83858
450;450;0.0575089;0.287544
450;450;0.0575089;0.287544
450;450;-0.689996;0.632496
450;450;-0.689996;0.632496
450;450;0.517051;0.402151
450;450;-0.0574263;2.06735
450;450;2.12491;-0.976309
450;450;2.12491;-0.976309
450;450;2.12491;-0.976309
450;450;-0.574795;1.9543
450;450;-0.978432;1.03599
450;450;-0.978432;1.03599
450;450;-0.978432;1.03599
450;450;-0.633265;-1.26653
450;450;2.47684;2.01603
450;450;2.47684;2.01603
450;450;1.26552;-0.80533
450;450;-2.36028;1.38163
450;450;-1.3233;-1.61097
450;450;-0.0575935;-0.921496
450;450;-0.0575935;-0.921496
450;450;-0.0575935;-0.921496
450;450;-0.403413;2.13232
450;450;2.0739;-0.633691
450;450;2.0739;-0.633691
450;450;2.0739;-0.633691
450;450;-0.516738;-0.401907
450;450;-0.114845;0.689072
450;450;-0.114845;0.689072
450;450;-0.689556;-0.057463
450;450;1.37863;-1.26374
450;450;-1.78374;-1.4385
450;450;0.460233;-3.45174
450;450;0.460233;-3.45174
450;450;-0.861642;-1.14886
450;450;-0.746756;-1.43607
450;450;0.230227;0.633123
450;450;0.230227;0.633123
450;450;-0.516985;1.55096
450;450;-0.516985;1.55096
450;450;-0.516985;1.55096
450;450;0.865453;-2.07709
450;450;0.865453;-2.07709
450;450;-1.15724;0.752205
450;450;-1.15724;0.752205
450;450;-1.15724;0.752205
450;450;-1.56157;-0.925375
450;450;-0.17298;0.691919
450;450;0.862495;0.402498
450;450;0.862495;0.402498
450;450;-2.24234;1.03493
450;450;-2.24234;1.03493
450;450;-2.24234;1.03493
450;450;-0.402755;-0.747974
450;450;-0.402755;-0.747974
450;450;1.03466;0.402369
450;450;0.517646;0.977776
450;450;2.53801;-1.26901
450;450;-1.3258;2.47866
450;450;-0.0575512;0.172653
450;450;1.15025;0.575125
450;450;1.32355;-0.0575456
450;450;-1.67133;2.36292
450;450;1.49666;1.26641
450;450;1.49666;1.26641
450;450;0.691166;-0.979152
450;450;0.691166;-0.979152
450;450;-1.03818;1.32656
450;450;-1.03818;1.32656
450;450;-1.03818;1.32656
450;450;-1.03818;1.32656
450;450;-2.01571;0.460733
450;450;0.806335;0.287977
450;450;0.806335;0.287977
450;450;-1.15253;-0.461014
450;450;-2.24285;0.0575089
450;450;-2.24285;0.0575089
450;450;1.03605;1.26629
450;450;-1.95768;1.95768
450;450;-5.68434e-14;-0.115239
450;450;0.518773;-0.576415
450;450;1.38286;-1.09477
450;450;-1.15423;1.26966
450;450;0.173603;1.90963
450;450;0.0577543;1.32835
450;450;-1.50214;1.03994
450;450;0.347038;0.751915
450;450;-1.21358;1.6759
450;450;0.115025;-0.575125
450;450;0.574446;-0.172334
450;450;-1.43342;2.23613
450;450;0.344174;1.20461
450;450;2.17838;-0.171977
450;450;2.17838;-0.171977
450;450;2.40776;1.94914
450;450;0.630021;0.0572746
450;450;-0.687887;-0.171972
450;450;-1.72059;-1.49118
450;450;0.401472;-2.35148
450;450;-5.68434e-14;0.974537
450;450;2.69131;1.77512
450;450;-0.171911;2.29215
450;450;1.31908;-2.40875
450;450;2.0657;-0.114761
450;450;2.0657;-0.114761
450;450;1.66425;-1.03298
450;450;-1.43433;-0.344239
450;450;-1.43433;-0.344239
450;450;-1.43433;-0.344239
450;450;0.286492;1.94814
450;450;-1.94734;-2.34826
450;450;-1.94734;-2.34826
450;450;-1.94734;-2.34826
450;450;-1.94734;-2.34826
450;450;2.4596;-1.144
450;450;2.4596;-1.144
450;450;1.09006;-1.49166
450;450;-0.574556;0.574556
450;450;-0.574556;0.574556
450;450;0.517183;0.861972
450;450;-0.459718;0.172394
450;450;-0.51753;-0.632537
450;450;1.20993;-0.172847
450;450;-1.83964;-1.32224
450;450;-1.83964;-1.32224
450;450;-1.83964;-1.32224
450;450;-0.402922;-1.09365
450;450;1.26467;1.83952
450;450;1.26467;1.83952
450;450;-0.172455;0.34491
450;450;0.573586;0.745662
450;450;0.573586;0.745662
450;450;-0.91885;-0.172284
450;450;-0.91885;-0.172284
450;450;1.55071;0.746637
450;450;-1.84453;-1.26811
450;450;-2.18569;-0.920289
450;450;-2.18569;-0.920289
450;450;1.49471;-1.14977
450;450;1.49471;-1.14977
450;450;-0.805176;-1.43781
450;450;-0.805176;-1.43781
450;450;-1.78346;0.0575309
450;450;-1.78346;0.0575309
450;450;-0.748524;0.518209
450;450;-0.748524;0.518209
450;450;0.287968;-0.403155
450;450;0.287968;-0.403155
450;450;-3.39324;-1.20776
450;450;-3.39324;-1.20776
450;450;-0.690261;-0.805304
450;450;1.20792;1.1504
450;450;1.20718;-2.81676
450;450;-0.402369;0.344888
450;450;0.861642;1.95306
450;450;-0.344481;0.459308
450;450;-0.690106;-0.345053
450;450;1.66818;-0.172571
450;450;-0.575107;1.43777
450;450;-0.803353;-0.860736
450;450;-0.803609;1.14801
450;450;-1.66632;1.14919
450;450;1.14787;-5.68434e-14
450;450;1.14787;-5.68434e-14
450;450;1.14787;-5.68434e-14
450;450;-0.574868;-2.29947
450;450;1.03453;0.517266
450;450;-1.49061;-1.14662
450;450;-1.49061;-1.14662
450;450;-0.807316;0.518989
450;450;-0.807316;0.518989
450;450;-0.807316;0.518989
450;450;-0.517745;0.460218
450;450;-0.517745;0.460218
450;450;-0.748069;-1.89895
450;450;-0.748069;-1.89895
450;450;-0.690746;-2.1298
450;450;-0.690746;-2.1298
450;450;-0.690746;-2.1298
450;450;0.172653;2.07184
450;450;0.172653;2.07184
450;450;0.172653;2.07184
450;450;-0.230102;0.74783
450;450;0.632416;0.459939
450;450;0.632416;0.459939
450;450;1.5519;1.26451
450;450;1.5519;1.26451
450;450;2.24027;1.95306
450;450;2.24027;1.95306
450;450;-3.68339;-2.87765
450;450;-3.68339;-2.87765
450;450;-3.68339;-2.87765
450;450;1.4917;-1.31958
450;450;-0.861285;1.14838
450;450;-0.919965;-0.574978
450;450;1.26665;0.863626
450;450;0.805639;-1.78391
450;450;1.8981;2.30072
450;450;-2.00998;-2.46941
450;450;-2.00998;-2.46941
450;450;-1.20738;-0.114988
450;450;-1.20738;-0.114988
450;450;0.344382;-2.35328
450;450;-0.573696;-0.229478
450;450;2.57851;2.06281
450;450;-2.06281;1.0887
450;450;1.03222;-1.14692
450;450;1.03222;-1.14692
450;450;1.03222;-1.14692
450;450;1.03222;-1.14692
450;450;-0.401613;-1.37696
450;450;-0.401613;-1.37696
450;450;0.803174;0.573696
450;450;0.803174;0.573696
450;450;0.746876;1.60865
450;450;0.746876;1.60865
450;450;0.746876;1.60865
450;450;1.66303;0.344075
450;450;-0.45865;0.286656
450;450;-0.45865;0.286656
450;450;-1.89217;1.03209
450;450;-1.89217;1.03209
450;450;-0.45922;-0.45922
450;450;-0.45922;-0.45922
450;450;0.745021;-0.458474
450;450;0.745021;-0.458474
450;450;0.745021;-0.458474
450;450;-1.43396;1.72076
450;450;-1.43396;1.72076
450;450;-1.37801;2.0096
450;450;0.919525;-2.06893
450;450;0.689952;0.344976
450;450;0.689952;0.344976
450;450;0.689952;0.344976
450;450;-0.287407;-0.689776
450;450;0.0574832;0.0574832
450;450;0.0574832;0.0574832
450;450;-0.631609;-0.861285
450;450;-2.41398;-1.03456
450;450;2.47739;1.44034
450;450;2.47739;1.44034
450;450;-1.84541;1.78774
450;450;-1.84541;1.78774
450;450;-0.633508;-0.287958
450;450;1.72532;1.26524
450;450;-0.0575972;1.49753
450;450;-0.0575972;1.49753
450;450;0.288549;-1.789
450;450;-2.59719;-1.73146
450;450;-2.59719;-1.73146
450;450;-1.55567;-0.92188
450;450;-1.55567;-0.92188
450;450;-1.55567;-0.92188
450;450;-0.633123;-2.35982
450;450;-0.633123;-2.35982
450;450;-0.633123;-2.35982
450;450;-2.23898;-1.09079
450;450;-1.89356;0.975469
450;450;-0.401894;0.401894
450;450;-0.401894;0.401894
450;450;-3.05089;2.64795
450;450;-0.690746;0.51806
450;450;0.11515;-1.8424
450;450;-0.804225;1.034
450;450;-0.402523;-1.09256
450;450;-0.402523;-1.09256
450;450;0.401869;-0.574098
450;450;0.401869;-0.574098
450;450;1.3788;-0.344701
450;450;0.746709;-1.55086
450;450;0.746709;-1.55086
450;450;-0.574575;-2.12593
450;450;-1.77942;-0.975811
450;450;-1.15231;-0.288078
450;450;2.65125;0.979811
450;450;-0.80667;-0.403335
450;450;0.574501;0.976652
450;450;-1.55219;-2.47201
450;450;-1.55219;-2.47201
450;450;-1.55219;-2.47201
450;450;0.172554;1.49547
450;450;0.172554;1.49547
450;450;-0.976123;1.2058
450;450;-0.976123;1.2058
450;450;2.18011;0.573714
450;450;-5.68434e-14;1.20415
450;450;-5.68434e-14;1.20415
450;450;-5.68434e-14;1.20415
450;450;-0.51682;-2.00986
450;450;-0.51682;-2.00986
450;450;0.57302;-0.515718
450;450;-1.14648;1.89169
450;450;1.49242;0.803609
450;450;-0.287269;-1.32144
450;450;-0.402035;0.918938
450;450;-0.0573623;2.00768
450;450;-1.54952;-1.60691
450;450;2.58394;-1.49294
450;450;-0.0575309;-0.862964
450;450;-0.68883;1.49246
450;450;0.86005;-0.17201
450;450;1.95212;1.95212
450;450;1.95212;1.95212
450;450;-2.52668;1.03364
450;450;-0.51801;-1.20869
450;450;-0.51801;-1.20869
450;450;-0.51801;-1.20869
450;450;-0.92129;-0.172742
450;450;0.805381;-0.575272
450;450;0.805381;-0.575272
450;450;1.89913;-0.345296
450;450;0.460262;0.0575328
450;450;0.460262;0.0575328
450;450;0.460262;0.0575328
450;450;1.15058;-0.690349
450;450;1.72466;2.06959
450;450;0.516787;-1.43552
450;450;-0.517414;0.229962
450;450;-0.517414;0.229962
450;450;-0.517414;0.229962
450;450;-2.0653;-0.745804
450;450;0.344679;0.746804
450;450;0.344679;0.746804
450;450;0.688786;0.286994
450;450;0.688786;0.286994
450;450;1.72328;1.49351
450;450;2.35395;-0.746375
450;450;0.516557;0.516557
450;450;2.64186;2.06754
450;450;1.32393;2.64786
450;450;1.32393;2.64786
450;450;-0.230168;-1.61117
450;450;2.58262;-0.0573915
450;450;-0.114582;0.343746
450;450;0.400655;2.86182
450;450;-1.48654;-0.514571
450;450;-1.48654;-0.514571
450;450;-1.48654;-0.514571
450;450;2.57196;0.971628
450;450;2.57196;0.971628
450;450;-0.286619;-0.458591
450;450;-0.974879;-1.14692
450;450;-0.40201;0.34458
450;450;-0.403;2.70586
450;450;0.919525;1.20688
450;450;-0.516853;1.32085
450;450;-0.516853;1.32085
450;450;-0.574538;-0.574538
450;450;2.29698;0.114849
450;450;-0.688391;-2.46673
450;450;-0.688391;-2.46673
450;450;-1.66589;0.229779
450;450;0.573915;1.66435
450;450;0.573915;1.66435
450;450;1.66504;1.09089
450;450;1.66504;1.09089
450;450;-0.460424;0.978401
450;450;0.692629;-0.288595
450;450;-0.345926;-0.691853
450;450;1.55742;1.90351
450;450;-0.576488;-2.01771
450;450;-1.61236;0.633427
450;450;-1.61236;0.633427
450;450;-0.460645;0.345484
450;450;0.459381;2.46917
450;450;-5.68434e-14;-0.575512
450;450;2.12688;0.747281
450;450;-1.14904;-2.35553
450;450;-1.14904;-2.35553
450;450;-1.32237;0.172483
450;450;-1.32237;0.172483
450;450;1.55185;-1.03456
450;450;-0.862192;0.172438
450;450;-0.862192;0.172438
450;450;0.114801;-0.287003
450;450;0.114801;-0.287003
450;450;2.06307;0.744997
450;450;2.06307;0.744997
450;450;2.06307;0.744997
450;450;-0.973762;-0.343681
450;450;-0.515882;-0.343921
450;450;1.20376;0.974475
450;450;1.20376;0.974475
450;450;-0.458664;1.26133
450;450;-1.54952;0.286948
450;450;-1.54952;0.286948
450;450;2.17893;-0.458723
450;450;-1.43424;-1.20476
450;450;-0.801871;-1.48919
450;450;-1.60395;2.23407
450;450;1.77817;-1.20457
450;450;-0.115139;1.78466
450;450;-0.115139;1.78466
450;450;1.72527;-0.115018
450;450;1.72527;-0.115018
450;450;-0.631689;-1.20595
450;450;2.58336;1.83706
450;450;2.58336;1.83706
450;450;1.78169;-0.86211
450;450;0.919877;0.0574923
450;450;-0.574905;-0.287452
450;450;-0.574905;-0.287452
450;450;0.632577;-2.24277
450;450;0.689358;0.229786
450;450;0.689358;0.229786
450;450;0.0574575;1.09169
450;450;0.574942;1.66733
450;450;0.517613;-0.4601
450;450;0.517613;-0.4601
450;450;0.517613;-0.4601
450;450;2.18345;0.344756
450;450;-0.288023;3.39867
450;450;2.07436;0.403348
450;450;0.806232;1.03658
450;450;-0.172863;-1.26767
450;450;1.03665;1.26702
450;450;0.287526;-0.345031
450;450;0.919466;1.724
450;450;0.919466;1.724
450;450;0.803994;1.95256
450;450;0.803994;1.95256
450;450;1.03384;-0.172306
450;450;-0.229647;-1.77976
450;450;-0.229647;-1.77976
450;450;-0.172081;-0.172081
450;450;1.54947;-0.80343
450;450;-1.31748;0.28641
450;450;0.172164;-0.80343
450;450;2.74883;-2.11889
450;450;-1.71726;1.03035
450;450;3.20391;0.800978
450;450;3.20391;0.800978
450;450;-2.69165;-1.54627
450;450;-2.69165;-1.54627
450;450;-2.69165;-1.54627
450;450;1.95412;0.459792
450;450;-0.344481;0.918616
450;450;-0.344481;0.918616
450;450;-0.804816;0.919789
450;450;-0.746709;1.66573
450;450;-0.746709;1.66573
450;450;-1.83752;-0.918762
450;450;0.459103;0.229551
450;450;-2.00717;-2.63799
450;450;-2.00717;-2.63799
450;450;-0.28682;1.14728
450;450;-0.28682;1.14728
450;450;0.401638;-1.83606
450;450;0.401638;-1.83606
450;450;1.60824;0.63181
450;450;1.60824;0.63181
450;450;-0.63177;1.89531
450;450;0.229757;-2.41244
450;450;0.172637;-0.345274
450;450;-0.748141;1.32363
450;450;1.4937;1.149
450;450;-1.03334;-2.75558
450;450;0.172175;-0.74609
450;450;0.172175;-0.74609
450;450;0.172175;-0.74609
450;450;1.37525;1.60446
450;450;-1.77687;0.687821
450;450;1.20369;-0.859776
450;450;-1.60415;0.057291
450;450;-1.60415;0.057291
450;450;0.802356;1.37547
450;450;-1.66925;0.978526
450;450;-1.66925;0.978526
450;450;1.09138;-0.114882
450;450;1.09138;-0.114882
450;450;-0.0573952;0.688742
450;450;-0.0573952;0.688742
450;450;-0.0573952;0.688742
450;450;-0.97522;0.229464
450;450;1.31858;0.229317
450;450;1.31858;0.229317
450;450;-0.22942;-2.63833
450;450;-0.22942;-2.63833
450;450;-0.114787;-1.09047
450;450;0.57302;1.31795
450;450;-1.43219;0.343724
450;450;-1.43219;0.343724
450;450;-1.43219;0.343724
450;450;1.7212;0.975345
450;450;1.7212;0.975345
450;450;-0.860516;-0.172103
450;450;1.1464;-1.1464
450;450;1.1464;-1.1464
450;450;1.20653;1.83852
450;450;-1.32359;1.38114
450;450;-0.172681;0.978526
450;450;-0.172681;0.978526
450;450;1.83799;-1.03387
450;450;1.09134;-0.68927
450;450;1.09134;-0.68927
450;450;0.11475;1.20488
450;450;0.11475;1.20488
450;450;0.172202;-0.918411
450;450;0.172202;-0.918411
450;450;-1.54809;-0.0573367
450;450;-1.54809;-0.0573367
450;450;-1.54809;-0.0573367
450;450;-2.12355;1.43483
450;450;1.03321;-1.95162
450;450;-2.0655;-1.836
450;450;1.20634;0.976559
450;450;1.20634;0.976559
450;450;-0.690415;-1.03562
450;450;-0.690415;-1.03562
450;450;-0.690415;-1.03562
450;450;-0.575107;-1.03519
450;450;1.61081;-0.747878
450;450;-1.66675;-0.977058
450;450;-1.66675;-0.977058
450;450;-0.17251;1.49509
450;450;-0.17251;1.49509
450;450;-0.17251;1.49509
450;450;-1.14911;-0.287278
450;450;1.83858;-2.5855
450;450;1.83858;-2.5855
450;450;0.745899;1.83606
450;450;2.52081;-0.859366
450;450;1.4899;-2.00563
450;450;1.4899;-2.00563
450;450;-1.03176;-0.630523
450;450;-1.03176;-0.630523
450;450;-0.803866;-0.976123
450;450;-0.803814;-0.803814
450;450;0.22972;1.49318
450;450;0.22972;1.49318
450;450;0.22972;1.49318
450;450;-1.20491;1.26229
450;450;-1.20491;1.26229
450;450;-2.46666;1.77829
450;450;-2.46666;1.77829
450;450;2.23784;1.72142
450;450;-1.7207;-1.89277
450;450;-0.057302;-0.057302
450;450;-0.0574153;0.746399
450;450;-0.0574153;0.746399
450;450;-0.0574153;0.746399
450;450;2.93127;2.70136
450;450;2.93127;2.70136
450;450;-0.115088;-1.49614
450;450;-0.115088;-1.49614
450;450;-0.115088;-1.49614
450;450;-0.919907;0.862413
450;450;-0.057441;0.861614
450;450;0.86222;1.03466
450;450;0.86222;1.03466
450;450;-1.20711;-2.06933
450;450;-1.20711;-2.06933
450;450;0.517068;-0.28726
450;450;0.517068;-0.28726
450;450;0.977901;1.03542
450;450;3.15472;-2.81057
450;450;3.15472;-2.81057
450;450;-1.03311;0.573952
450;450;1.43589;-1.26358
450;450;0.575898;-1.32457
450;450;0.230345;-0.575861
450;450;0.230345;-0.575861
450;450;0.573952;1.77925
450;450;-1.20888;1.26645
450;450;-1.20888;1.26645
450;450;0.747019;-1.37911
450;450;0.747019;-1.37911
450;450;0.172913;-1.15276
450;450;-0.402871;1.43882
450;450;0.921084;-0.460542
450;450;0.921084;-0.460542
450;450;-2.18827;2.01551
450;450;-2.18827;2.01551
450;450;2.98436;-1.26261
450;450;0.171999;0.401331
450;450;0.171999;0.401331
450;450;0.229647;0.229647
450;450;0.229647;0.229647
450;450;0.229647;0.229647
450;450;-0.171911;-0.343823
450;450;-0.171911;-0.343823
450;450;1.88712;-1.71556
450;450;-1.25964;2.11849
450;450;-1.25964;2.11849
450;450;-2.11278;0.456816
450;450;-1.26197;-0.0573623
450;450;1.03499;0.172499
450;450;1.03499;0.172499
450;450;2.64102;-0.0574135
450;450;-0.172444;-1.09215
450;450;-5.68434e-14;1.37766
450;450;-5.68434e-14;1.37766
450;450;-5.68434e-14;-0.861862
450;450;0.287122;0.114849
450;450;-0.688237;2.23677
450;450;-0.688237;2.23677
450;450;0.97578;-0.97578
450;450;0.97578;-0.97578
450;450;0.97578;-0.97578
450;450;2.4136;0.459733
450;450;0.631508;1.95193
450;450;-1.83635;-1.49204
450;450;-1.83635;-1.49204
450;450;-2.12119;-0.401306
450;450;-2.12119;-0.401306
450;450;0.1716;-2.5168
450;450;0.858819;-5.68434e-14
450;450;0.917708;1.60599
450;450;0.917708;1.60599
450;450;-1.20661;-1.60881
450;450;-1.20661;-1.60881
450;450;0.287168;-0.63177
450;450;0.920524;0.0575328
450;450;-0.692296;1.26921
450;450;1.26762;0.403335
450;450;0.747735;2.07065
450;450;0.918235;2.41037
450;450;-1.20572;-5.68434e-14
450;450;0.400655;-0.80131
450;450;-1.25992;-1.88988
450;450;1.2043;2.12186
450;450;-2.81021;-2.2367
450;450;0.229347;2.06412
450;450;0.34469;1.43621
450;450;0.34469;1.43621
450;450;0.34469;1.43621
450;450;-0.228931;1.88868
450;450;0.6291;-1.20101
450;450;0.6291;-1.20101
450;450;1.54568;-0.973204
450;450;-2.12532;0.229764
450;450;-2.12532;0.229764
450;450;-1.72065;2.46626
450;450;0.114849;1.95243
450;450;0.114849;1.95243
450;450;0.114849;1.95243
450;450;1.71884;-0.687536
450;450;-2.17949;2.23684
450;450;0.172048;1.66313
450;450;0.172048;1.66313
450;450;0.172048;1.66313
450;450;-3.09579;-0.114659
450;450;-3.09579;-0.114659
450;450;2.86766;-1.26177
450;450;2.86766;-1.26177
450;450;-1.49834;-0.115257
450;450;0.403258;-1.67064
450;450;0.403258;-1.67064
450;450;0.460571;1.09386
450;450;-0.230227;-0.0575567
450;450;0.286784;-0.344141
450;450;-0.0573038;-0.458431
450;450;-0.0573038;-0.458431
450;450;-1.43114;-2.63329
450;450;0.171933;1.26084
450;450;0.171933;1.26084
450;450;2.40783;-1.66255
450;450;-2.18088;3.04175
450;450;-2.18088;3.04175
450;450;1.66515;-5.68434e-14
450;450;1.66515;-5.68434e-14
450;450;1.84211;-0.345395
450;450;1.84211;-0.345395
450;450;0.632921;0.690459
