target.x;target.y;delta.x;delta.y
450;450;0.628302;-0.171355
450;450;0.858764;0.057251
450;450;0.17166;0.34332
450;450;-0.228256;-0.57064
450;450;1.32258;0.575034
450;450;-0.517348;0.344899
450;450;-2.57834;1.48971
450;450;-0.514915;-0.686553
450;450;0.516227;2.23699
450;450;-1.43511;-1.89434
450;450;-0.171486;-0.571619
450;450;-0.859968;0.745306
450;450;-0.171671;0.0572237
450;450;-1.60876;-0.804379
450;450;-0.572965;1.7189
450;450;-5.68434e-14;-1.66192
450;450;-2.22825;1.08556
450;450;-1.48512;0.228481
450;450;-1.5447;0.686531
450;450;-0.343889;1.49018
450;450;-1.03012;-5.68434e-14
450;450;-0.973824;0.859256
450;450;-0.57291;0.57291
450;450;-1.20307;2.80717
450;450;-0.916394;2.06189
450;450;-0.62904;1.60119
450;450;1.88724;-0.514702
450;450;-0.171709;1.77433
450;450;-0.630382;0.286537
450;450;-1.03075;1.43159
450;450;12.578;12.6928
450;450;21.7209;-4.29833
450;450;-11.0389;9.72339
450;450;11.1824;1.76865
450;450;9.45694;-7.90944
450;450;10.7803;9.74817
450;450;14.0484;-12.6722
450;450;2.64001;17.2175
450;450;0.85871;17.5749
450;450;9.63379;1.60563
450;450;6.99775;8.0302
450;450;4.25253;4.94213
450;450;12.6949;10.1674
450;450;13.4176;4.47255
450;450;2.86592;9.80145
450;450;13.4463;0.171655
450;450;24.2794;3.23725
450;450;-0.802253;14.9563
450;450;0.745448;-8.14259
450;450;-18.4416;3.53988
450;450;2.2357;30.7839
450;450;14.5956;-2.98807
450;450;-11.1444;19.8314
450;450;3.20239;16.7553
450;450;14.4277;3.32066
450;450;5.50064;3.15141
450;450;3.65372;13.1306
450;450;14.0479;12.9585
450;450;-17.9717;16.4263
450;450;5.2942;-4.83383
450;450;4.01063;-0.458358
450;450;11.7038;14.9166
450;450;18.2023;-5.20884
450;450;2.17845;5.04482
450;450;2.76228;6.56041
450;450;0.801488;8.01488
450;450;0.457469;13.5525
450;450;11.671;11.7282
450;450;7.20583;16.013
450;450;0.743979;10.1296
450;450;3.32479;5.56042
450;450;-1.54637;20.1028
450;450;-5.68434e-14;11.9116
450;450;11.0389;-4.23253
450;450;13.7477;6.615
450;450;0.286857;2.92594
450;450;1.03022;11.2752
450;450;9.68219;0.229164
450;450;12.2509;17.2314
450;450;8.1457;3.49921
450;450;11.3769;-4.82658
450;450;13.1032;-5.45968
450;450;20.532;0.0575125
450;450;2.86464;5.6147
450;450;4.93473;-1.03285
450;450;5.2288;13.2731
450;450;15.5438;8.80814
450;450;4.59498;12.7511
450;450;18.7753;5.95315
450;450;18.9803;3.84192
450;450;22.3104;2.23677
450;450;26.3172;5.22896
450;450;7.51901;25.6565
450;450;2.2362;13.8186
450;450;19.071;4.71031
450;450;0.344097;4.70266
450;450;16.2684;-7.84577
450;450;12.7865;6.53659
450;450;13.5764;7.65112
450;450;6.43359;1.43607
450;450;-3.42514;2.45469
450;450;17.8425;6.99931
450;450;6.03631;-9.31316
450;450;10.5422;7.16184
450;450;5.44248;-6.64555
450;450;-5.08418;12.6248
450;450;14.5029;6.53492
450;450;12.1057;3.72926
450;450;16.2629;15.1749
450;450;6.71673;11.7686
450;450;7.0998;1.77495
450;450;2.63892;1.20472
450;450;2.63824;10.725
450;450;10.2783;4.01946
450;450;2.63993;0.459117
450;450;8.88294;15.3589
450;450;-16.5413;-3.66313
450;450;-1.31665;9.78898
450;450;3.1464;6.86488
450;450;-2.12058;3.72534
450;450;-0.572109;17.621
450;450;0.114535;12.8279
450;450;1.60221;2.23165
450;450;-1.54401;13.2098
450;450;4.00706;1.25936
450;450;2.63976;7.68973
450;450;4.29888;7.39408
450;450;-2.98846;-7.47114
450;450;13.6701;-1.26362
450;450;11.9219;-5.41379
450;450;3.38383;11.4706
450;450;11.9895;8.37542
450;450;23.3524;9.23768
450;450;-0.801437;2.97677
450;450;-10.7587;10.4154
450;450;-5.50344;-5.96206
450;450;4.59498;1.49337
450;450;-12.336;12.2218
450;450;14.391;-2.35073
450;450;6.12683;10.6504
450;450;12.5336;-3.26216
450;450;23.8437;-11.5763
450;450;7.4963;17.2243
450;450;11.5872;18.2986
450;450;23.7752;-1.66542
450;450;5.04033;16.6102
450;450;6.58742;-2.17671
450;450;12.7971;9.98517
450;450;-6.07285;7.56242
450;450;-0.458124;4.8103
450;450;5.78658;-4.8126
450;450;16.1628;9.51425
450;450;-1.42728;14.7295
450;450;-2.11465;8.1157
450;450;7.34518;6.14011
450;450;-4.8817;16.5978
450;450;15.1263;0.345086
450;450;-0.1146;11.8038
450;450;15.2015;-5.56432
450;450;-0.860269;9.63502
450;450;9.11334;15.0169
450;450;3.79425;2.81694
450;450;2.57851;9.45453
450;450;-1.65601;12.8484
450;450;5.74611;-0.114922
450;450;7.17257;10.558
450;450;6.03496;2.93127
450;450;5.78824;10.9461
450;450;4.12811;4.07077
450;450;-12.0493;8.73717
450;450;-2.34408;4.23078
450;450;10.1959;5.38433
450;450;21.0526;2.58138
450;450;14.8445;7.04972
450;450;12.8032;-0.401894
450;450;3.49642;4.29888
450;450;6.41905;0.515816
450;450;8.36716;15.4162
450;450;2.68576;9.08585
450;450;16.6796;4.34127
450;450;2.9678;17.3502
450;450;6.98173;0.0572273
450;450;3.65592;4.85552
450;450;13.3675;8.89257
450;450;-4.81092;16.0364
450;450;10.5584;10.3288
450;450;2.63128;11.898
450;450;-3.20493;8.64187
450;450;4.12338;7.33045
450;450;-3.77676;6.69517
450;450;10.1929;18.668
450;450;-10.0132;8.01055
450;450;-5.95296;7.32672
450;450;3.20769;14.4919
450;450;5.15357;8.93285
450;450;5.03136;2.9159
450;450;8.3162;7.68532
450;450;22.919;-13.4313
450;450;8.59776;5.67452
450;450;-1.20315;5.44282
450;450;2.06025;13.2199
450;450;3.7746;16.5282
450;450;11.7469;8.7099
450;450;4.80267;10.1199
450;450;17.2539;-2.23556
450;450;-6.01288;17.2942
450;450;30.8347;4.57658
450;450;-2.86082;13.9036
450;450;2.34587;19.3964
450;450;2.63497;4.41071
450;450;8.93627;4.00986
450;450;3.02862;-1.25716
450;450;20.8952;-8.55324
450;450;14.7604;-4.74851
450;450;3.3156;-0.51449
450;450;-8.94912;20.8623
450;450;-9.94459;16.7458
450;450;4.64886;-4.13232
450;450;-1.60099;10.0062
450;450;-4.92233;23.4097
450;450;-3.82438;21.2339
450;450;13.0117;-1.1464
450;450;20.2456;-6.3662
450;450;16.1219;12.1631
450;450;2.63572;11.2305
450;450;8.55215;12.5699
450;450;10.6578;20.4562
450;450;5.85767;14.0125
450;450;3.1641;5.17762
450;450;2.53241;11.9714
450;450;1.83647;7.2311
450;450;-4.18171;27.7253
450;450;11.636;5.50274
450;450;4.75138;9.78898
450;450;11.2294;4.41155
450;450;5.33214;-3.9561
450;450;-1.89555;8.2715
450;450;6.53222;14.2677
450;450;6.81395;22.5605
450;450;-8.01361;2.40408
450;450;2.9836;14.918
450;450;-1.89024;7.04545
450;450;10.1241;14.4384
450;450;11.8842;1.77976
450;450;13.2;9.98612
450;450;14.3506;1.83688
450;450;6.8905;7.23502
450;450;7.16435;7.04972
450;450;1.37656;3.8429
450;450;-0.171366;10.4533
450;450;-6.48483;10.8463
450;450;6.88413;10.1541
450;450;2.35268;3.21341
450;450;14.2481;6.14736
450;450;12.5631;5.27766
450;450;13.0882;-18.5416
450;450;5.2743;19.492
450;450;-4.65123;10.7955
450;450;1.08739;12.648
450;450;0.976964;12.2983
450;450;1.43639;6.6074
450;450;7.1744;2.52539
450;450;3.44272;5.56573
450;450;-1.3777;16.4176
450;450;3.8953;3.32246
450;450;15.6087;12.6356
450;450;14.9568;15.2433
450;450;-8.24388;1.54573
450;450;-0.343768;22.0585
450;450;8.32442;-8.89852
450;450;-1.54913;0.34425
450;450;-2.46618;1.08971
450;450;10.782;6.93951
450;450;17.9193;5.28389
450;450;-9.85218;14.0336
450;450;11.626;10.8815
450;450;-3.44844;10.4028
450;450;7.24103;-3.33317
450;450;1.66271;19.9525
450;450;9.00817;0.516392
450;450;17.324;-16.5782
450;450;17.7035;25.037
450;450;1.6597;2.11754
450;450;-0.0574666;3.90773
450;450;7.33722;11.4644
450;450;3.5643;-1.95461
450;450;17.2364;14.774
450;450;-2.69534;11.1828
450;450;14.4762;27.1214
450;450;9.2841;7.96599
450;450;10.3328;12.6864
450;450;5.3869;6.64767
450;450;2.17194;18.5758
450;450;2.17498;6.86837
450;450;20.2476;3.62387
450;450;1.26213;11.1297
450;450;-11.2844;8.43478
450;450;6.70989;11.814
450;450;6.13698;10.8401
450;450;6.65127;0.172015
450;450;3.61014;15.4147
450;450;3.49609;7.56531
450;450;8.48286;1.20365
450;450;7.2311;7.00154
450;450;4.99864;7.6416
450;450;16.4171;1.09065
450;450;7.23087;18.0772
450;450;-6.47554;12.8938
450;450;9.57093;-2.59453
450;450;-5.92625;8.22771
450;450;-2.5879;7.53366
450;450;9.9519;13.2884
450;450;2.17436;21.9725
450;450;12.7251;8.25411
450;450;3.72238;16.2639
450;450;2.69199;-0.171829
450;450;-3.78169;4.24008
450;450;-14.918;5.9672
450;450;13.1317;9.27285
450;450;-14.9418;14.8269
450;450;-4.75894;9.46055
450;450;-11.0508;8.18793
450;450;-6.01518;2.46336
450;450;13.8318;18.0789
450;450;1.54671;17.5867
450;450;-0.114648;-4.35662
450;450;13.4013;4.77385
450;450;33.4766;2.5884
450;450;4.01382;10.3786
450;450;0.401536;21.6256
450;450;7.69881;-1.20653
450;450;3.27508;13.1578
450;450;0.114941;18.7928
450;450;-2.06702;8.21065
450;450;5.16458;9.41101
450;450;-1.49175;8.83576
450;450;-14.889;23.7652
450;450;6.26646;10.7507
450;450;-7.59048;37.2105
450;450;7.30976;13.82
450;450;0.744239;11.6216
450;450;-4.1285;16.686
450;450;-9.4407;5.9505
450;450;6.06417;23.6846
450;450;-3.38211;15.7067
450;450;2.74455;20.6413
450;450;5.80765;15.4679
450;450;2.79711;9.87552
450;450;15.9542;23.0196
450;450;-0.803507;7.11677
450;450;10.6769;7.80674
450;450;10.4973;14.57
450;450;13.1523;7.92584
450;450;6.35364;0.45792
450;450;5.05239;8.9565
450;450;3.71918;14.5334
450;450;7.63064;4.18825
450;450;0.400235;22.1844
450;450;23.6899;5.90812
450;450;11.7346;16.3139
450;450;7.09664;5.03632
450;450;9.08383;14.6827
450;450;5.55122;19.8585
450;450;4.86649;7.67187
450;450;14.5428;16.3822
450;450;21.5225;2.00877
450;450;9.5273;5.56715
450;450;15.5234;17.5856
450;450;4.85799;26.5189
450;450;1.08832;16.0384
450;450;-12.3352;3.84401
450;450;-15.9421;8.971
450;450;13.1849;21.8411
450;450;-6.17427;20.6381
450;450;-4.06534;20.9565
450;450;-5.16507;26.4566
450;450;4.9745;11.4356
450;450;9.62857;8.48231
450;450;-7.85713;24.6611
450;450;-0.973979;5.72929
450;450;5.54505;11.6046
450;450;-2.17886;17.3162
450;450;-0.573568;9.2918
450;450;9.91514;20.1168
450;450;7.52285;12.1744
450;450;22.3549;5.84666
450;450;26.0857;-0.804405
450;450;0.458913;1.37674
450;450;15.9918;25.6213
450;450;9.14939;20.1287
450;450;15.5427;9.00444
450;450;-2.97525;24.4886
450;450;10.2888;16.2906
450;450;1.83104;15.8499
450;450;-8.11518;7.65799
450;450;9.17884;6.88413
450;450;9.6862;7.79481
450;450;6.82633;6.88369
450;450;-1.71764;14.8862
450;450;2.75242;16.5145
450;450;15.6479;13.9857
450;450;3.76766;3.53932
450;450;8.11699;11.8325
450;450;4.63659;1.20208
450;450;6.07246;5.04129
450;450;2.35178;5.04772
450;450;-4.28034;14.2678
450;450;15.1066;9.78493
450;450;-2.29128;-2.11943
450;450;5.15226;9.15957
450;450;-5.49732;10.2502
450;450;0.228836;6.63626
450;450;14.5408;-2.00366
450;450;16.0481;2.00602
450;450;1.65701;16.9701
450;450;-1.20422;-0.802816
450;450;-2.86155;18.8862
450;450;2.56707;20.4795
450;450;-0.513072;21.378
450;450;10.7329;0.631347
450;450;-8.74938;7.8916
450;450;9.59801;18.4533
450;450;2.11559;6.06089
450;450;10.9093;11.8231
450;450;-1.72098;-4.01561
450;450;12.7763;-2.29171
450;450;9.68928;13.9319
450;450;2.29252;6.53368
450;450;19.7169;10.145
450;450;8.66529;15.4368
450;450;16.1265;24.5628
450;450;5.21432;7.73552
450;450;-6.80162;7.14455
450;450;6.62426;24.6696
450;450;-10.4127;7.03717
450;450;2.74151;13.6504
450;450;10.5968;0.17184
450;450;12.7727;11.799
450;450;1.94573;8.41241
450;450;9.46326;0.172059
450;450;-6.2962;3.49153
450;450;-4.11618;11.3767
450;450;-4.0536;13.2456
450;450;-5.15078;26.3262
450;450;17.0706;4.86912
450;450;6.76013;18.4471
450;450;-0.400006;22.0003
450;450;1.19891;15.1292
450;450;-8.24729;21.8782
450;450;3.77652;17.7382
450;450;-8.7516;20.0772
450;450;4.33865;4.85244
450;450;9.35227;13.8003
450;450;1.77112;18.6824
450;450;-27.8591;16.3608
450;450;6.87405;14.5501
450;450;27.9479;4.82058
450;450;17.1344;12.822
450;450;6.70327;2.00525
450;450;-4.85614;10.1122
450;450;8.31938;0.11475
450;450;5.0887;20.1833
450;450;-6.05282;3.31192
450;450;4.80038;8.51496
450;450;11.452;13.9142
450;450;7.5462;-8.64068
450;450;14.1626;16.8108
450;450;3.37888;13.0001
450;450;8.37489;0.51626
450;450;20.4503;24.1737
450;450;8.24388;24.0446
450;450;-7.76538;20.4412
450;450;11.6364;13.8146
450;450;15.4671;14.7224
450;450;22.3728;4.61294
