target.x;target.y;delta.x;delta.y
450;450;13.5845;15.0747
450;450;13.5845;15.0747
450;450;-9.36741;11.595
450;450;-5.20223;-11.1476
450;450;-8.39666;5.02657
450;450;-14.7081;18.4136
450;450;-9.33837;-4.04283
450;450;-8.76507;3.41496
450;450;17.9079;-2.05313
450;450;-2.45189;5.13186
450;450;-4.50278;16.6432
450;450;-4.50278;16.6432
450;450;-18.5823;-4.61706
450;450;-12.6056;3.93567
450;450;-5.41782;7.01465
450;450;-2.91183;5.19563
450;450;-5.76073;-1.76814
450;450;-2.45165;-4.61823
450;450;-1.42696;-18.5505
450;450;-5.4804;-16.1558
450;450;-1.82588;4.33645
450;450;-2.11123;5.24956
450;450;-0.399005;4.10406
450;450;-1.59876;-0.171295
450;450;-0.458124;-9.79241
450;450;-6.24751;1.7195
450;450;-8.06802;8.92632
450;450;-8.06802;8.92632
450;450;-8.06802;8.92632
450;450;0.28651;-9.39753
450;450;-12.8414;-2.75172
450;450;-9.5673;-2.69259
450;450;-1.94703;-10.6514
450;450;-0.571492;-1.54303
450;450;-2.34096;3.02612
450;450;3.98035;8.35873
450;450;-2.10723;-21.1862
450;450;-0.968798;7.18051
450;450;-0.968798;7.18051
450;450;15.1478;6.71971
450;450;-4.85183;-15.6971
450;450;9.55635;0.972802
450;450;4.63364;15.9603
450;450;4.63364;15.9603
450;450;17.0678;-18.6715
450;450;10.6754;5.0237
450;450;9.04249;2.74709
450;450;5.99476;18.0414
450;450;-2.11667;-16.3041
450;450;-11.6009;-3.71458
450;450;-5.25305;5.19596
450;450;-1.08528;15.1368
450;450;-6.50489;22.1394
450;450;-6.50489;22.1394
450;450;-28.3446;3.13673
450;450;-3.02066;-7.75112
450;450;13.9466;14.1752
450;450;27.183;17.3971
450;450;35.1568;12.1763
450;450;9.1145;-15.7067
450;450;1.3777;-28.0707
450;450;-12.2661;-1.14637
450;450;-7.25518;8.85475
450;450;8.57265;28.2897
450;450;8.19366;19.1376
450;450;7.88458;-11.1984
450;450;19.71;-30.0807
450;450;26.3707;-31.3582
450;450;0.400935;-15.0637
450;450;-2.68584;6.45745
450;450;7.71342;18.0551
450;450;7.71342;18.0551
450;450;-3.60166;-2.28677
450;450;-5.13951;-3.71187
450;450;-5.47936;2.96799
450;450;-13.589;4.85321
450;450;-3.70728;1.71105
450;450;3.30804;-1.1407
450;450;5.5944;-18.61
450;450;30.7883;-21.7464
450;450;35.8733;-34.1542
450;450;35.0155;-20.1483
450;450;26.4659;3.44459
450;450;22.3951;4.46756
450;450;22.3951;4.46756
450;450;5.25956;-11.2052
450;450;2.91405;-9.14213
450;450;12.184;-16.1881
450;450;10.4117;-3.83289
450;450;10.4117;-3.83289
450;450;-7.86636;11.4575
450;450;-6.91264;-14.9107
450;450;-1.99882;-16.1619
450;450;18.5022;-16.6177
450;450;40.7176;-37.2341
450;450;48.5257;-58.082
450;450;10.3727;-38.7398
450;450;6.57863;-10.583
450;450;3.4271;15.422
450;450;3.4271;15.422
450;450;4.31703;-30.5645
450;450;-18.0616;4.87377
450;450;-19.4629;5.09469
450;450;-27.4212;11.7111
450;450;-23.3406;-11.2126
450;450;-34.6653;-7.30999
450;450;-34.6653;-7.30999
450;450;-20.3641;15.0021
450;450;-41.6752;1.5985
450;450;-47.8191;10.6581
450;450;-24.5383;6.96203
450;450;-12.1385;-4.10315
450;450;-7.12419;-5.41439
450;450;-8.27061;2.85194
450;450;-9.77096;4.05695
450;450;-14.5804;0.228713
450;450;1.54332;-2.62936
450;450;12.8622;-3.88725
450;450;-2.45656;-5.82718
450;450;-6.92252;8.98212
450;450;-11.8487;12.9935
450;450;-1.88814;1.71649
450;450;6.47203;0.343648
450;450;11.8525;-3.1492
450;450;-3.94104;-7.65362
450;450;-7.94727;1.31502
450;450;-6.61922;12.8961
450;450;-9.01783;-0.684899
450;450;-18.5917;1.25465
450;450;-7.13006;6.10333
450;450;-13.7868;-5.68434e-14
450;450;-9.22624;8.54281
450;450;-3.42232;6.73057
450;450;-8.26694;13.5122
450;450;3.19033;2.16486
450;450;0.911724;-9.51612
450;450;-0.228075;-3.76324
450;450;-0.228075;-3.76324
450;450;-20.3602;0.342189
450;450;-24.253;10.443
450;450;-21.2239;6.92208
450;450;-19.7083;5.42693
450;450;-26.5685;5.54224
450;450;-27.5166;14.6983
450;450;-7.81232;0.684291
450;450;-8.03355;8.20447
450;450;-10.5864;13.0338
450;450;-10.5864;13.0338
450;450;6.24911;14.2593
450;450;11.3252;4.04066
450;450;14.6144;6.05128
450;450;11.7141;1.19998
450;450;9.19576;-1.94196
450;450;12.7649;-20.4926
450;450;16.7434;-4.4152
450;450;1.02911;16.8088
450;450;20.0455;-7.7891
450;450;10.3634;1.43141
450;450;7.48298;9.8821
450;450;11.9812;12.6658
450;450;10.5562;17.4034
450;450;6.4466;13.1784
450;450;6.4466;13.1784
450;450;-6.66994;7.126
450;450;-16.7961;-2.61905
450;450;-7.01554;-2.33851
450;450;4.62101;-4.67806
450;450;-2.22663;1.02767
450;450;-7.41268;2.67997
450;450;3.02324;-0.114085
450;450;0.969996;-0.969996
450;450;-0.513706;11.8152
450;450;3.42341;-1.54053
450;450;2.73803;-4.22113
450;450;9.23822;-9.4093
450;450;9.23822;-9.4093
450;450;-2.34438;-4.05978
450;450;-2.34438;-4.05978
450;450;1.54185;-3.71187
450;450;4.8466;1.93864
450;450;17.5891;-2.05587
450;450;-4.80587;6.57947
450;450;-11.4258;2.97072
450;450;-8.61639;13.2955
450;450;11.2879;19.4974
450;450;15.5569;8.97955
450;450;-1.14168;22.3198
450;450;-1.59764;-1.54058
450;450;0.0572127;4.63423
450;450;6.9245;-7.66846
450;450;-3.60934;-12.8332
450;450;4.69309;-0.972957
450;450;4.17401;9.14851
450;450;7.93769;17.4172
450;450;6.66888;20.4056
450;450;30.0052;0.228177
450;450;16.1089;28.4476
450;450;16.1089;28.4476
450;450;12.7257;4.56527
450;450;3.93979;-13.9891
450;450;10.4888;3.30625
450;450;5.37561;-2.11593
450;450;-7.94298;15.3717
450;450;-12.7196;12.8337
450;450;-7.06608;-1.25366
450;450;-7.06608;-1.25366
450;450;16.1039;-4.52743
450;450;16.1039;-4.52743
450;450;1.31669;0.114495
450;450;-16.7045;-3.20361
450;450;-7.13617;6.05147
450;450;9.69382;23.9494
450;450;20.4814;11.2962
450;450;24.8394;5.93861
450;450;9.63405;10.6032
450;450;2.50875;2.05261
450;450;11.308;-10.6798
450;450;11.308;-10.6798
450;450;11.2219;9.79054
450;450;3.9468;24.5388
450;450;-9.48435;30.5099
450;450;-9.38528;16.3098
450;450;-5.443;8.6515
450;450;0.342841;-10.8566
450;450;8.67291;-22.6523
450;450;-2.57057;-0.514114
450;450;-8.16067;10.4434
450;450;4.10094;-0.0569575
450;450;-2.0547;-16.2093
450;450;-19.5872;-12.4697
450;450;-8.12769;-4.66063
450;450;18.926;-19.4978
450;450;24.48;-28.56
450;450;9.98358;-20.254
450;450;8.95765;-16.3649
450;450;3.83728;-17.7546
450;450;13.401;-17.6389
450;450;-2.4625;-3.95145
450;450;-2.4625;-3.95145
450;450;-16.3343;-3.02698
450;450;-0.855743;3.70822
450;450;11.8209;-0.513951
450;450;-1.02927;12.1226
450;450;-1.02927;12.1226
450;450;-15.2791;13.8538
450;450;-4.04475;11.9064
450;450;2.62129;10.1432
450;450;1.36728;-3.13336
450;450;6.79234;-7.7056
450;450;-14.8235;8.03889
450;450;-22.5871;8.87554
450;450;-21.8816;16.539
450;450;-22.5103;7.8445
450;450;-22.5103;7.8445
450;450;-7.8096;4.44634
450;450;-17.0746;4.79688
450;450;-22.8805;-2.16823
450;450;-11.8723;-1.42696
450;450;-17.2503;6.62594
450;450;-13.889;0.514408
450;450;-1.48517;-7.5401
450;450;-1.48517;-7.5401
450;450;22.2988;-5.48893
450;450;5.13788;2.39768
450;450;1.59688;10.2657
450;450;-1.99414;24.1576
450;450;14.0796;22.972
450;450;-8.00038;8.45754
450;450;-16.1882;13.2812
450;450;-5.92283;19.5909
450;450;-5.98338;10.5421
450;450;-22.7296;9.62734
450;450;1.87989;9.57037
450;450;-6.55945;1.99635
450;450;-10.3083;19.5346
450;450;-7.57966;8.89043
450;450;3.58651;-1.36629
450;450;38.6906;9.78711
450;450;38.6906;9.78711
450;450;38.6906;9.78711
450;450;8.42661;-24.42
450;450;14.4548;-7.80102
450;450;25.1287;-3.2128
450;450;28.8885;10.26
450;450;-3.89654;-10.7155
450;450;-3.26538;14.8374
450;450;-6.98373;12.7653
450;450;-4.06107;11.6684
450;450;13.0081;22.2507
450;450;8.97242;24.8027
450;450;-1.25676;14.3385
450;450;-13.7681;2.05665
450;450;-4.91311;-14.4537
450;450;-6.50757;-9.2476
450;450;-2.00016;3.37169
450;450;-18.5977;-6.23738
450;450;-19.8232;-10.5114
450;450;1.31326;11.9907
450;450;14.155;17.4084
450;450;5.47363;18.9867
450;450;12.3539;13.7772
450;450;-3.07892;18.4735
450;450;-22.5138;16.7717
450;450;0.454466;-0.852124
450;450;11.1559;-8.82227
450;450;0.399195;-2.16706
450;450;-8.79371;1.82727
450;450;-16.217;-1.54175
450;450;0.798592;4.67747
450;450;0.912012;2.33703
450;450;-9.79173;5.23744
450;450;-7.91258;5.12326
450;450;-3.76134;14.5324
450;450;-2.28061;3.19285
450;450;-2.34014;7.47705
450;450;-6.50571;8.27481
450;450;10.4726;-33.0202
450;450;-0.51462;-16.8681
450;450;0.228546;9.37038
450;450;2.05704;13.4851
450;450;4.34554;14.5804
450;450;5.36827;23.1293
450;450;8.10772;28.2057
450;450;1.19755;33.6454
450;450;-3.19184;24.1668
450;450;-8.32369;-6.55633
450;450;-0.798213;7.24093
450;450;0.799428;10.3926
450;450;0.799428;10.3926
450;450;25.6421;0.228437
450;450;23.3117;12.4558
450;450;-0.343189;-3.77508
450;450;-1.48644;-4.45933
450;450;-16.2129;5.90079
450;450;0.857646;22.5847
450;450;-19.1183;-5.36453
450;450;-13.0834;1.54259
450;450;-14.7861;12.7309
450;450;-14.7861;12.7309
450;450;-14.7861;12.7309
450;450;-2.01185;-15.0601
450;450;-9.78245;-15.2491
450;450;-3.27163;-3.7882
450;450;-3.27163;-3.7882
450;450;-4.06133;-12.8704
450;450;-12.284;4.51364
450;450;-0.400171;4.91639
450;450;7.313;6.45601
450;450;-6.96225;-3.82353
450;450;2.68286;-4.05283
450;450;6.2257;-10.9664
450;450;2.78906;12.067
450;450;-15.5913;-13.1356
450;450;-14.6093;-19.3459
450;450;-16.9196;-4.95624
450;450;-21.4757;10.4815
450;450;-25.7139;8.53336
450;450;-32.0702;22.9723
450;450;-6.01788;15.4421
450;450;-10.4048;-2.27427
450;450;-1.30973;7.80145
450;450;-15.5642;5.47311
450;450;-18.777;-1.9915
450;450;3.13385;-13.0482
450;450;18.3122;-6.98151
450;450;17.982;11.2459
450;450;22.434;13.8143
450;450;17.6261;12.6634
450;450;17.6261;12.6634
450;450;-3.42699;5.94012
450;450;-4.97261;-21.0336
450;450;-4.3537;-19.4198
450;450;11.6216;-24.2164
450;450;11.6216;-24.2164
450;450;27.2627;-1.03311
450;450;20.4672;14.1035
450;450;8.70935;17.8198
450;450;7.91145;-6.53555
450;450;7.33419;-6.8185
450;450;6.2501;-7.1102
450;450;-2.12085;-12.8397
450;450;16.3868;-15.069
450;450;11.1799;-8.65729
450;450;11.1799;-8.65729
450;450;-11.1269;-37.8543
450;450;6.71309;-15.2622
450;450;19.7679;8.10254
450;450;16.4025;20.9332
450;450;7.08965;10.2914
450;450;0.456628;3.13932
450;450;-8.45271;9.99476
450;450;2.11365;-8.51171
450;450;4.62307;-14.1546
450;450;4.62307;-14.1546
450;450;2.22917;13.6037
450;450;-11.8678;1.54053
450;450;-3.30584;-0.113994
450;450;5.31656;4.17321
450;450;-22.0379;4.51035
450;450;-17.0605;12.7811
450;450;-14.7099;-6.78481
450;450;-9.8032;-2.62179
450;450;-5.08031;17.9809
450;450;-26.7783;15.6445
450;450;-12.7192;18.0807
450;450;-21.9008;-7.24323
450;450;-7.40611;8.83037
450;450;-6.06397;3.1464
450;450;-18.2602;0.457935
450;450;-17.6613;-9.43081
450;450;-20.8241;-9.78276
450;450;-3.48532;-24.3401
450;450;9.27702;-6.98639
450;450;9.27702;-6.98639
450;450;-17.5537;7.31881
450;450;3.76945;-2.45585
450;450;14.6562;5.36062
450;450;3.02114;1.59607
450;450;14.4377;-21.9703
450;450;14.1528;-8.1036
450;450;-1.53863;2.05151
450;450;-5.13397;9.12706
450;450;3.48477;-5.19859
450;450;-0.969136;10.0904
450;450;28.026;-4.58504
450;450;40.8915;-10.7247
450;450;16.713;-10.0164
450;450;20.0111;-9.49098
450;450;27.255;-13.3704
450;450;19.783;3.65929
450;450;7.60181;7.25887
450;450;3.25792;12.6887
450;450;2.85728;4.34306
450;450;-4.69458;-13.9692
450;450;-4.69458;-13.9692
450;450;-4.11487;-4.45778
450;450;-7.15751;1.88958
450;450;-16.2288;6.05724
450;450;-15.0525;3.30699
450;450;-15.0525;3.30699
450;450;-8.89156;4.67377
450;450;2.78871;9.10599
450;450;13.2066;21.5746
450;450;21.5992;15.9572
450;450;4.79855;-5.31268
450;450;4.79855;-5.31268
450;450;2.34446;-15.2676
450;450;-0.343124;5.89029
450;450;-0.686771;3.43386
450;450;-8.40974;4.80557
450;450;8.44628;-3.65244
450;450;-7.98289;-1.76764
450;450;-16.7381;3.5298
450;450;-7.35846;4.8486
450;450;1.77264;7.31928
450;450;11.2419;1.66335
450;450;19.2341;-27.789
450;450;1.83168;-14.2528
450;450;-7.56049;-10.5961
450;450;-9.49792;-5.54999
450;450;-9.49792;-5.54999
450;450;6.34759;-0.514669
450;450;7.09077;8.52037
450;450;11.7847;19.1072
450;450;-1.31435;22.2868
450;450;-1.31435;22.2868
450;450;1.71573;-7.83516
450;450;-3.59709;-6.16643
450;450;12.0217;-8.22534
450;450;11.4872;-5.36839
450;450;11.4872;-5.36839
450;450;16.4753;-2.60136
450;450;2.3535;2.98493
450;450;-2.68695;12.4057
450;450;12.0485;15.132
450;450;6.45683;-4.28551
450;450;-14.2422;-17.4582
450;450;15.4329;-20.9406
450;450;4.8074;-12.3047
450;450;-8.24519;-21.6436
450;450;-8.24519;-21.6436
450;450;-10.7257;-2.51026
450;450;-15.4282;0.284652
450;450;11.335;-5.4385
450;450;11.5548;20.3067
450;450;19.6402;2.69122
450;450;4.45962;12.4069
450;450;-6.63288;9.66343
450;450;-3.31781;-1.4873
450;450;-7.31208;-1.14251
450;450;-23.8206;-13.2527
450;450;-20.835;-6.0507
450;450;-11.3655;-5.68434e-14
450;450;-17.8345;7.6352
450;450;-11.747;-3.30741
450;450;-11.747;-3.30741
450;450;-4.67628;7.81282
450;450;1.99515;10.8308
450;450;2.73734;7.86985
450;450;-1.65444;-1.54034
450;450;-7.5811;8.77812
450;450;7.30234;21.6788
450;450;-25.7196;-21.8902
450;450;-46.6198;-8.84464
450;450;-52.5485;16.2826
450;450;-8.53202;11.3951
450;450;41.9793;17.3629
450;450;41.9793;17.3629
450;450;31.7027;25.9334
450;450;31.5434;14.3172
450;450;25.478;-1.59952
450;450;26.3413;-12.369
450;450;37.3504;8.46533
450;450;21.9996;-4.97135
450;450;32.2383;-5.37305
450;450;34.06;13.9102
450;450;34.06;13.9102
450;450;0.514147;9.31177
450;450;-22.2831;15.6722
450;450;6.91;9.36563
450;450;1.93944;8.84156
450;450;1.93944;8.84156
450;450;33.1441;9.73143
450;450;17.7597;10.0829
450;450;15.2452;-6.47636
450;450;18.1486;10.2479
450;450;24.153;5.49452
450;450;30.4507;-5.15144
450;450;38.38;-2.45952
450;450;38.38;-2.45952
450;450;31.8513;2.00143
450;450;31.8513;2.00143
450;450;16.134;-14.5893
450;450;28.3889;-13.3628
450;450;29.567;-12.0564
450;450;45.9129;-9.53885
450;450;49.2851;-13.6871
450;450;31.6177;-11.9355
450;450;-22.8163;8.86347
450;450;-39.9372;-2.11097
450;450;-32.9103;-10.3237
450;450;-32.9103;-10.3237
450;450;-32.9527;-11.2883
450;450;-29.7412;-10.0847
450;450;-46.5475;-12.0784
450;450;-26.0708;-19.5674
450;450;12.4258;-8.47476
450;450;30.0482;-11.7331
450;450;30.735;4.29259
450;450;20.2815;3.99917
450;450;15.7572;-5.93748
450;450;39.1472;-0.456527
450;450;37.7616;3.43287
450;450;30.0576;-4.5715
450;450;69.9229;-27.7517
450;450;53.3815;-33.4775
450;450;-20.543;-1.36954
450;450;-26.5255;5.01988
450;450;-56.4258;-9.48044
450;450;-47.7459;-18.4823
450;450;-3.76098;-2.5643
450;450;12.3063;5.4125
450;450;-1.14121;8.502
450;450;-17.7522;10.1848
450;450;-0.567599;5.73275
450;450;12.1286;-13.0921
450;450;12.1286;-13.0921
450;450;16.2405;-2.2714
450;450;11.7868;1.13883
450;450;6.72269;11.5653
450;450;4.55703;5.75325
450;450;7.92261;-7.35263
450;450;2.22296;-4.21792
450;450;9.10628;5.00846
450;450;7.45671;0.796901
450;450;20.7967;-18.5746
450;450;34.1029;-10.625
450;450;24.6877;-15.2012
450;450;27.3276;-6.16155
450;450;35.7576;-18.3065
450;450;44.3249;-24.9686
450;450;44.3249;-24.9686
450;450;35.917;-3.83191
450;450;27.391;8.46318
450;450;28.5183;-3.37191
450;450;33.0831;17.0272
450;450;-0.684899;9.36028
450;450;1.6016;0.2288
450;450;10.9681;5.02705
450;450;10.9681;5.02705
450;450;-13.1085;3.70458
450;450;-8.89156;5.47173
450;450;-20.1079;-1.31015
450;450;-4.26385;-7.95919
450;450;0.965254;7.49491
450;450;-0.853849;-2.96001
450;450;12.295;6.65981
450;450;7.4235;-1.77022
450;450;-1.59789;-3.25286
450;450;-7.75309;17.0454
450;450;-6.15355;18.9734
450;450;-6.15355;18.9734
450;450;-6.19562;12.846
450;450;-7.26871;9.82411
450;450;-2.89576;-0.511017
450;450;17.4473;0.454653
450;450;19.7586;6.88989
450;450;25.1844;9.08009
450;450;27.124;-5.83681
450;450;38.4868;6.73804
450;450;50.7114;7.99505
450;450;14.1712;0.514277
450;450;-34.6609;16.0763
450;450;-25.1466;2.78774
450;450;-31.1969;-7.79923
450;450;-31.3594;0.912272
450;450;-17.3129;3.4283
450;450;-15.9659;-12.4179
450;450;-27.0634;-12.416
450;450;-36.4244;4.75349
450;450;-34.5873;4.80221
450;450;-37.8418;13.9267
450;450;-31.5025;20.7928
450;450;-17.1794;12.5717
450;450;-33.8338;16.0625
450;450;-42.2665;-0.170889
450;450;-61.8133;3.29519
450;450;-58.5333;9.27204
450;450;107.843;25.1103
450;450;107.843;25.1103
450;450;167.632;27.1666
450;450;142.536;16.0089
450;450;19.0751;5.53978
450;450;-23.8309;13.7398
450;450;-31.3753;8.38575
450;450;-18.5247;-4.16092
450;450;-21.8504;-13.2132
450;450;-30.7707;-7.52172
450;450;-44.3643;-3.64482
450;450;-46.7051;-5.92358
450;450;-3.13256;-1.42389
450;450;12.4148;0.62932
450;450;10.4084;-11.495
450;450;11.2066;-21.8414
450;450;40.9916;2.00098
450;450;25.731;3.77388
450;450;-11.598;2.11392
450;450;-19.4718;10.2784
450;450;-18.3694;6.56049
450;450;-35.1964;-10.65
450;450;-23.5167;-16.6269
450;450;14.0582;-8.17207
450;450;-8.38416;14.658
450;450;-8.38416;14.658
450;450;-36.1706;-0.85577
450;450;-47.125;14.7977
450;450;-23.3065;-18.7937
450;450;-32.4818;-10.1613
450;450;-9.82716;-10.0557
450;450;5.43331;-19.9031
450;450;2.74055;-14.2737
450;450;-5.775;-18.7545
450;450;-13.8872;-18.3449
450;450;-13.8872;-18.3449
450;450;5.25355;-22.6702
450;450;-2.05326;3.65025
450;450;-7.71759;-3.65871
450;450;-29.6162;-0.28532
450;450;-24.8665;3.47903
450;450;-28.5303;-12.6991
450;450;-16.6717;-26.9136
450;450;-4.66122;-9.2656
450;450;-4.66122;-9.2656
450;450;-9.33985;-22.4954
450;450;7.70829;-20.7267
450;450;7.70829;-20.7267
450;450;22.3314;9.10435
450;450;11.8449;21.5726
450;450;7.37084;19.4842
450;450;-4.68832;-5.88898
450;450;-6.06648;-16.4825
450;450;-33.9261;-1.0298
450;450;-32.0312;1.76999
450;450;-22.2345;-6.72737
450;450;-23.8501;-0.284607
450;450;-13.7211;4.09925
450;450;-11.6755;9.90998
450;450;-11.6755;9.90998
450;450;-21.661;4.20713
450;450;4.22314;-6.67713
450;450;0.571891;8.63556
450;450;2.35043;-30.3836
450;450;-3.89356;-11.7952
450;450;-19.0715;-1.2562
450;450;-15.6911;0.570586
450;450;-14.2538;12.2583
450;450;-1.93901;12.6036
450;450;-1.93901;12.6036
450;450;-24.8736;7.53054
450;450;-28.3204;9.34517
450;450;-26.4945;4.72912
450;450;-12.0272;-3.42005
450;450;-28.6551;7.97556
450;450;-55.4387;-26.7831
450;450;-37.8493;-16.6832
450;450;-23.9571;-2.33312
450;450;-19.8193;12.8142
450;450;-21.1587;19.5661
450;450;-34.2727;-2.05294
450;450;-48.4279;4.0404
450;450;-40.8709;16.6216
450;450;-32.5931;3.8747
450;450;-32.5931;3.8747
450;450;4.83313;21.152
450;450;16.3499;15.8372
450;450;20.5633;-10.9671
450;450;24.2845;1.65706
450;450;30.0451;-1.53931
450;450;39.3983;11.8938
450;450;28.4947;8.98326
450;450;30.6585;-0.573056
450;450;14.2392;13.9533
450;450;31.46;2.2308
450;450;28.9487;-3.03218
450;450;24.7151;-3.94755
450;450;26.8951;-2.91841
450;450;22.0585;-4.52628
450;450;22.0585;-4.52628
450;450;21.0436;2.05861
450;450;24.5921;-5.14718
450;450;28.726;-8.68061
450;450;24.4042;4.74368
450;450;13.936;-8.56721
450;450;0.285601;-2.34193
450;450;6.04821;0.171176
450;450;16.8494;3.31276
450;450;14.9655;-9.0821
450;450;18.3501;-4.8019
450;450;17.4827;7.77007
450;450;19.1462;15.1004
450;450;18.5429;4.79262
450;450;18.5429;4.79262
450;450;16.7535;6.95211
450;450;23.0663;-4.05373
450;450;21.5408;-9.97261
450;450;16.2657;-5.34605
450;450;12.4438;0.965954
450;450;20.5361;28.9321
450;450;18.1947;37.5797
450;450;28.6322;24.8334
450;450;38.2365;2.56813
450;450;44.5206;-12.9161
450;450;26.7336;-28.68
450;450;20.1057;-4.39811
450;450;29.6526;7.35613
450;450;27.6207;5.59263
450;450;27.287;3.88997
450;450;25.6262;-1.89187
450;450;25.2429;18.5458
450;450;25.417;12.7657
450;450;23.7769;9.46513
450;450;23.4162;4.27303
450;450;23.5406;15.9027
450;450;9.29819;15.3449
450;450;6.49665;1.25374
450;450;5.65077;-1.71235
450;450;4.57935;-7.84213
450;450;1.31568;-4.51909
450;450;-4.51407;2.62844
450;450;-2.17036;-6.79665
450;450;13.6795;-15.6828
450;450;22.4889;-12.8753
450;450;29.214;4.27939
450;450;35.6723;15.4428
450;450;26.2262;7.41174
450;450;23.3082;4.27411
450;450;2.9616;1.4808
450;450;2.9616;1.4808
450;450;23.5894;21.5951
450;450;-4.04629;4.44522
450;450;-2.22036;-0.113865
450;450;22.8595;-5.70062
450;450;16.4878;-1.88269
450;450;20.8237;2.225
450;450;21.6898;-2.68269
450;450;10.793;-2.96949
450;450;24.9099;1.08552
450;450;45.0393;4.29218
450;450;48.8137;-23.1736
450;450;14.8919;-2.40561
450;450;-28.6789;9.7691
450;450;-39.5535;1.31085
450;450;-36.2594;-9.23588
450;450;-30.0014;-14.4599
450;450;-30.2708;-17.3629
450;450;-30.2708;-17.3629
450;450;-56.5463;-16.514
450;450;-53.0593;-9.28966
450;450;18.2034;-0.913024
450;450;36.8632;11.623
450;450;20.2487;-0.513348
450;450;7.19782;-13.9386
450;450;19.2052;-20.577
450;450;19.2052;-20.577
450;450;21.8213;-23.4208
450;450;41.4154;-30.4895
450;450;43.8411;-38.065
450;450;7.41864;-14.4347
450;450;-12.7812;-5.68434e-14
450;450;-8.86741;9.15346
450;450;-7.59626;-8.73855
450;450;-19.2153;-14.4258
450;450;-3.24668;-1.93662
450;450;-3.24668;-1.93662
450;450;-10.1253;-8.53255
450;450;-13.6891;-21.1868
450;450;-10.6975;-9.84399
450;450;0.113696;3.12663
450;450;3.40645;23.3342
450;450;-12.9502;6.70232
450;450;-4.78201;7.68537
450;450;-7.5153;-15.0875
450;450;8.08668;-4.32808
450;450;12.0742;13.7259
450;450;4.54725;23.4183
450;450;-5.1756;23.603
450;450;-19.4254;19.3686
450;450;-19.4254;19.3686
450;450;-11.661;-8.74577
450;450;-13.4488;-23.6493
450;450;4.27492;-15.1617
450;450;6.37924;5.63879
450;450;15.9734;3.36582
450;450;15.9734;3.36582
450;450;0.455761;17.205
450;450;-11.5112;14.5315
450;450;-6.79773;-0.856857
450;450;-4.05656;1.37123
450;450;5.0304;-3.54415
450;450;2.11324;0.0571147
450;450;0.971104;-4.96977
450;450;-4.11749;-17.2706
450;450;0.630121;-13.5763
450;450;0.630121;-13.5763
450;450;-5.83199;-3.20188
450;450;-3.02622;1.25617
450;450;2.62154;7.69364
450;450;-2.9075;4.50377
450;450;7.02734;2.85664
450;450;15.0797;-1.37088
450;450;4.74278;-0.28571
450;450;8.85925;-9.43081
450;450;-2.17201;5.14424
450;450;-2.17201;5.14424
450;450;-22.9092;19.6039
450;450;-16.5694;21.8648
450;450;-27.5268;15.7215
450;450;-18.0673;11.1926
450;450;-18.5787;0.0568155
450;450;-8.97373;-8.17859
450;450;1.36495;-25.3653
450;450;1.36495;-25.3653
450;450;-12.5271;-12.0715
450;450;-7.232;1.99307
450;450;-4.38836;14.3619
450;450;1.65617;8.79483
450;450;6.50736;-5.99362
450;450;5.30998;-12.6754
450;450;-4.38767;14.0747
450;450;-3.64182;14.4535
450;450;2.50859;3.76289
450;450;1.88192;-14.0859
450;450;3.59196;1.59643
450;450;3.76993;-8.73938
450;450;-17.2948;2.85392
450;450;-26.0692;-1.88246
450;450;-10.8422;-15.2361
450;450;-8.54633;-4.72897
450;450;-12.7108;12.4258
450;450;-15.2096;4.44325
450;450;-12.2548;5.3579
450;450;-17.755;12.235
450;450;-3.4141;3.3572
450;450;7.53364;-37.2116
450;450;-6.84855;-13.0122
450;450;-6.84855;-13.0122
450;450;-5.81998;-9.07232
450;450;-9.73203;0.0569125
450;450;-6.20896;10.1394
450;450;5.81022;2.96207
450;450;3.76551;-0.342319
450;450;-14.7375;-18.5075
450;450;-11.5481;-13.0272
450;450;-11.0219;-0.511323
450;450;5.33543;-8.45723
450;450;18.0879;-20.8181
450;450;4.83985;-26.6477
450;450;-23.1181;-7.04334
450;450;-23.2361;-6.24931
450;450;-0.625128;6.4786
450;450;17.9119;-7.11882
450;450;37.9498;-1.20749
450;450;42.1864;4.47084
450;450;31.035;-23.8906
450;450;37.9914;-31.7165
450;450;23.1629;-8.3295
450;450;35.5344;-7.4268
450;450;14.8583;-2.45734
450;450;4.90471;17.5657
450;450;7.53532;6.16526
450;450;-9.87897;9.53634
450;450;-1.94338;-0.97169
450;450;6.19256;-13.5319
450;450;6.19256;-13.5319
450;450;14.619;-7.70926
450;450;16.716;-9.92694
450;450;8.61257;-27.0355
450;450;-4.55458;-8.08438
450;450;2.95889;14.7944
450;450;-9.72527;1.64931
450;450;-8.02923;-4.21392
450;450;-5.70224;-22.3528
450;450;-10.5542;-20.8231
450;450;0.85596;8.33135
450;450;10.2268;5.48475
450;450;13.5955;-9.02556
450;450;11.8836;1.37119
450;450;4.50863;1.42678
450;450;-6.39624;-0.456874
450;450;-4.96363;5.19184
450;450;1.65276;20.745
450;450;-10.6484;18.962
450;450;-1.48179;11.1134
450;450;-3.25193;10.3263
450;450;-6.72056;4.3285
450;450;-4.10133;-10.709
450;450;-1.36525;-6.54183
450;450;-3.02162;-20.2391
450;450;-7.36173;-35.0966
450;450;-3.76324;-14.3687
450;450;-14.4846;3.36454
450;450;-16.6506;4.16264
450;450;-15.1879;2.446
450;450;10.2387;5.40378
450;450;-8.13051;7.39138
450;450;-9.66931;6.8254
450;450;14.257;-4.84737
450;450;15.281;-1.99566
450;450;18.6094;-15.641
450;450;4.05219;-5.68434e-14
450;450;-2.2279;9.48285
450;450;-2.2279;9.48285
450;450;6.33732;-5.82348
450;450;-2.1694;-22.7787
450;450;-7.09123;-18.3571
450;450;-10.4733;-19.1724
450;450;-13.4979;-14.6418
450;450;-9.85427;-9.17074
450;450;-13.4488;-6.15452
450;450;-13.4488;-6.15452
450;450;-12.5513;-14.5481
450;450;4.68148;-16.4993
450;450;-4.46529;-36.7528
450;450;-6.11826;-29.4477
450;450;13.4292;-17.5437
450;450;4.28184;-18.0979
450;450;6.39746;-18.6783
450;450;6.39746;-18.6783
450;450;25.5258;-24.6712
450;450;25.5258;-24.6712
450;450;21.1916;-9.99603
450;450;24.047;-4.87828
450;450;18.2012;1.54538
450;450;16.5046;2.34148
450;450;26.7707;-9.13285
450;450;27.8202;-37.76
450;450;12.2073;-36.7364
450;450;16.2056;-14.9458
450;450;16.2381;-2.40141
450;450;11.9468;5.94484
450;450;5.9921;9.5303
450;450;5.47815;-14.9508
450;450;-4.52326;-40.1368
450;450;9.5798;-21.1673
450;450;10.42;43.0541
450;450;10.0535;61.0634
450;450;1.71268;-6.39401
450;450;5.31268;-8.05471
450;450;-3.13733;-5.53311
450;450;-8.15395;-8.61012
450;450;0.62681;-10.1999
450;450;16.6653;-9.47413
450;450;4.684;-12.3955
450;450;0.400833;-13.5711
450;450;12.1991;-7.10183
450;450;24.5873;-1.37551
450;450;16.6052;-1.26406
450;450;1.89307;-12.5631
450;450;0.11467;-20.9272
450;450;-8.93769;-15.1826
450;450;-4.1764;-19.6233
450;450;15.5185;-31.1515
450;450;-0.05722;-20.542
450;450;10.7386;-14.1087
450;450;17.8712;-5.25289
450;450;15.422;1.2566
450;450;-1.76893;-5.64916
450;450;-1.82779;-28.3878
450;450;-7.82819;-21.4275
450;450;-10.4918;-13.1147
450;450;0.854795;-1.76658
450;450;4.95765;-0.0569845
450;450;8.10489;0.627844
450;450;-6.21919;10.8408
450;450;0.285374;-3.25327
450;450;10.6521;-1.31719
450;450;5.86815;-15.1882
450;450;3.79656;-11.2171
450;450;6.30603;-1.94914
450;450;6.30603;-1.94914
450;450;8.21537;-35.9638
450;450;12.7324;-16.3456
450;450;-2.6348;-18.6727
450;450;4.63202;-18.2994
450;450;9.65423;-26.5634
450;450;19.6868;-16.6537
450;450;10.9308;-23.1206
450;450;9.03588;-22.075
450;450;-10.3992;-17.1986
450;450;-7.47799;-8.04883
450;450;-0.742468;-11.5368
450;450;3.37727;-6.92626
450;450;-1.8873;1.48696
450;450;-4.74579;9.66312
450;450;-5.99857;6.16996
450;450;9.47263;11.0704
450;450;12.2688;1.76898
450;450;12.4463;-6.45151
450;450;0.627645;-3.53763
450;450;8.56585;-1.71317
450;450;-4.58037;-4.23684
450;450;-14.4422;-3.93879
450;450;-8.21305;7.30049
450;450;-4.04795;2.62262
450;450;-4.04795;2.62262
450;450;-6.60373;11.1011
450;450;-6.55779;6.15862
450;450;-6.84248;1.42552
450;450;3.07989;-6.67311
450;450;2.28669;-12.9198
450;450;-5.77537;-9.03473
450;450;-5.49854;-20.6195
450;450;13.6024;3.08625
450;450;0.0572346;-26.4424
450;450;0.114309;-16.5177
450;450;-5.02945;-5.82959
450;450;-7.48773;-9.54543
450;450;1.31135;-0.684183
450;450;3.59435;10.8972
450;450;3.59435;10.8972
450;450;-27.2307;-14.1874
450;450;-19.2831;-5.26424
450;450;-9.08787;-8.57346
450;450;-11.7152;-20.2302
450;450;-4.27831;-0.96975
450;450;-5.02482;4.28252
450;450;1.42674;1.36967
450;450;-0.855987;1.88317
450;450;-13.9033;-10.5415
450;450;-1.59693;0.0570333
450;450;7.88058;-4.85398
450;450;-7.98744;-11.2965
450;450;-6.8362;-6.66529
450;450;-11.5958;0.742586
450;450;-11.5958;0.742586
450;450;-3.19225;-0.0570044
450;450;-4.21739;-6.61104
450;450;-2.74586;-11.8415
450;450;-2.63262;-17.0548
450;450;-2.63262;-17.0548
450;450;-15.7175;2.68627
450;450;-3.54111;-26.6155
450;450;-3.26268;-24.2698
450;450;6.35688;-19.0134
450;450;11.7581;-25.8679
450;450;15.5432;-19.7301
450;450;10.0755;-7.95738
450;450;-2.28249;8.55933
450;450;10.2849;0.457106
450;450;10.2849;0.457106
450;450;-1.88646;-5.94521
450;450;-18.4469;4.79733
450;450;-10.9003;8.38921
450;450;-8.89268;2.96423
450;450;2.62245;-2.96451
450;450;1.9994;2.2279
450;450;-10.9521;-0.342254
450;450;-15.3048;1.88455
450;450;-14.7319;-2.05561
450;450;-1.71143;-3.25172
450;450;-10.892;16.9938
450;450;-14.0222;4.50306
450;450;-10.3735;-8.0366
450;450;-15.5597;-13.3939
450;450;-13.1655;-24.1083
450;450;9.96008;-19.3477
450;450;6.52661;-14.9425
450;450;10.003;-18.0054
450;450;3.76253;-9.74837
450;450;15.8052;6.73291
450;450;3.54618;-11.4965
450;450;6.91549;-2.91479
450;450;18.0626;-23.207
450;450;8.74716;-19.4381
450;450;13.8521;-8.98669
450;450;-1.14389;-7.95005
450;450;0.743577;-34.4905
450;450;32.1679;-23.5669
450;450;15.5531;2.35305
450;450;5.39205;5.67886
450;450;-6.93244;-0.630222
450;450;-27.0001;-7.43648
450;450;-31.3564;12.7136
450;450;-31.3564;12.7136
450;450;-16.4915;0.85596
450;450;-17.8469;-11.5748
450;450;-28.9342;-8.10386
450;450;-12.2867;-8.11492
450;450;-4.79459;-19.6921
450;450;-10.893;-15.5696
450;450;-8.99871;0.455631
450;450;-7.91308;7.79923
450;450;-3.57892;13.7476
450;450;10.33;6.81098
450;450;36.7701;-5.12277
450;450;25.404;-16.0987
450;450;14.5495;-21.9098
450;450;6.11089;-20.56
450;450;4.74082;8.73911
450;450;3.54111;21.418
450;450;10.4084;19.1012
450;450;11.6929;6.95872
450;450;12.8378;5.99096
450;450;21.9914;-1.37446
450;450;12.2014;0.630121
450;450;7.95207;-7.60881
450;450;1.83151;-19.5742
450;450;8.45486;-15.253
450;450;6.81048;-17.9133
450;450;-9.55483;-15.5051
450;450;-11.5386;-7.99708
450;450;-18.8643;-10.0875
450;450;-0.51252;-13.5533
450;450;18.472;-21.9391
450;450;25.6104;-12.9478
450;450;16.4018;-11.887
450;450;16.4018;-11.887
450;450;17.9397;-8.51279
450;450;20.104;-22.166
450;450;1.82889;-15.9456
450;450;-23.6522;-12.226
450;450;-23.6522;-12.226
450;450;-37.5101;2.10923
450;450;-28.5944;-13.1318
450;450;-15.1478;-3.87237
450;450;-22.3302;1.9368
450;450;-31.9329;0.853822
450;450;-30.4839;18.1993
450;450;-7.21056;29.4668
450;450;-7.21056;29.4668
450;450;-22.243;-18.7069
450;450;-22.243;-18.7069
450;450;5.82367;-22.5524
450;450;-16.219;4.78034
450;450;-18.889;6.1446
450;450;-3.19407;-17.1111
450;450;-3.99892;-10.74
450;450;-21.9801;-2.45492
450;450;-15.1785;-1.48362
450;450;-15.1785;-1.48362
450;450;10.2261;-0.971197
450;450;17.8436;-10.3516
450;450;11.6688;-21.164
450;450;11.4524;-11.4524
450;450;17.5906;-7.33419
450;450;26.1231;-30.9352
450;450;26.1231;-30.9352
450;450;25.1393;-32.4525
450;450;35.074;-40.8435
450;450;21.865;-12.4779
450;450;11.2155;21.916
450;450;-17.1028;0.1144
450;450;-14.6864;5.25739
450;450;-20.377;18.208
450;450;-24.6798;20.918
450;450;-5.92977;31.3594
450;450;-5.92977;31.3594
450;450;-12.1539;28.0737
450;450;-23.3282;37.6096
450;450;-23.3282;37.6096
450;450;-3.25121;22.7014
450;450;-5.30107;42.2946
450;450;-10.8785;42.1472
450;450;4.38503;25.1712
450;450;22.7621;-42.4513
450;450;-4.62835;-47.7691
450;450;-28.4851;13.5589
450;450;-16.6954;30.9976
450;450;-16.6553;-1.42597
450;450;3.59139;-1.42515
450;450;1.82501;-3.19376
450;450;-8.00114;-0.800114
450;450;-6.73313;-17.6887
450;450;0.628382;-5.65543
450;450;-6.90737;9.81875
450;450;6.903;23.3333
450;450;-5.6429;16.2447
450;450;-13.4586;4.9044
450;450;-14.8179;4.04641
450;450;-2.05027;0.512569
450;450;-4.67214;3.53259
450;450;-3.13972;-12.7301
450;450;1.42773;-5.19694
450;450;-8.84548;-4.33714
450;450;-8.72582;7.81331
450;450;-3.30197;1.65098
450;450;5.98413;12.9941
450;450;-1.9994;5.82681
450;450;1.25804;1.88706
450;450;3.48455;14.9093
450;450;8.0131;7.89862
450;450;0.514473;5.54488
450;450;-7.19805;-0.914039
450;450;2.74796;-19.5792
450;450;11.5302;-16.1767
450;450;5.66424;-4.29109
450;450;-11.4557;-4.35315
450;450;-4.29628;-2.69234
450;450;-3.32278;1.94783
450;450;-17.2574;-6.05724
450;450;-1.54308;3.77197
450;450;-1.88485;12.6228
450;450;-10.048;12.4459
450;450;-8.79399;-15.6465
450;450;10.3866;-2.91054
450;450;3.64401;16.2272
450;450;-3.08195;12.6702
450;450;-5.82829;9.59954
450;450;-6.69432;-0.743813
450;450;-3.3136;0.971228
450;450;-0.228148;0.798517
450;450;7.43718;-3.37534
450;450;13.8129;-5.4449
450;450;-5.09064;-4.91905
450;450;-2.56984;-24.1565
450;450;8.10592;-25.3453
450;450;18.3222;-13.4134
450;450;18.3222;-13.4134
450;450;9.53907;-13.9373
450;450;-2.17015;-9.59436
450;450;5.14228;4.57092
450;450;-6.6293;21.4881
450;450;-6.6293;21.4881
450;450;13.8239;-5.73604
450;450;10.6195;-11.7675
450;450;10.6195;-11.7675
450;450;-3.32913;-13.8905
450;450;4.75289;-12.0254
450;450;-6.002;-1.37189
450;450;-6.002;-1.37189
450;450;-7.30906;16.5025
450;450;-33.7594;3.19346
450;450;-33.7594;3.19346
450;450;-33.7594;3.19346
450;450;6.7359;6.16506
450;450;20.3451;-16.859
450;450;12.5069;5.31116
450;450;15.4751;5.59618
450;450;14.1069;9.82342
450;450;-5.42108;12.2688
450;450;-28.667;-11.5353
450;450;-13.7232;1.08642
450;450;2.74098;20.7287
450;450;15.4776;17.9906
450;450;-6.39421;8.56368
450;450;2.45445;-25.9145
450;450;1.02973;-9.21037
450;450;1.02973;-9.21037
450;450;-9.78711;12.7061
450;450;-15.6245;20.4321
450;450;-18.7372;-2.79915
450;450;-31.3789;-5.08692
450;450;6.22412;-2.39829
450;450;27.8016;-2.96855
450;450;21.3875;-14.0872
450;450;12.0891;-6.32969
450;450;8.50631;-9.41974
450;450;2.62561;-10.3883
450;450;8.87333;-7.84288
450;450;2.57506;1.03003
450;450;-4.51464;4.2289
450;450;-9.25728;8.80013
450;450;-9.25728;8.80013
450;450;-9.25728;8.80013
450;450;6.98173;-8.41241
450;450;5.66929;-9.10522
450;450;-6.87558;-20.283
450;450;-0.62952;-10.7591
450;450;-2.51353;2.74203
450;450;-2.28227;11.012
450;450;5.94333;7.31486
450;450;1.25529;2.6247
450;450;1.25529;2.6247
450;450;-10.9549;14.6636
450;450;1.88329;5.87815
450;450;-2.34126;1.37049
450;450;-1.31177;-1.82507
450;450;-16.8813;20.7595
450;450;-5.19381;7.99048
450;450;-13.3167;8.65015
450;450;2.79383;-3.93417
450;450;-5.60026;8.2861
450;450;-5.60026;8.2861
450;450;8.74382;2.22882
450;450;1.65796;-2.1725
450;450;9.64046;5.93259
450;450;9.04565;2.86255
450;450;9.04565;2.86255
450;450;-0.742209;11.9324
450;450;-18.2845;8.77201
450;450;3.36124;5.29822
450;450;7.85491;14.2299
450;450;7.80836;10.2592
450;450;7.80836;10.2592
450;450;11.7256;-21.0489
450;450;-5.49942;-29.9031
450;450;-6.18881;-36.9037
450;450;24.5265;-12.5792
450;450;17.3802;-4.70355
450;450;3.4344;-0.2862
450;450;-3.08312;6.22333
450;450;-12.6396;1.20105
450;450;-7.75726;6.67353
450;450;-5.77335;-10.4606
450;450;-14.4966;5.70731
450;450;-17.5582;4.06069
450;450;-15.8263;7.48464
450;450;-18.4061;10.3463
450;450;-19.7447;15.853
450;450;-19.7447;15.853
450;450;-6.73548;-2.68277
450;450;6.11399;-9.59954
450;450;18.0129;-11.6655
450;450;13.4365;-15.6092
450;450;1.59962;-7.02689
450;450;-0.171464;-3.02919
450;450;-1.02989;-11.2716
450;450;6.00371;-2.28713
450;450;21.1855;7.25219
450;450;13.3598;-8.05011
450;450;10.2963;-0.800826
450;450;4.05901;-10.1189
450;450;2.80173;-13.8943
450;450;-3.37384;-6.2902
450;450;18.2323;1.2574
450;450;18.2323;1.2574
450;450;2.50859;-10.8896
450;450;-6.21486;9.12272
450;450;1.71431;-7.7144
450;450;-2.05907;-7.49273
450;450;1.94492;-1.94492
450;450;7.54705;13.0358
450;450;7.95561;-16.0257
450;450;18.616;-36.0292
450;450;15.9635;-30.2617
450;450;7.32836;12.0803
450;450;9.15579;0.743908
450;450;9.15579;0.743908
450;450;28.0933;-0.571002
450;450;33.6683;-11.661
450;450;14.2659;-16.2139
450;450;15.1403;-10.7817
450;450;8.03123;5.3924
450;450;-4.01165;6.87711
450;450;6.84334;-27.6034
450;450;7.90675;-36.5327
450;450;13.3467;-18.697
450;450;17.6761;-17.7913
450;450;33.7451;-19.2088
450;450;21.8457;-12.0151
450;450;-0.0572146;-2.11694
450;450;7.93441;0.970396
450;450;10.5158;3.71481
450;450;-3.0242;-1.36945
450;450;-2.00098;-4.97387
450;450;14.2841;9.14184
450;450;3.65013;19.3343
450;450;-7.41386;-22.9259
450;450;5.9371;-0.570875
450;450;2.0545;7.87558
450;450;3.08606;8.11518
450;450;-7.19052;6.27744
450;450;-11.7709;12.228
450;450;-11.7709;12.228
450;450;6.45417;14.1649
450;450;-5.93974;-16.5627
450;450;0.744902;-12.1476
450;450;11.8434;-7.09461
450;450;7.45139;-2.35005
450;450;-1.95063;1.54903
450;450;1.20342;1.83378
450;450;1.20342;1.83378
450;450;6.23559;20.3658
450;450;4.34775;6.69325
450;450;7.04411;8.59038
450;450;1.03045;3.66383
450;450;16.6041;-13.1569
450;450;-3.90973;-35.1301
450;450;-2.17928;-8.31567
450;450;0.572364;6.12429
450;450;-1.31556;6.80659
450;450;0.22912;2.69217
450;450;-3.49531;2.92231
450;450;-3.49531;2.92231
450;450;-5.67163;9.33814
450;450;-19.2446;-1.78084
450;450;-17.1272;-10.7476
450;450;-1.4873;-21.0509
450;450;2.74264;-4.85675
450;450;0.742703;-4.91327
450;450;-1.54029;3.42286
450;450;-3.60452;-0.400502
450;450;-18.8978;11.4186
450;450;-10.7389;2.51337
450;450;-8.93229;-8.07341
450;450;-6.58868;7.04702
450;450;-18.2393;2.80164
450;450;-18.2393;2.80164
450;450;-11.9808;-4.50706
450;450;-13.2494;1.88461
450;450;-6.91264;11.5401
450;450;-10.8587;5.08644
450;450;-16.5612;8.73744
450;450;-4.16633;9.70242
450;450;9.02269;0.228423
450;450;-6.39158;-4.16594
450;450;-3.76181;22.8559
450;450;-3.76181;22.8559
450;450;-18.2837;8.4562
450;450;-18.2837;8.4562
450;450;-2.52049;-16.0967
450;450;5.96339;-18.8076
450;450;4.29874;-6.07556
450;450;6.22313;5.7093
450;450;6.16624;-11.1335
450;450;-2.68116;-3.08048
450;450;-7.52291;3.70446
450;450;-12.1889;5.63879
450;450;8.79232;8.84941
450;450;3.19579;7.98947
450;450;-0.17135;6.39705
450;450;-16.0798;-1.71062
450;450;-12.584;-6.32048
450;450;-0.683858;-6.32568
450;450;7.86262;0.0569755
450;450;12.5936;-1.53858
450;450;4.78761;13.7359
450;450;-11.6944;29.5498
450;450;-7.9877;13.0656
450;450;3.54911;3.54911
450;450;9.98835;-19.0008
450;450;9.98835;-19.0008
450;450;6.49124;-24.2991
450;450;20.6373;-22.9303
450;450;17.8754;-17.5889
450;450;12.3074;-34.9186
450;450;1.88904;-15.8565
450;450;-0.114378;-1.6013
450;450;8.68309;11.3109
450;450;9.32538;-11.0989
450;450;6.91549;-8.05854
450;450;7.65313;5.7684
450;450;26.1545;4.57848
450;450;10.1755;-12.0048
450;450;10.9002;-14.1129
450;450;-8.87051;-0.743979
450;450;-7.2591;1.54327
450;450;-1.9456;-27.7535
450;450;-1.20078;-8.34828
450;450;1.54347;-2.17229
450;450;-0.34308;5.03184
450;450;-0.0572018;24.368
450;450;-11.9423;13.1422
450;450;-23.0216;-20.2225
450;450;-23.0216;-20.2225
450;450;-23.0216;-20.2225
450;450;4.27939;-1.36941
450;450;13.2921;11.0673
450;450;2.45235;-9.2391
450;450;2.45235;-9.2391
450;450;20.9771;-9.54543
450;450;-1.31356;-13.9351
450;450;3.37009;-16.0508
450;450;15.1417;-34.6424
450;450;14.5358;-21.3154
450;450;9.40441;-8.6016
450;450;37.4217;-11.766
450;450;16.5545;-4.00974
450;450;24.1315;-11.0364
450;450;33.9218;-19.5308
450;450;31.446;-11.4921
450;450;2.28727;-6.46155
450;450;-5.19596;-0.114197
450;450;24.3703;-28.6609
450;450;37.5543;-40.1344
450;450;6.69538;-5.72255
450;450;9.56913;10.314
450;450;13.5418;13.0828
450;450;11.8679;18.2319
450;450;11.1244;22.3061
450;450;-7.72962;24.9065
450;450;9.62275;1.26012
450;450;1.7732;-6.4064
450;450;-12.9836;19.4468
450;450;-6.10082;46.2978
450;450;-6.10082;46.2978
450;450;4.62894;-34.517
450;450;4.1064;-26.4634
450;450;8.33108;-20.8277
450;450;5.19398;-40.9811
450;450;10.624;-45.6947
450;450;15.6311;-47.1214
450;450;17.9986;10.2849
450;450;18.0186;8.46587
450;450;10.4038;9.37485
450;450;5.49522;4.75107
450;450;18.0335;25.9911
450;450;13.5142;-11.5673
450;450;-7.66773;-4.63497
450;450;-4.53046;0.344086
450;450;-4.53046;0.344086
450;450;8.79958;19.5419
450;450;10.2732;22.2014
450;450;5.83181;21.5548
450;450;-7.26117;13.4932
450;450;5.94144;12.1114
450;450;-1.54264;8.5702
450;450;-5.0253;14.1051
450;450;7.87683;1.25573
450;450;15.4732;18.9561
450;450;14.2162;14.3874
450;450;14.2162;14.3874
450;450;14.0895;23.7296
450;450;-0.114168;-8.27717
450;450;1.7723;-10.9768
450;450;2.91036;7.87508
450;450;8.45378;20.906
450;450;-1.19979;34.1654
450;450;-4.68668;21.6616
450;450;4.90564;39.6444
450;450;2.51233;19.5277
450;450;24.3602;23.9608
450;450;23.8376;7.44926
450;450;-1.259;-0.572273
450;450;0.400171;1.94369
450;450;-2.39966;6.28481
450;450;-10.6757;23.1212
450;450;-7.19189;25.2287
450;450;-13.246;25.1217
450;450;-18.4539;5.14196
450;450;-2.40714;-2.40714
450;450;16.2577;4.12168
450;450;27.0298;17.7723
450;450;31.5383;-5.42779
450;450;33.2456;12.9193
450;450;33.2456;12.9193
450;450;3.67927;8.79577
450;450;-1.8377;32.332
450;450;-1.26447;17.1853
450;450;-5.11127;19.5836
450;450;-21.1869;30.5206
450;450;-21.7257;25.156
450;450;-10.3929;19.1298
450;450;-13.2439;19.1237
450;450;-9.99349;22.3854
450;450;0.399714;11.8201
450;450;0.79915;15.6976
450;450;-5.64755;20.6506
450;450;-1.14085;19.0521
450;450;9.63588;24.3463
450;450;3.13673;30.0556
450;450;-2.50764;16.0717
450;450;-3.87654;9.2923
450;450;0.741903;10.8432
450;450;12.226;18.7961
450;450;12.226;18.7961
450;450;-13.9307;25.4635
450;450;-16.7468;18.9188
450;450;-14.5763;24.9226
450;450;-3.54877;23.7539
450;450;-27.1588;8.06187
450;450;-31.4453;10.2725
450;450;-10.3319;22.4904
450;450;2.56739;32.5203
450;450;5.18313;26.2004
450;450;5.18313;26.2004
450;450;13.9918;33.6374
450;450;-1.59972;23.9387
450;450;-9.02699;24.5671
450;450;-15.723;9.83403
450;450;4.97245;15.2603
450;450;6.00143;14.0033
450;450;-0.057122;13.7093
450;450;-10.3689;11.9071
450;450;21.8403;23.2089
450;450;13.4492;27.5823
450;450;15.9632;26.2824
450;450;13.6107;37.4151
450;450;8.02491;34.0347
450;450;9.20219;21.4908
450;450;9.20219;21.4908
450;450;-1.14331;26.4676
450;450;16.9398;-3.66266
450;450;4.51837;-0.743529
450;450;-24.4598;26.6315
450;450;-5.19661;9.59375
450;450;-4.73917;23.6958
450;450;22.9201;11.2881
450;450;20.8407;1.37411
450;450;2.4564;19.1942
450;450;22.7504;6.40213
450;450;22.8076;6.40213
450;450;7.12222;-4.48011
450;450;-14.7689;21.4664
450;450;-17.4261;16.2262
450;450;-17.4261;16.2262
450;450;-21.9321;15.8367
450;450;6.19484;30.5195
450;450;21.5291;21.8154
450;450;12.6823;36.5044
450;450;14.8225;19.4403
450;450;3.69849;17.9235
450;450;7.2272;44.6151
450;450;16.0162;33.6853
450;450;2.34237;-7.76982
450;450;-14.222;-13.9364
450;450;-3.36635;-15.8047
450;450;9.60381;-12.5192
450;450;-10.7577;-49.8974
450;450;-10.7841;-39.7698
450;450;-11.4048;56.8532
450;450;-12.3048;50.985
450;450;4.33384;-4.50492
450;450;-10.4285;-15.1014
450;450;0.51369;-27.3397
450;450;0.51369;-27.3397
450;450;-7.64925;-49.8343
450;450;-3.08684;-28.639
450;450;14.5855;15.9583
450;450;-7.08447;43.0782
450;450;-27.2308;48.48
450;450;-27.4552;26.7148
450;450;-19.1456;-6.03998
450;450;-7.24667;-49.3572
450;450;-13.3022;-36.0245
450;450;-13.3022;-36.0245
450;450;-29.1136;-23.929
450;450;-5.19069;-30.7448
450;450;-10.6196;-19.298
450;450;-5.59476;-28.3734
450;450;-2.56699;-36.8505
450;450;-8.0995;-23.0436
450;450;-18.8488;-29.5544
450;450;-18.8488;-29.5544
450;450;-15.3356;-39.3368
450;450;-15.3356;-39.3368
450;450;2.92977;-34.7551
450;450;-1.6626;-28.1496
450;450;-6.64428;-35.7417
450;450;-5.38467;-24.0592
450;450;-21.3955;-39.3014
450;450;-6.63036;-36.2383
450;450;-1.88862;-41.0346
450;450;-1.88862;-41.0346
450;450;8.01641;12.6545
450;450;8.01641;12.6545
450;450;-3.53808;22.6551
450;450;11.4531;27.8883
450;450;11.1579;26.6645
450;450;-1.14593;15.069
450;450;-13.8292;26.6298
450;450;-13.8292;26.6298
450;450;6.91242;33.9337
450;450;7.27457;5.67073
450;450;0.572491;5.20967
450;450;0.572491;5.20967
450;450;-7.08492;27.6541
450;450;-3.88048;32.927
450;450;-5.42796;28.2254
450;450;-4.61984;17.6809
450;450;-0.170964;21.8834
450;450;5.70134;18.1873
450;450;7.58543;15.6842
450;450;4.62541;25.1828
450;450;12.7852;18.6641
450;450;1.94363;4.05875
450;450;17.83;6.85768
450;450;5.25405;17.6468
450;450;-15.8462;25.4223
450;450;-4.2214;17.1708
450;450;-18.5288;26.6244
450;450;11.5756;12.0317
450;450;21.7469;20.5483
450;450;23.6598;26.3458
450;450;26.3561;22.1916
450;450;16.5397;20.7031
450;450;-9.98747;23.7987
450;450;-10.5948;33.4931
450;450;-0.170781;28.1219
450;450;11.2248;8.81945
450;450;22.4201;14.6218
450;450;10.7783;23.0471
450;450;16.9305;6.71481
450;450;9.90158;15.5106
450;450;14.9468;15.634
450;450;19.9622;25.11
450;450;10.9016;15.6961
450;450;6.95718;-4.84721
450;450;7.06675;11.7969
450;450;-9.16958;5.46757
450;450;-10.3584;14.3993
450;450;-7.74867;18.9728
450;450;-1.65213;15.325
450;450;-9.39145;17.986
450;450;-21.366;23.0139
450;450;-19.4321;28.4663
450;450;-16.4441;26.5153
450;450;-25.7131;22.4705
450;450;-28.5384;15.38
450;450;-28.5384;15.38
450;450;-16.337;9.96157
450;450;-7.51102;33.9703
450;450;0.17097;14.9314
450;450;3.93717;31.3262
450;450;16.2293;27.487
450;450;0.970088;28.9885
450;450;8.0052;-5.54646
450;450;-8.284;-2.34237
450;450;-1.88305;-5.1356
450;450;-7.47633;13.3547
450;450;-11.6792;16.7497
450;450;1.42484;9.23296
450;450;-1.65376;18.7045
450;450;-4.84829;25.1541
450;450;-3.13723;27.0372
450;450;10.3227;30.3978
450;450;10.181;13.7271
450;450;9.08758;10.1164
450;450;2.689;-10.8704
450;450;-4.11906;5.60649
450;450;-2.97639;9.38707
450;450;-2.11923;7.44594
450;450;6.24294;16.266
450;450;15.5856;13.0644
450;450;13.7166;27.261
450;450;11.6279;44.7358
450;450;8.09642;40.9382
450;450;15.5607;36.3653
450;450;9.84523;-13.4874
450;450;-4.33165;-33.3423
450;450;-4.33165;-33.3423
450;450;-4.33165;-33.3423
450;450;-5.19546;-52.7539
450;450;4.91717;-36.9931
450;450;-3.60269;30.3083
450;450;-3.60269;30.3083
450;450;-6.96711;34.4929
450;450;-8.1674;39.9803
450;450;-4.16818;37.0569
450;450;-3.93144;44.6132
450;450;-3.93144;44.6132
450;450;-3.93144;44.6132
450;450;6.46134;-16.7537
450;450;9.60655;-18.1266
450;450;14.5781;-32.4721
450;450;20.3529;-27.3849
450;450;21.0463;-28.1379
450;450;14.653;-28.5619
450;450;2.40248;-15.1013
450;450;-14.9612;-1.77022
450;450;5.21714;-53.7193
450;450;17.4366;-67.8026
450;450;13.6045;12.2326
450;450;17.1975;43.3081
450;450;8.58655;35.4338
450;450;-6.01078;25.875
450;450;-7.03538;18.8754
450;450;-5.31656;17.9505
450;450;-11.7567;9.70211
450;450;-14.2175;4.96756
450;450;-23.9647;22.257
450;450;-9.96346;24.5955
450;450;-2.39153;29.4956
450;450;-5.53153;25.4906
450;450;5.98698;19.5575
450;450;-3.47562;30.5968
450;450;-5.75289;27.1126
450;450;6.63668;26.2034
450;450;-5.65939;28.3541
450;450;-6.55966;36.8482
450;450;3.02602;36.3694
450;450;17.1502;22.0666
450;450;9.82591;37.3613
450;450;13.0462;14.3622
450;450;6.07246;11.4002
450;450;6.07246;11.4002
450;450;-11.8288;34.2862
450;450;-3.88035;27.7331
450;450;7.69754;33.299
450;450;9.78929;43.8514
450;450;22.9898;41.8518
450;450;-1.0894;24.3681
450;450;2.74813;-36.47
450;450;2.74813;-36.47
450;450;-3.7206;-31.0241
450;450;-10.8856;-40.2769
450;450;0.860489;-51.8588
450;450;3.2633;-55.9342
450;450;12.6344;0.971875
450;450;0.114081;22.588
450;450;8.43398;20.6291
450;450;-1.19456;15.0742
450;450;-10.65;20.218
450;450;2.74246;20.9113
450;450;3.6004;31.032
450;450;-5.25255;23.922
450;450;-7.13278;18.8305
450;450;-10.3682;28.9969
450;450;1.31156;35.8112
450;450;3.42243;32.5131
450;450;-3.02535;30.0252
450;450;-19.5885;32.9521
450;450;-16.6548;30.971
450;450;-16.6938;39.8829
450;450;-18.9596;49.3634
450;450;-14.1699;48.4848
450;450;-18.3479;-379.967
450;450;-8.82145;-442.26
450;450;2.15219;-172.855
450;450;2.15219;-172.855
450;450;8.12512;159.377
450;450;5.7992;162.491
450;450;-8.6496;17.5268
450;450;-9.6313;8.60548
450;450;-1.5419;23.5283
450;450;-1.5419;23.5283
450;450;-25.722;21.1593
450;450;-15.3424;20.8748
450;450;0.971536;21.088
450;450;-0.916628;16.6712
450;450;-0.916628;16.6712
450;450;15.5604;19.1644
450;450;8.68226;8.33954
450;450;5.94767;2.68789
450;450;8.64215;1.48805
450;450;10.7577;15.9649
450;450;10.4296;6.47554
450;450;6.54076;8.77838
450;450;-5.68013;1.377
450;450;-14.2591;23.9943
450;450;-14.1888;20.2533
450;450;-13.9599;16.3056
450;450;-19.1121;10.3572
450;450;-19.8182;22.2169
450;450;-23.124;31.6104
450;450;-32.0904;23.8256
450;450;-28.6996;13.2942
450;450;7.10341;10.2541
450;450;4.07363;0.573751
450;450;-11.5614;13.3357
450;450;-20.3809;17.2981
450;450;-18.0219;8.26956
450;450;-6.49418;26.3755
450;450;-14.6182;27.53
450;450;-6.19406;11.5925
450;450;-6.09214;-16.7961
450;450;-11.6278;-9.46183
450;450;-9.45135;16.5683
450;450;0.455285;26.4065
450;450;15.7352;22.2345
450;450;-10.8036;7.31672
450;450;-24.6814;8.45566
450;450;-21.323;7.98188
450;450;-5.0083;13.659
450;450;1.82379;14.3624
450;450;-3.36358;4.27574
450;450;-2.79242;7.63641
450;450;8.42544;10.6457
450;450;-0.911955;15.4462
450;450;-4.78897;10.034
450;450;-10.4865;8.43478
450;450;-10.4865;8.43478
450;450;5.94824;10.0662
450;450;11.3184;4.80175
450;450;-1.82819;9.25523
450;450;-1.82819;9.25523
450;450;-18.3402;18.7402
450;450;-15.936;14.3938
450;450;-18.0145;15.0501
450;450;-13.3229;16.1248
450;450;-10.3502;10.8077
450;450;-16.4616;14.804
450;450;-8.95139;12.6004
450;450;-8.42784;-2.96113
450;450;-1.93882;-11.5759
450;450;-1.93882;-11.5759
450;450;-7.46474;17.4937
450;450;-1.25748;1.25748
450;450;-4.10939;23.0012
450;450;-0.571256;28.5057
450;450;-4.67836;23.2777
450;450;-3.13504;22.9143
450;450;-0.569107;28.057
450;450;-7.06787;20.2346
450;450;-13.111;8.20863
450;450;-3.02516;4.85167
450;450;16.3546;14.1891
450;450;22.8163;7.77698
450;450;27.3365;10.3157
450;450;20.6788;7.50393
450;450;12.5868;4.69145
450;450;0.85721;-2.57163
450;450;-1.54308;16.4595
450;450;3.03343;10.245
450;450;2.22875;9.31502
450;450;2.22875;9.31502
450;450;-17.9735;11.5258
450;450;-24.5572;21.8223
450;450;-29.4424;7.46025
450;450;-12.2799;18.9884
450;450;-1.64947;15.6984
450;450;-12.8602;18.7781
450;450;4.77944;6.20189
450;450;8.14544;8.94289
450;450;16.1166;-8.91555
450;450;16.1166;-8.91555
450;450;6.15959;20.0757
450;450;10.2132;-7.81678
450;450;11.2366;7.24392
450;450;-8.45003;15.8153
450;450;-5.19925;11.9411
450;450;11.7227;-1.94424
450;450;14.8649;-6.46052
450;450;14.8649;-6.46052
450;450;12.3662;-6.75561
450;450;9.44851;4.5811
450;450;-2.74647;-6.46566
450;450;4.1768;-6.17937
450;450;6.70305;-3.78121
450;450;13.2194;0.0574758
450;450;-1.60645;-3.38502
450;450;-10.3585;6.18074
450;450;-8.92122;2.80218
450;450;16.8858;-1.94616
450;450;28.2883;4.92468
450;450;18.0783;-0.516524
450;450;-3.78422;8.65784
450;450;-24.2205;11.2534
450;450;-13.3695;-1.42837
450;450;-0.0571383;-9.82779
450;450;8.9636;-2.56918
450;450;13.5603;-15.334
450;450;23.8608;-7.70446
450;450;16.3921;-11.5032
450;450;19.6815;-12.7959
450;450;19.6815;-12.7959
450;450;23.6379;12.1337
450;450;9.21242;28.7245
450;450;8.98669;-14.539
450;450;13.6943;13.1213
450;450;5.09647;8.64682
450;450;5.15128;7.84139
450;450;5.78363;-4.92468
450;450;2.62886;25.2599
450;450;17.1904;30.3831
450;450;22.2155;35.728
450;450;-4.46345;13.4476
450;450;1.71366;-1.08532
450;450;10.9625;-5.36708
450;450;6.15628;-9.06341
450;450;6.15628;-9.06341
450;450;5.65113;15.298
450;450;-8.55879;12.4958
450;450;-9.18935;6.22136
450;450;-0.912909;-2.62461
450;450;-0.912909;-2.62461
450;450;-3.07872;2.05248
450;450;-3.7605;-11.8513
450;450;1.2543;-7.98188
450;450;9.3094;25.0155
450;450;19.0307;21.0309
450;450;22.4053;21.7766
450;450;15.2355;16.3811
450;450;9.66343;6.23262
450;450;5.19579;10.2774
450;450;13.9842;6.22156
450;450;14.6599;4.90564
450;450;7.49487;5.8357
450;450;-10.1112;11.3109
450;450;-6.67247;1.31168
450;450;-3.19417;10.2099
450;450;-10.9706;18.5699
450;450;-0.971104;13.4812
450;450;25.5319;5.5976
450;450;19.44;3.25905
450;450;2.57318;13.4377
450;450;3.36945;19.4743
450;450;-3.13852;1.19834
450;450;3.47859;-2.33807
450;450;4.10627;3.70705
450;450;10.6859;-2.80004
450;450;-1.42705;4.68073
450;450;-2.05255;28.8497
450;450;-0.911637;35.8957
450;450;12.4112;8.08438
450;450;14.6075;6.61901
450;450;2.85293;7.13232
450;450;1.0838;11.0662
450;450;1.31193;13.9179
450;450;-2.90787;10.149
450;450;0.968339;1.31011
450;450;12.0409;13.9241
450;450;6.90891;14.0462
450;450;13.6101;21.3302
450;450;15.6788;7.78217
450;450;9.45332;4.41155
450;450;4.46927;4.64117
450;450;0.0572;18.8188
450;450;9.54331;8.62898
450;450;8.32449;11.8025
450;450;14.1559;-19.0648
450;450;7.12916;9.92379
450;450;10.742;-4.74248
450;450;14.7702;7.07146
450;450;16.5883;16.9873
450;450;18.4574;1.31431
450;450;7.42115;-0.7992
450;450;12.712;20.8636
450;450;25.2987;7.74916
450;450;4.15987;16.9244
450;450;10.3627;27.8425
450;450;7.34519;3.53025
450;450;-0.0569179;18.8398
450;450;-1.4252;18.5846
450;450;-6.78804;9.06973
450;450;-6.78804;9.06973
450;450;5.77885;-6.92318
450;450;6.87143;-4.23738
450;450;5.9388;1.71312
450;450;7.1364;25.063
450;450;7.1364;25.063
450;450;-1.76887;18.6588
450;450;-8.96417;15.93
450;450;9.53907;13.1376
450;450;9.37723;-2.80173
450;450;7.64697;-4.42719
450;450;1.83788;2.18248
450;450;1.9474;5.32671
450;450;3.43418;-25.413
450;450;-2.9098;0.399385
450;450;-2.9098;0.399385
450;450;8.41562;17.3465
450;450;24.8807;8.10202
450;450;-3.54967;5.21
450;450;-1.25581;16.0972
450;450;-1.25581;16.0972
450;450;5.87089;-19.6646
450;450;-1.02511;-3.30312
450;450;-14.1299;-4.21619
450;450;-6.32328;7.80441
450;450;22.681;-2.3995
450;450;16.0763;-13.9595
450;450;0.228756;-7.72053
450;450;4.46828;3.37985
450;450;13.1242;1.14622
450;450;13.1242;1.14622
450;450;12.7081;11.7922
450;450;-9.00731;6.8272
450;450;-11.0628;9.3432
450;450;-9.96547;15.75
450;450;-8.68502;22.2839
450;450;-9.70765;12.6771
450;450;-1.42778;0.799555
450;450;10.944;-11.517
450;450;8.00393;3.25874
450;450;4.00209;13.6071
450;450;4.73797;3.36795
450;450;-2.11398;15.3121
450;450;-11.1966;15.938
450;450;-9.12619;14.3738
450;450;0.684183;26.284
450;450;0.684183;26.284
450;450;-6.61796;24.6462
450;450;-5.41096;6.32228
450;450;-1.31281;-25.457
450;450;-1.31281;-25.457
450;450;4.80236;15.3218
450;450;9.41735;11.5291
450;450;13.6759;18.9183
450;450;24.8075;21.8351
450;450;6.12157;-3.89034
450;450;-0.514718;9.32212
450;450;12.4819;6.81351
450;450;-6.2926;12.6996
450;450;-12.972;7.42892
450;450;-9.60198;13.1456
450;450;4.56657;21.2345
450;450;3.42547;26.8899
450;450;-3.71199;-0.22843
450;450;8.95309;-3.36454
450;450;7.75628;12.5469
450;450;3.43069;3.9453
450;450;-2.17091;-0.228517
450;450;5.89422;3.54798
450;450;0.229361;-4.58723
450;450;0.229361;-4.58723
450;450;-10.1177;13.8332
450;450;-7.38279;9.6148
450;450;4.06482;6.46936
450;450;2.5713;9.2567
450;450;6.67395;11.9218
450;450;8.50119;2.68158
450;450;20.1453;0.400617
450;450;21.4187;-23.5949
450;450;12.9059;0.628162
450;450;12.1974;6.15569
450;450;9.06456;12.1431
450;450;9.06456;12.1431
450;450;-4.9608;24.975
450;450;-10.1484;10.9466
450;450;-10.1484;10.9466
450;450;5.60631;-16.1897
450;450;4.62101;-0.456396
450;450;7.74793;18.2874
450;450;10.6706;12.5537
450;450;-1.37106;13.4249
450;450;-9.87865;20.2141
450;450;-0.113994;25.1927
450;450;-0.912301;-4.50449
450;450;-5.47069;-1.59562
450;450;-14.1027;15.2969
450;450;-14.1027;15.2969
450;450;21.1446;16.0722
450;450;0.570622;11.3554
450;450;-6.39178;16.2648
450;450;-2.28575;10.5716
450;450;-2.28575;10.5716
450;450;-9.82903;28.8014
450;450;-11.1806;21.4486
450;450;-1.02498;16.2857
450;450;-3.35646;6.54224
450;450;2.677;9.56886
450;450;3.87716;-2.10963
450;450;3.87716;-2.10963
450;450;-9.16929;12.4156
450;450;3.81857;10.0879
450;450;22.809;26.1163
450;450;18.2011;24.5714
450;450;18.2654;-3.81241
450;450;9.7722;-14.2297
450;450;1.36767;3.93206
450;450;3.82135;11.8633
450;450;1.71111;3.42221
450;450;-8.26904;13.2875
450;450;-14.5274;2.2788
450;450;-22.588;14.3742
450;450;-9.35494;15.0021
450;450;-5.0758;16.7102
450;450;2.85157;6.84378
450;450;5.1449;0.571655
450;450;-2.74586;-2.40263
450;450;-11.8614;6.61502
450;450;-5.70242;-5.68434e-14
450;450;7.5389;-11.4226
450;450;10.92;-26.2995
450;450;1.99863;10.6213
450;450;-2.84941;4.67303
450;450;2.39661;-0.228249
450;450;0.968921;7.46639
450;450;-5.35333;15.3196
450;450;-3.26538;-18.2174
450;450;-0.858546;-7.72691
450;450;0.857564;1.54362
450;450;5.25039;2.96761
450;450;-5.68434e-14;4.4968
450;450;5.87238;-7.86785
450;450;0.741527;6.27446
450;450;1.31127;13.7968
450;450;13.108;3.7206
450;450;1.31289;13.871
450;450;2.96423;11.6859
450;450;16.1064;12.7937
450;450;18.4674;2.80155
450;450;12.4065;-9.71937
450;450;-4.36231;-22.0986
450;450;-6.25448;1.83618
450;450;-8.75133;13.3272
450;450;-5.09274;15.221
450;450;-15.9634;7.89586
450;450;-15.9634;7.89586
450;450;-13.6284;23.3792
450;450;7.7553;10.6065
450;450;8.56558;9.07951
450;450;-5.5389;14.4468
450;450;5.59795;5.65507
450;450;7.42068;5.4228
450;450;11.7111;15.7672
450;450;-21.7642;5.08402
450;450;-0.800571;17.6126
450;450;-10.1745;24.5788
450;450;-16.1018;26.7792
450;450;-16.1018;26.7792
450;450;-32.3713;17.5535
450;450;-17.2412;21.7364
450;450;-16.8312;14.6704
450;450;-17.2044;10.6531
450;450;-0.627824;21.7455
450;450;-0.114251;14.7955
450;450;0.34233;13.8644
450;450;8.38203;17.6194
450;450;3.42623;-7.99454
450;450;3.42623;-7.99454
450;450;6.04859;-1.6548
450;450;1.08199;7.46001
450;450;10.5395;7.29217
450;450;6.72716;25.3124
450;450;6.72716;25.3124
450;450;6.72716;25.3124
450;450;2.85049;8.09539
450;450;5.8789;11.872
450;450;6.04495;17.1084
450;450;0.228517;17.7672
450;450;-1.99642;12.9482
450;450;-6.05358;7.25288
450;450;9.09914;2.17464
450;450;14.1437;16.2051
450;450;11.7279;30.7785
450;450;11.7279;30.7785
450;450;-4.89447;17.7567
450;450;-2.61996;6.20817
450;450;-8.19151;32.3678
450;450;1.02316;32.457
450;450;-18.5453;-3.47012
450;450;-11.9831;6.24714
450;450;2.8985;32.7929
450;450;2.16295;27.7199
450;450;0.455891;25.074
450;450;-3.81627;25.0051
450;450;-10.6554;27.8067
450;450;16.9443;19.5116
450;450;4.50649;19.2239
450;450;9.06226;-15.9017
450;450;13.9656;-11.0585
450;450;11.2815;7.35007
450;450;6.97596;9.60625
450;450;6.97596;9.60625
450;450;-5.82737;5.42745
450;450;-6.22096;7.01999
450;450;-4.59264;-14.9835
450;450;-11.1148;-14.0368
450;450;-10.4061;1.71529
450;450;-10.4061;1.71529
450;450;-9.81532;12.098
450;450;3.76539;12.209
450;450;2.0592;-20.6492
450;450;12.7974;6.51294
450;450;16.6146;4.91015
450;450;25.0917;9.08787
450;450;19.8208;18.2168
450;450;4.68742;24.3517
450;450;-11.1519;25.7351
450;450;-11.1519;25.7351
450;450;-8.89747;10.4945
450;450;2.68235;6.50612
450;450;-7.42633;7.02645
450;450;14.0297;4.27736
450;450;14.5832;-2.80227
450;450;11.075;12.9589
450;450;9.24906;16.1002
450;450;1.02787;7.82323
450;450;-15.4678;14.0409
450;450;-13.7628;-6.08521
450;450;22.1656;-1.4815
450;450;20.5074;7.48322
450;450;5.42779;-1.37123
450;450;-5.25439;11.4797
450;450;-10.5144;23.4289
450;450;-5.01686;14.7655
450;450;5.01543;7.01021
450;450;3.18922;21.1286
450;450;2.677;-0.113915
450;450;8.03406;17.3217
450;450;6.04342;20.8099
450;450;16.6521;20.9863
450;450;6.90103;7.07213
450;450;6.90103;7.07213
450;450;4.56947;-10.7954
450;450;3.93642;21.7359
450;450;9.06341;15.1627
450;450;-10.7325;11.9884
450;450;-32.1841;5.64934
450;450;-8.09642;-10.6622
450;450;-8.09642;-10.6622
450;450;-8.09642;-10.6622
450;450;5.07532;8.04067
450;450;2.916;8.06187
450;450;-3.31486;20.8036
450;450;-5.25239;23.807
450;450;1.65412;21.3895
450;450;9.40423;12.596
450;450;-13.5658;11.7418
450;450;-22.8356;9.79483
450;450;-4.0413;12.9208
450;450;-6.15082;9.16929
450;450;4.6714;-5.7538
450;450;-0.284221;8.12872
450;450;-7.33869;16.0996
450;450;10.1407;20.3953
450;450;21.5914;2.57041
450;450;20.4327;-2.91896
450;450;26.0517;28.1702
450;450;8.81132;22.2
450;450;8.81132;22.2
450;450;-10.9601;7.70633
450;450;-15.9107;16.9981
450;450;-15.9107;16.9981
450;450;7.09461;14.1892
450;450;-4.11278;18.1648
450;450;-5.64862;13.3513
450;450;17.9033;27.4252
450;450;-7.53603;0.799276
450;450;-16.1181;-4.28673
450;450;-6.46442;4.23334
450;450;-8.77614;-6.30965
450;450;14.8048;2.47708
450;450;14.8048;2.47708
450;450;5.74648;-4.02254
450;450;-3.60314;20.8182
450;450;-5.09193;33.6983
450;450;5.65238;19.6977
450;450;11.775;7.94525
450;450;10.4782;28.5303
450;450;21.8486;-5.64755
450;450;-10.2878;18.6896
450;450;-14.1591;7.70755
450;450;-14.3556;15.0961
450;450;-9.55465;18.3699
450;450;7.18551;-19.1043
450;450;7.18551;-19.1043
450;450;6.80334;-4.05914
450;450;9.3035;25.7416
450;450;7.81331;30.9111
450;450;11.6963;17.63
450;450;-10.6602;10.1471
450;450;-23.8075;10.5938
450;450;-13.0973;20.8418
450;450;-10.8178;16.7391
450;450;6.78653;11.1208
450;450;23.7753;6.55675
450;450;14.5416;0.0570261
450;450;-3.47628;-10.1439
450;450;-0.114052;18.7045
450;450;9.46483;27.6533
450;450;1.02514;32.9183
450;450;-1.25577;39.2713
450;450;-9.39799;30.4723
450;450;-6.53935;31.7869
450;450;-3.58832;-16.3468
450;450;13.2351;0.570477
450;450;-9.48767;2.22903
450;450;-16.4659;25.0123
450;450;-16.4659;25.0123
450;450;-15.122;12.6111
450;450;-17.7589;12.1239
450;450;12.533;-6.8362
450;450;-7.456;18.327
450;450;-7.56481;27.5291
450;450;4.89726;34.1669
450;450;-7.64246;8.84016
450;450;-7.64246;8.84016
450;450;7.54321;1.02862
450;450;1.65949;11.1586
450;450;-2.51488;10.5739
450;450;2.79578;6.16213
450;450;-4.23038;18.2935
450;450;1.94036;-3.42417
450;450;6.39847;-7.19828
450;450;-3.55114;9.90883
450;450;-3.42895;32.8608
450;450;13.9794;16.7182
450;450;16.236;29.7375
450;450;22.903;16.5633
450;450;11.1444;-8.9727
450;450;-16.9814;18.6339
450;450;-20.879;32.314
450;450;-2.33666;20.574
450;450;16.6516;9.01012
450;450;35.6873;-7.40138
450;450;49.0536;-0.229223
450;450;24.7304;-28.0086
450;450;-107.38;-7.05916
450;450;-202.628;4.27967
450;450;-125.636;-3.23746
450;450;-107.333;7.53315
450;450;-19.7911;21.7192
450;450;3.18317;19.5538
450;450;-9.26765;0.511711
450;450;31.7027;3.82717
450;450;36.8134;7.03113
450;450;12.289;13.718
450;450;7.76095;13.4675
450;450;12.4459;11.0757
450;450;3.88158;-4.33824
450;450;17.054;32.6821
450;450;9.71875;24.5827
450;450;24.2861;13.5431
450;450;24.1611;18.5063
450;450;16.2165;6.76164
450;450;9.6748;11.5067
450;450;15.9148;17.0597
450;450;22.2459;18.0712
450;450;47.7256;23.8914
450;450;28.3181;-1.6557
450;450;14.0051;13.0333
450;450;12.9642;12.5073
450;450;6.3853;21.1513
450;450;-0.284769;20.7882
450;450;-1.36521;19.9093
450;450;46.6429;3.53528
450;450;46.6429;3.53528
450;450;10.3397;6.28382
450;450;16.7987;11.1991
450;450;20.7801;-4.46515
450;450;19.9768;-12.1921
450;450;19.0761;4.81199
450;450;15.4844;0.344097
450;450;16.5827;9.37782
450;450;13.9152;12.8887
450;450;9.38522;23.264
450;450;9.38522;23.264
450;450;2.73327;34.1089
450;450;2.91045;34.2406
450;450;13.4799;36.2701
450;450;42.363;10.8477
450;450;33.9639;16.583
450;450;33.753;7.98213
450;450;42.9296;9.0528
450;450;23.5819;37.8791
450;450;12.6171;22.4368
450;450;12.6171;22.4368
450;450;-1.20135;3.48964
450;450;-9.47834;17.8718
450;450;-11.2245;13.3897
450;450;-11.2245;13.3897
450;450;-5.12407;7.5153
450;450;-11.9808;-2.73847
450;450;-2.7949;-10.2099
450;450;5.8115;16.0101
450;450;-2.39305;24.5002
450;450;-19.9244;28.3496
450;450;-15.9098;14.3189
450;450;-14.787;22.1804
450;450;-9.21661;5.06345
450;450;-9.21661;5.06345
450;450;-9.00812;15.3366
450;450;-12.5073;32.8032
450;450;-12.2408;43.4407
450;450;-20.1566;27.9573
450;450;-34.4824;-10.0716
450;450;-18.9998;-10.922
450;450;-12.8716;-24.0345
450;450;-9.8552;-31.9582
450;450;-0.969044;-17.3858
450;450;-17.1426;-3.81579
450;450;-5.80819;-0.455545
450;450;-5.80819;-0.455545
450;450;-16.3691;-21.5202
450;450;-34.1492;-15.5898
450;450;-40.591;0.285049
450;450;-39.9526;-25.6106
450;450;-5.07693;-34.5687
450;450;13.35;-27.5558
450;450;13.5761;-15.5155
450;450;13.5761;-15.5155
450;450;21.6656;-32.4983
450;450;21.6656;-32.4983
450;450;27.1306;-18.6415
450;450;36.3156;-18.5588
450;450;22.2733;-24.8433
450;450;25.669;-3.13733
450;450;30.7546;3.65175
450;450;33.8991;-21.0369
450;450;25.6058;-37.6927
450;450;23.2199;-38.8718
450;450;17.0684;-10.1379
450;450;17.0684;-10.1379
450;450;32.6852;15.7712
450;450;32.2333;-19.924
450;450;22.2693;-18.883
450;450;18.6249;-8.71073
450;450;29.7857;-1.60384
450;450;17.686;-3.43418
450;450;8.9844;-7.49654
450;450;6.98595;-12.0823
450;450;6.11846;-9.03473
450;450;3.48444;-7.026
450;450;12.3348;3.08371
450;450;13.9107;-9.04479
450;450;26.187;-10.0852
450;450;39.0974;-3.84095
450;450;39.0974;-3.84095
450;450;41.7373;-20.2675
450;450;25.5429;-20.503
450;450;23.2177;-28.3771
450;450;32.8134;-60.4549
450;450;26.0649;-23.7162
450;450;30.4663;16.8051
450;450;26.6912;22.919
450;450;26.5147;29.9433
450;450;17.2235;53.5526
450;450;25.8713;17.1904
450;450;33.4884;14.344
