target.x;target.y;delta.x;delta.y
450;450;-0.85531;-0.0570206
450;450;-0.285121;-0.570242
450;450;-0.285121;-0.570242
450;450;-3.02257;0.228119
450;450;-9.18381;1.99648
450;450;-9.18381;1.99648
450;450;-9.35583;2.39601
450;450;-9.24115;2.39585
450;450;-9.24115;2.39585
450;450;-9.24115;2.39585
450;450;6.78739;-1.19777
450;450;6.84139;-0.855174
450;450;6.84139;-0.855174
450;450;-2.90741;0.85512
450;450;-2.90741;0.85512
450;450;-1.82541;1.02679
450;450;-1.82541;1.02679
450;450;-1.82541;1.02679
450;450;11.0067;-1.5398
450;450;11.0067;-1.5398
450;450;11.0067;-1.5398
450;450;6.21623;-0.912475
450;450;6.21623;-0.912475
450;450;0.855445;0.228119
450;450;0.855445;0.228119
450;450;0.0570441;0.285221
450;450;0.0570441;0.285221
450;450;1.93962;-5.68434e-14
450;450;1.93962;-5.68434e-14
450;450;12.3739;-1.7677
450;450;12.3739;-1.7677
450;450;12.3739;-1.7677
450;450;16.82;-2.28068
450;450;16.82;-2.28068
450;450;12.4844;-0.798087
450;450;12.4844;-0.798087
450;450;11.1169;-0.570098
450;450;11.1169;-0.570098
450;450;12.8256;-1.14005
450;450;12.8256;-1.14005
450;450;12.8256;-1.14005
450;450;14.3063;-1.82391
450;450;14.3063;-1.82391
450;450;8.20733;-1.2539
450;450;5.75671;-0.740963
450;450;2.67887;0.170991
450;450;3.53349;-0.113984
450;450;3.53349;-0.113984
450;450;7.29333;-0.398854
450;450;9.56946;-0.398728
450;450;9.56946;-0.398728
450;450;7.68513;0.853903
450;450;7.68513;0.853903
450;450;7.68513;0.853903
450;450;11.1545;0.398375
450;450;13.4313;-0.22765
450;450;13.4313;-0.22765
450;450;10.3008;0.85366
450;450;2.61781;1.9349
450;450;-3.01665;3.92733
450;450;-3.01665;3.92733
450;450;-3.01665;3.92733
450;450;-13.9029;6.03979
450;450;-14.9917;6.78331
450;450;-14.9917;6.78331
450;450;-15.3956;6.55737
450;450;-17.4583;6.56111
450;450;-17.4583;6.56111
450;450;-19.7473;7.30535
450;450;-19.8044;7.30535
450;450;-19.8044;7.30535
450;450;-19.8044;7.30535
450;450;-19.8044;7.30535
450;450;-24.6227;6.56986
450;450;-24.6227;6.56986
450;450;-24.6227;6.56986
450;450;-25.0345;6.05858
450;450;-25.0345;6.05858
450;450;-25.0345;6.05858
450;450;-33.5487;7.88709
450;450;-33.5487;7.88709
450;450;-33.5487;7.88709
450;450;-35.6418;8.73911
450;450;-35.6418;8.73911
450;450;-37.2864;7.70853
450;450;-36.7632;6.7932
450;450;-36.7632;6.7932
450;450;-33.8012;8.4503
450;450;-33.8023;8.50766
450;450;-38.6323;7.76071
450;450;-37.8965;9.30291
450;450;-37.8965;9.30291
450;450;-36.9321;7.76317
450;450;-37.0486;8.33452
450;450;-37.0486;8.33452
450;450;-37.1022;7.99124
450;450;-37.7229;7.41903
450;450;-37.7229;7.41903
450;450;-37.7229;7.41903
450;450;-41.9314;10.326
450;450;-41.9314;10.326
450;450;-41.9314;10.326
450;450;-36.287;9.92757
450;450;-36.287;9.92757
450;450;-36.287;9.92757
450;450;-23.6958;6.16663
450;450;-23.6958;6.16663
450;450;-20.9027;5.59689
450;450;-20.9027;5.59689
450;450;-20.9027;5.59689
450;450;-28.0531;6.91329
450;450;-29.1977;7.54225
450;450;-23.3124;6.97087
450;450;-23.3124;6.97087
450;450;-23.3124;6.97087
450;450;-11.1895;4.45297
450;450;-14.5578;4.96677
450;450;-14.5578;4.96677
450;450;-18.0939;6.67818
450;450;-17.1795;6.50654
450;450;-17.1795;6.50654
450;450;-17.1795;6.50654
450;450;-5.76091;4.50606
450;450;-5.47363;3.0219
450;450;-5.47363;3.0219
450;450;-18.1475;5.87797
450;450;-22.9485;6.73612
450;450;-22.9485;6.73612
450;450;-21.0236;5.77005
450;450;-15.5391;4.79885
450;450;-13.7664;4.51264
450;450;-16.6828;4.74203
450;450;-18.2831;5.7706
450;450;-19.7127;6.39949
450;450;-18.5128;5.99952
450;450;-14.6827;4.9704
450;450;-14.6827;4.9704
450;450;-11.0214;4.79688
450;450;-15.4781;6.05416
450;450;-16.9092;5.88394
450;450;-16.9092;5.88394
450;450;-16.9092;5.88394
450;450;-16.2201;6.16819
450;450;-15.6474;5.71075
450;450;-15.6474;5.71075
450;450;-14.8465;5.596
450;450;-17.4167;6.11011
450;450;-19.7629;6.16878
450;450;-19.7629;6.16878
450;450;-17.4222;6.11205
450;450;-16.6241;5.99838
450;450;-16.6241;5.99838
450;450;-14.3399;5.19892
450;450;-13.9953;5.31251
450;450;-13.196;5.59831
450;450;-13.827;5.71365
450;450;-15.4288;6.51439
450;450;-16.2875;6.05781
450;450;-16.0599;5.82959
450;450;-15.6579;6.34316
450;450;-16.1176;5.65831
450;450;-16.5198;5.83051
450;450;-16.5198;5.83051
450;450;-17.8351;5.54488
450;450;-19.0927;6.05935
450;450;-18.7491;6.7451
450;450;-15.6624;6.34497
450;450;-11.5998;5.77133
450;450;-10.3401;4.85583
450;450;-10.3401;4.85583
450;450;-9.64749;4.7952
450;450;-9.64749;4.7952
450;450;-15.9901;6.33893
450;450;-15.7056;5.88244
450;450;-11.6477;5.53837
450;450;-11.6477;5.53837
450;450;-8.84633;5.02243
450;450;-8.78925;4.67999
450;450;-9.70058;5.64916
450;450;-9.70058;5.64916
450;450;-11.2955;5.81887
450;450;-11.2955;5.81887
450;450;-8.03889;5.98641
450;450;-8.03889;5.98641
450;450;-0.96843;4.15855
450;450;-0.74033;3.92944
450;450;-2.67641;4.49865
450;450;-3.3028;4.9542
450;450;-3.58787;4.84077
450;450;-3.58787;4.84077
450;450;0.455559;4.10003
450;450;5.06729;2.61905
450;450;6.54597;2.16302
450;450;4.32658;1.87865
450;450;3.01789;1.82212
450;450;2.50637;1.82281
450;450;2.50637;1.82281
450;450;4.61502;1.31044
450;450;4.61502;1.31044
450;450;10.0245;-0.284787
450;450;14.7543;-1.08236
450;450;14.7543;-1.08236
450;450;17.0932;-0.968614
450;450;17.0932;-0.968614
450;450;14.8673;-0.797481
450;450;14.8673;-0.797481
450;450;12.4753;-0.284823
450;450;12.4753;-0.284823
450;450;6.8362;0.626651
450;450;6.8362;0.626651
450;450;6.8362;0.626651
450;450;2.50557;2.96113
450;450;4.09925;2.96057
450;450;6.43233;2.4477
450;450;11.9482;1.25172
450;450;11.9482;1.25172
450;450;11.2061;1.02391
450;450;7.62506;1.76401
450;450;7.62506;1.76401
450;450;2.90336;2.61872
450;450;2.90336;2.61872
450;450;-5.13056;3.42037
450;450;-5.13056;3.42037
450;450;-5.13056;3.42037
450;450;-4.6788;3.65175
450;450;-4.6788;3.65175
450;450;3.19295;3.0219
450;450;8.60112;2.44933
450;450;8.60112;2.44933
450;450;8.60112;2.44933
450;450;10.584;2.10543
450;450;6.71355;2.50336
450;450;0.455314;3.13028
450;450;0.455314;3.13028
450;450;1.02491;3.24555
450;450;1.02491;3.24555
450;450;7.68318;2.10576
450;450;12.0059;0.967298
450;450;14.6242;0.455228
450;450;17.644;-5.68434e-14
450;450;17.644;-5.68434e-14
450;450;17.644;-5.68434e-14
450;450;28.1281;-1.59431
450;450;28.1281;-1.59431
450;450;24.0338;-1.59466
450;450;18.5071;-0.569449
450;450;18.5071;-0.569449
450;450;18.5071;-0.569449
450;450;18.3223;-0.113803
450;450;24.4193;-1.53688
450;450;27.2102;-2.39085
450;450;28.6984;-3.01789
450;450;18.7372;-0.113904
450;450;18.7372;-0.113904
450;450;10.5338;1.879
450;450;11.2694;3.13038
450;450;19.1226;2.04885
450;450;28.3088;-0.227837
450;450;30.8306;-0.398917
450;450;25.7122;-0.570116
450;450;11.5101;1.99433
450;450;2.45041;3.70411
450;450;-5.87127;5.64326
450;450;-5.30124;6.21328
450;450;-5.30124;6.21328
450;450;6.94947;3.9874
450;450;14.8631;3.18901
450;450;15.3737;3.01779
450;450;11.1011;4.26965
450;450;9.27849;3.98463
450;450;7.85293;4.78004
450;450;8.65015;3.81289
450;450;9.38967;3.69896
450;450;10.9255;3.58492
450;450;10.1272;3.18609
450;450;8.30581;4.26668
450;450;8.30581;4.26668
450;450;9.7268;4.77808
450;450;16.8386;3.41324
450;450;16.8386;3.41324
450;450;29.1071;-0.170883
450;450;29.1071;-0.170883
450;450;26.7946;-0.0570098
450;450;13.6189;1.6525
450;450;13.6189;1.6525
450;450;2.79056;4.04347
450;450;3.41572;3.75729
450;450;9.44657;2.27628
450;450;9.44657;2.27628
450;450;17.3014;1.25207
450;450;17.8142;1.25211
450;450;17.8142;1.25211
450;450;25.5275;-0.341886
450;450;21.5978;0.113973
450;450;21.5978;0.113973
450;450;21.5978;0.113973
450;450;4.04296;4.15684
450;450;1.48047;5.06777
450;450;1.82206;4.55516
450;450;9.90621;3.18821
450;450;14.6316;2.56195
450;450;14.6316;2.56195
450;450;14.6316;2.56195
450;450;17.534;1.76479
450;450;17.534;1.76479
450;450;9.16291;3.07327
450;450;9.16291;3.07327
450;450;2.04911;4.61049
450;450;5.6338;4.21112
450;450;5.6338;4.21112
450;450;9.50498;2.27664
450;450;9.90183;2.10556
450;450;5.23462;2.8449
450;450;1.19486;4.15356
450;450;1.19486;4.15356
450;450;3.35656;4.03925
450;450;3.35656;4.03925
450;450;5.46187;2.21888
450;450;3.07279;2.67446
450;450;-0.398312;3.75551
450;450;1.02397;3.92522
450;450;9.32686;2.61607
450;450;15.1855;1.47874
450;450;23.0415;-0.682712
450;450;21.0053;-0.2277
450;450;21.0053;-0.2277
450;450;7.7938;1.64978
450;450;3.41216;3.07094
450;450;3.41216;3.07094
450;450;5.23049;3.01322
450;450;8.87049;1.59214
450;450;8.87049;1.59214
450;450;8.87049;1.59214
450;450;4.6649;2.16179
450;450;6.2578;1.87734
450;450;6.2578;1.87734
450;450;9.16204;0.512164
450;450;8.13951;0.455357
450;450;8.13951;0.455357
450;450;-3.64609;2.39274
450;450;-7.29679;3.81941
450;450;-1.65318;3.13534
450;450;3.47672;2.5078
450;450;12.9908;-0.170932
450;450;15.6113;-1.42439
450;450;15.6113;-1.42439
450;450;3.42015;0.114005
450;450;-4.27763;2.1103
450;450;-3.65117;2.56723
450;450;7.81084;1.36832
450;450;15.1612;-0.170991
450;450;16.697;-0.227945
450;450;14.3583;0.398841
450;450;6.03998;0.797733
450;450;2.16514;2.507
450;450;2.16514;2.507
450;450;3.36241;0.45592
450;450;7.57846;0.113962
450;450;7.57846;0.113962
450;450;15.6688;-0.341864
450;450;15.6688;-0.341864
450;450;23.9381;-1.82385
450;450;23.9381;-1.82385
450;450;23.9381;-1.82385
450;450;17.8503;-2.22416
450;450;6.3309;0.342211
450;450;-0.399296;1.65423
450;450;-12.9589;3.48234
450;450;-15.8193;5.02562
450;450;-15.8193;5.02562
450;450;-1.19872;2.62578
450;450;-1.19872;2.62578
450;450;19.4477;-1.19766
450;450;26.9742;-2.39517
450;450;27.1988;-2.50891
450;450;23.8278;-1.65313
450;450;18.7479;-0.512861
450;450;18.7479;-0.512861
450;450;10.3087;0.968216
450;450;6.26215;2.44793
450;450;6.26215;2.44793
450;450;6.54431;3.86968
450;450;6.54431;3.86968
450;450;4.66535;4.60845
450;450;2.44646;5.1205
450;450;-0.455271;5.06489
450;450;-2.61839;5.23677
450;450;-8.43051;6.03807
450;450;-13.8525;6.15667
450;450;-14.7702;6.61523
450;450;-13.5203;6.90278
450;450;-10.2122;5.99039
450;450;-10.2122;5.99039
450;450;-1.25461;5.13251
450;450;-1.25461;5.13251
450;450;-0.569647;5.18379
450;450;-3.13256;5.41079
450;450;-7.74818;5.86811
450;450;-13.742;5.98717
450;450;-15.6851;6.15998
450;450;-18.487;6.6188
450;450;-19.0077;6.39299
450;450;-17.8701;6.10895
450;450;-13.1335;5.88151
450;450;-13.1335;5.88151
450;450;-7.19303;4.79535
450;450;-3.48035;4.79262
450;450;-1.53936;4.27601
450;450;-1.53892;4.38878
450;450;-1.88061;4.38809
450;450;-1.88061;4.38809
450;450;-2.56439;4.61589
450;450;-1.42461;4.44479
450;450;-1.42461;4.44479
450;450;3.81663;4.44325
450;450;3.81663;4.44325
450;450;11.2157;3.18821
450;450;15.6534;3.01684
450;450;17.0754;2.67514
450;450;16.3349;2.61814
450;450;11.551;3.01579
450;450;11.551;3.01579
450;450;3.29957;4.94935
450;450;3.29957;4.94935
450;450;3.29957;4.94935
450;450;3.98274;4.43791
450;450;6.54204;3.98211
450;450;12.172;3.01455
450;450;15.7543;2.95748
450;450;16.2667;2.9007
450;450;16.2093;2.90061
450;450;16.4363;3.01426
450;450;16.0955;2.95748
450;450;15.2978;3.07094
450;450;15.2978;3.07094
450;450;10.1764;3.80904
450;450;10.1764;3.80904
450;450;9.49568;4.20766
450;450;13.3702;3.64125
450;450;13.3702;3.64125
450;450;18.4449;2.84643
450;450;18.4449;2.84643
450;450;23.3141;1.99509
450;450;23.3141;1.99509
450;450;22.521;1.99553
450;450;22.521;1.99553
450;450;18.0145;3.64851
450;450;18.0145;3.64851
450;450;18.0145;3.64851
450;450;16.9846;2.05183
450;450;16.9846;2.05183
450;450;16.9846;2.05183
450;450;21.2667;1.1403
450;450;21.2667;1.1403
450;450;22.8667;0.171073
450;450;22.8667;0.171073
450;450;20.2462;0.627346
450;450;20.2462;0.627346
450;450;21.617;1.0837
450;450;23.2755;1.25505
450;450;23.2755;1.25505
450;450;23.2755;1.25505
450;450;24.0148;-0.798592
450;450;24.0148;-0.798592
450;450;28.6959;-0.456396
450;450;28.6959;-0.456396
450;450;28.6959;-0.456396
450;450;32.4206;-1.76943
450;450;32.4206;-1.76943
450;450;38.3872;-1.08535
450;450;40.4668;-1.25744
450;450;40.4668;-1.25744
450;450;40.4668;-1.25744
450;450;42.1524;-0.972308
450;450;42.1524;-0.972308
450;450;39.3039;-0.743742
450;450;39.3039;-0.743742
450;450;39.3039;-0.743742
450;450;28.9949;0.972215
450;450;28.9949;0.972215
450;450;28.9949;0.972215
450;450;22.5139;2.17139
450;450;22.5139;2.17139
450;450;22.3368;2.45648
450;450;22.3368;2.45648
450;450;26.7305;1.48503
450;450;26.7305;1.48503
450;450;26.7305;1.48503
450;450;31.5333;-0.571256
450;450;31.5333;-0.571256
450;450;31.5333;-0.571256
450;450;37.6613;-1.20013
450;450;37.6613;-1.20013
450;450;37.2029;-1.42868
450;450;37.2029;-1.42868
450;450;37.3732;-1.14291
450;450;37.3732;-1.14291
450;450;37.7185;-0.857238
450;450;38.8664;-0.285782
450;450;38.8664;-0.285782
450;450;38.7545;-1.37184
450;450;38.6414;-1.14324
450;450;33.6651;-0.400095
450;450;31.6596;-0.400032
450;450;31.6596;-0.400032
450;450;21.8638;1.31297
450;450;22.0866;0.91314
450;450;28.417;-0.0570622
450;450;32.2391;-0.399423
450;450;32.2391;-0.399423
450;450;32.2391;-0.399423
450;450;42.6934;-3.19629
450;450;39.0491;-2.6832
450;450;39.0491;-2.6832
450;450;30.715;-1.25601
450;450;28.1352;-1.36967
450;450;28.1352;-1.36967
450;450;28.1352;-1.36967
450;450;26.7571;-0.798719
450;450;26.7571;-0.798719
450;450;31.9028;-1.36971
450;450;33.9079;-1.65543
450;450;33.9079;-1.65543
450;450;38.0786;-2.45484
450;450;39.9689;-2.11264
450;450;42.7164;-2.22719
450;450;42.7164;-2.22719
450;450;42.7164;-2.22719
450;450;39.2453;-1.77089
450;450;36.5557;-1.65643
450;450;31.7467;-0.742279
450;450;31.7467;-0.742279
450;450;31.3411;-0.799226
450;450;31.8468;-1.42683
450;450;32.2514;-1.5983
450;450;32.6572;-1.54151
450;450;32.6572;-1.54151
450;450;32.6572;-1.54151
450;450;30.3125;-1.76966
450;450;29.7912;-1.65507
450;450;30.0746;-1.19842
450;450;30.0746;-1.19842
450;450;32.8803;-1.19876
450;450;36.8832;-2.05541
450;450;36.8832;-2.05541
450;450;41.0071;-2.57008
450;450;41.0071;-2.57008
450;450;37.8767;-1.3711
450;450;33.8701;-1.19945
450;450;31.9771;0.171306
450;450;21.1728;1.65501
450;450;12.7771;1.99642
450;450;1.88037;6.32488
450;450;-1.59436;6.32048
450;450;-1.59436;6.32048
450;450;0.740002;4.55386
450;450;5.17953;2.84589
450;450;8.70761;3.1871
450;450;6.43111;3.81314
450;450;-1.13857;4.26965
450;450;-1.02465;5.86328
450;450;-1.02465;5.86328
450;450;2.79074;3.30333
450;450;5.18346;2.56325
450;450;11.3951;0.626731
450;450;14.0738;-0.227916
450;450;13.8464;-0.854714
450;450;13.8464;-0.854714
450;450;18.7016;-1.31139
450;450;19.84;-2.05242
450;450;19.84;-2.05242
450;450;20.9836;-2.10976
450;450;20.9836;-2.10976
450;450;16.0264;-1.59693
450;450;12.2583;-0.570152
450;450;12.2583;-0.570152
450;450;19.731;-1.36863
450;450;25.6088;-2.96582
450;450;25.6185;-3.13812
450;450;25.6185;-3.13812
450;450;5.13397;1.31201
450;450;-0.912706;2.96629
450;450;-4.79247;3.93667
450;450;-5.13674;3.53864
450;450;-1.02725;2.28278
450;450;-1.02725;2.28278
450;450;-1.02725;2.28278
450;450;-8.56286;3.08263
450;450;-8.56286;3.08263
450;450;-8.56286;3.08263
450;450;-21.1425;7.14274
450;450;-21.1425;7.14274
450;450;-14.2864;6.62888
450;450;-14.0011;6.57195
450;450;-14.0011;6.57195
450;450;1.37019;4.33893
450;450;1.37019;4.33893
450;450;1.37019;4.33893
450;450;10.7779;2.90833
450;450;10.7779;2.90833
450;450;10.7779;2.90833
450;450;1.36837;0.171046
450;450;1.36837;0.171046
450;450;2.96573;-0.912533
450;450;2.96573;-0.912533
450;450;-1.08398;-1.08398
450;450;-1.08398;-1.08398
450;450;-1.08398;-1.08398
450;450;-0.11411;1.42637
450;450;-0.11411;1.42637
450;450;-0.570839;-0.171252
450;450;-0.570839;-0.171252
450;450;0.399499;0.513641
450;450;-0.913401;-0.114175
450;450;-0.456744;-0.057093
450;450;0.228343;0.228343
450;450;-0.399664;-0.11419
450;450;-0.399664;-0.11419
450;450;0.342688;-0.399803
450;450;1.25644;-0.628222
450;450;1.25644;-0.628222
450;450;-0.571075;0.68529
450;450;-0.571075;0.68529
450;450;0.342558;1.02767
450;450;-0.685268;-0.285528
450;450;-0.570966;0.285483
450;450;0.0570948;0.11419
450;450;0.11419;-0.570948
450;450;0.856422;-0.913517
450;450;-0.342569;-0.399664
450;450;-0.627883;1.59825
450;450;-0.627704;-0.28532
450;450;0.627585;0.228213
450;450;1.02715;0.342384
450;450;1.02715;0.342384
450;450;1.02715;0.342384
450;450;0.171208;-1.25553
450;450;0.171208;-1.25553
450;450;-1.19808;1.19808
450;450;0.570261;1.82483
450;450;0.684378;0.855472
450;450;-0.285166;0.399233
450;450;-0.285166;0.399233
450;450;0.570423;-0.855635
450;450;-0.684595;-1.36919
450;450;-0.684595;-1.36919
450;450;-1.02657;-0.627346
450;450;0.114056;0.684334
450;450;-0.171094;0.228126
450;450;1.88246;0.114088
450;450;1.19815;-0.34233
450;450;1.19815;-0.34233
450;450;-0.342406;-1.08429
450;450;0.399499;-0.570713
450;450;0.399499;-0.570713
450;450;-0.342504;0.513755
450;450;-0.342504;0.513755
450;450;-0.171263;-1.88389
450;450;-0.171263;-1.88389
450;450;-0.171263;-1.88389
450;450;-0.742138;-0.4567
450;450;0.228336;1.02751
450;450;0.228336;1.02751
450;450;1.25585;-0.399587
450;450;-0.399689;-1.25617
450;450;-0.399689;-1.25617
450;450;-0.513902;-1.0849
450;450;-0.171263;1.88389
450;450;-0.513739;2.05496
450;450;1.14197;-1.25617
450;450;0.456831;0.0571038
450;450;0.171355;-0.799657
450;450;-0.342786;-0.228524
450;450;-0.285655;-0.057131
450;450;-0.856993;0.457063
450;450;0.228502;0.628382
450;450;-5.68434e-14;-0.799555
450;450;0.342699;-2.0562
450;450;0.114164;1.02748
450;450;1.36971;-0.798998
450;450;0.057055;-1.19815
450;450;0.057055;-1.19815
450;450;-1.198;-1.3121
450;450;-1.198;-1.3121
450;450;0.0570568;-1.99699
450;450;-0.0570459;0.855689
450;450;0.228162;0.570405
450;450;-0.0570423;-0.285212
450;450;0.285302;-1.19827
450;450;-0.285275;1.71165
450;450;0.285392;-0.627863
450;450;0.285392;-0.627863
450;450;0.114135;1.02722
450;450;-1.4276;-1.82732
450;450;-5.68434e-14;1.54175
450;450;0.285628;-1.48527
450;450;1.48484;0.79953
450;450;0.39979;-1.82761
450;450;-0.342601;0.513902
450;450;0.91343;0.799251
450;450;0.91343;0.799251
450;450;-0.913778;0.228444
450;450;0.342754;-1.59952
450;450;0.399866;0.399866
450;450;0.399866;0.399866
450;450;0.399866;0.399866
450;450;0.114197;2.22684
450;450;0.114197;2.22684
450;450;0.114197;2.22684
450;450;1.02741;0.0570785
450;450;0.3996;0.3996
450;450;-0.228343;0.513772
450;450;-1.25597;-0.285447
450;450;-0.399587;-0.0570839
450;450;-0.399587;-0.0570839
450;450;0.970088;-0.057064
450;450;0.970088;-0.057064
450;450;0.85615;-5.68434e-14
450;450;0.228357;-0.970519
450;450;-1.36997;1.54122
450;450;-0.228343;1.54131
450;450;0.91343;-0.742162
450;450;0.91343;-0.742162
450;450;0.91343;-0.742162
450;450;0.912822;0.570514
450;450;0.912822;0.570514
450;450;-0.114092;0.342276
450;450;-0.114092;0.342276
450;450;-0.114092;0.342276
450;450;-1.19812;0.741691
450;450;-1.25533;1.36945
450;450;0.228321;-1.25577
450;450;1.14139;0.285347
450;450;1.14143;-0.171214
450;450;-1.65528;-0.114157
450;450;0.228249;0.627684
450;450;0.228249;0.627684
450;450;-0.171197;-1.19838
450;450;0.228263;1.54078
450;450;-0.685007;-1.08459
450;450;-1.37019;-0.114182
450;450;0.342449;1.3698
450;450;1.82622;0.741903
450;450;0.114193;-1.7129
450;450;0.34259;1.48456
450;450;0.34259;1.48456
450;450;-0.285583;0.285583
450;450;-0.285583;0.285583
450;450;-0.285583;0.285583
450;450;-5.68434e-14;0.0571401
450;450;0.228568;-0.0571419
450;450;-0.228553;-0.571383
450;450;-5.68434e-14;-0.11428
450;450;-0.228568;0.799987
450;450;-0.228568;0.799987
450;450;0.800241;-5.68434e-14
450;450;0.285809;-0.571619
450;450;0.285809;-0.571619
450;450;-0.685921;1.88628
450;450;0.743057;-0.800215
450;450;-1.25716;0.857156
450;450;-0.114309;-1.65748
450;450;1.42859;0.114287
450;450;0.40007;-0.457222
450;450;0.40007;-0.457222
450;450;0.800215;0.285791
450;450;0.800215;0.285791
450;450;-0.514522;-0.571691
450;450;-0.514522;-0.571691
450;450;-0.514522;-0.571691
450;450;-5.68434e-14;-5.68434e-14
450;450;-5.68434e-14;-5.68434e-14
450;450;-0.40026;-0.40026
450;450;-1.02927;0.228727
450;450;-1.02927;0.228727
450;450;0.114309;0.857319
450;450;0.342939;0.0571564
450;450;0.342939;0.0571564
450;450;0.685943;-0.0571619
450;450;1.31497;-1.48649
450;450;-0.0571546;1.31456
450;450;-1.08601;-1.14316
450;450;-1.08601;-1.14316
450;450;-0.514506;-5.68434e-14
450;450;-0.514506;-5.68434e-14
450;450;-0.0571528;0.914445
450;450;0.114273;-5.68434e-14
450;450;0.85702;-0.628481
450;450;0.85702;-0.628481
450;450;-0.285691;-5.68434e-14
450;450;-0.285691;-0.114277
450;450;-0.285691;-0.114277
450;450;-0.285691;-0.114277
450;450;-0.628182;0.68529
450;450;1.08484;0.285483
450;450;1.08487;-0.456787
450;450;0.513984;-1.14219
450;450;0.114229;-0.685377
450;450;0.228459;-0.456918
450;450;-1.25652;-0.171344
450;450;-0.342721;-0.342721
450;450;-0.342721;-0.342721
450;450;0.171344;1.48498
450;450;2.05711;-1.59997
450;450;0.114287;0.114287
450;450;-0.685681;0.685681
450;450;-2.5148;-0.514392
450;450;-0.857156;1.54288
450;450;-0.857156;1.54288
450;450;-0.342688;0.0571147
450;450;0.856395;-0.228372
450;450;0.399689;-1.19907
450;450;-0.399676;0.34258
450;450;-0.68529;-0.22843
450;450;-1.82761;1.25648
450;450;-1.82761;1.25648
450;450;-0.571129;0.856694
450;450;-0.571129;0.856694
450;450;0.114208;-0.456831
450;450;1.59906;-1.14219
450;450;1.59906;-1.14219
450;450;-0.0570912;-0.399638
450;450;0.74195;0.114146
450;450;-0.513625;-0.171208
450;450;0.228227;-0.0570568
450;450;-0.684638;1.59749
450;450;-0.114106;-0.741691
450;450;-2.1113;-0.912995
450;450;-2.1113;-0.912995
450;450;0.228169;-0.627466
450;450;0.456266;-0.456266
450;450;0.741503;-1.08374
450;450;0.228148;0.399258
450;450;0.228148;0.399258
450;450;0.0570387;-0.342232
450;450;-1.3691;0.570459
450;450;-1.19777;1.71111
450;450;-0.513316;0.741456
450;450;0.456324;0.228162
450;450;0.456324;0.228162
450;450;1.08401;-0.741691
450;450;-0.0570496;-1.08394
450;450;-0.456541;0.171203
450;450;-0.456541;0.171203
450;450;0.627903;0.171246
450;450;0.342558;0.513837
450;450;0.342558;0.513837
450;450;-5.68434e-14;-0.399879
450;450;0.057122;-0.799708
450;450;0.57102;-0.228408
450;450;-0.114186;0.285465
450;450;0.628023;-0.228372
450;450;-0.171257;1.02754
450;450;-0.456642;0.684964
450;450;-0.456642;0.684964
450;450;-0.456642;0.684964
450;450;-0.171274;0.399638
450;450;0.513755;0.171252
450;450;2.28328;-0.228328
450;450;0.628162;-1.94159
450;450;0.628162;-1.94159
450;450;0.0571075;0.799505
450;450;-0.456976;-0.971073
450;450;-0.856694;1.3136
450;450;-0.856694;1.3136
450;450;0.913604;-0.285501
450;450;0.91343;1.88395
450;450;-5.68434e-14;0.342634
450;450;-0.571075;0.114215
450;450;-1.71322;0.399752
450;450;0.685181;-0.171295
450;450;2.11257;-0.456773
450;450;2.11257;-0.456773
450;450;-0.171263;1.25593
450;450;-0.171263;1.25593
450;450;-0.171263;1.25593
450;450;-0.456802;-1.142
450;450;-1.94153;0.970765
450;450;0.399854;-0.514098
450;450;0.399854;-0.514098
450;450;1.94246;-0.514179
450;450;0.514065;0.571183
450;450;0.114215;0.22843
450;450;0.114215;0.22843
450;450;-1.48489;-0.628222
450;450;0.0570984;-0.970673
450;450;0.0571038;-1.08497
450;450;0.513723;0.627883
450;450;0.513723;0.627883
450;450;-0.342558;0.114186
450;450;-0.342558;0.114186
450;450;0.456729;-1.9411
450;450;-0.741785;1.71181
450;450;-0.342417;0.970181
450;450;0.570785;-0.570785
450;450;0.570785;-0.570785
450;450;0.856123;-0.342449
450;450;0.856123;1.31272
450;450;-1.37032;-1.19903
450;450;1.48414;0.342493
450;450;1.48414;0.342493
450;450;-5.68434e-14;0.57055
450;450;1.0838;-0.0570423
450;450;-1.02679;-0.627485
450;450;0.741456;0.399246
450;450;-0.627227;0.399144
450;450;-0.627227;0.399144
450;450;1.48315;-0.513397
450;450;1.02676;-1.19789
450;450;1.02676;-1.19789
450;450;1.02676;-1.19789
450;450;-2.11103;0.22822
450;450;2.05391;0.399372
450;450;0.114153;-1.42692
450;450;0.114153;-1.42692
450;450;-1.48446;-0.685137
450;450;-0.79915;1.42705
450;450;0.742068;-1.19872
450;450;0.742044;-0.913285
450;450;-1.19872;0.742068
450;450;-0.342417;1.25553
450;450;1.25501;0.912735
450;450;-1.25493;1.4831
450;450;1.25469;1.59688
450;450;-1.14085;0.456339
450;450;1.36897;-0.969689
450;450;1.36897;-0.969689
450;450;-0.798694;0.171149
450;450;1.02696;0.114106
450;450;-1.59754;-0.57055
450;450;0.969965;-0.855852
450;450;0.969965;-0.855852
450;450;0.627744;-1.88323
450;450;-0.228126;0.627346
450;450;-0.627326;-1.02653
450;450;-0.798668;0.0570477
450;450;-5.68434e-14;0.45631
450;450;0.798314;-0.342135
450;450;-1.14038;1.02634
450;450;0.0570116;1.02621
450;450;-0.114038;-0.228075
450;450;-0.798289;-0.0570206
450;450;0.0570188;0.399132
450;450;0.627326;-0.513267
450;450;0.627326;-0.513267
450;450;-1.48244;0.456136
450;450;-1.48244;0.456136
450;450;-0.285094;0.0570188
450;450;-0.285094;0.0570188
450;450;-0.285094;0.0570188
450;450;2.4529;-1.14088
450;450;0.684551;0.342276
450;450;0.456353;0.342265
450;450;0.0570676;-0.798947
450;450;0.0570676;-0.798947
450;450;-2.16871;0.399499
450;450;-2.16871;0.399499
450;450;0.456454;-0.285284
450;450;2.05398;0.11411
450;450;2.05398;0.11411
450;450;0.627585;-1.08401
450;450;0.627585;-1.08401
450;450;-0.342308;1.54039
450;450;-1.88264;-0.171149
450;450;0.513462;-0.228205
450;450;0.912764;0.114095
450;450;1.82588;-0.228234
450;450;0.0570912;-1.02764
450;450;-0.856422;0.228379
450;450;-1.99844;0.114197
450;450;-1.99844;0.114197
450;450;-1.99844;0.114197
450;450;-0.171268;0.171268
450;450;1.88383;-0.342514
450;450;0.570984;-0.399689
450;450;0.570984;-0.399689
450;450;-1.08515;0.970919
450;450;-1.08515;0.970919
450;450;-0.114197;0.685181
450;450;-0.057093;0.342558
450;450;1.25628;-0.399727
450;450;0.342699;-1.82773
450;450;0.456918;-5.68434e-14
450;450;-5.68434e-14;0.171371
450;450;0.342634;0.742374
450;450;0.342634;0.742374
450;450;-0.399816;-5.68434e-14
450;450;0.399778;-0.0571111
450;450;0.399778;-0.0571111
450;450;0.399778;-0.0571111
450;450;0.114237;0.68542
450;450;0.114237;0.68542
450;450;0.057102;0.228408
450;450;0.628083;-0.171295
450;450;0.628083;-0.171295
450;450;0.22835;-0.513788
450;450;0.22835;-0.513788
450;450;-1.19895;-0.742209
450;450;-1.19895;-0.742209
450;450;-5.68434e-14;-0.513918
450;450;-5.68434e-14;-0.513918
450;450;-5.68434e-14;-0.513918
450;450;1.08415;1.02709
450;450;-0.171219;-2.1117
450;450;-0.741856;0.913053
450;450;-0.399537;-0.0570767
450;450;-0.399587;-0.228336
450;450;0.456802;-2.51241
450;450;0.570803;0.285402
450;450;0.0570857;-2.16926
450;450;0.91314;-0.0570713
450;450;0.91314;-0.0570713
450;450;-1.31272;1.02735
450;450;-0.0570749;0.11415
450;450;-0.0570749;0.11415
450;450;0.285365;-0.0570731
450;450;0.285365;-0.0570731
450;450;0.171257;0.228343
450;450;-0.114175;1.42719
450;450;-0.742115;0.685029
450;450;-0.970796;0.799479
450;450;0.856503;-0.0571002
450;450;0.0571057;-0.856585
450;450;1.37058;0.0571075
450;450;0.171328;0.399765
450;450;-0.513918;-0.057102
450;450;-1.14179;0.399626
450;450;-0.741903;0.970181
450;450;-0.11415;-0.513674
450;450;-0.11415;-0.513674
450;450;-0.171203;-1.14135
450;450;2.16871;-0.228285
450;450;2.16871;-0.228285
450;450;2.16871;-0.228285
450;450;-0.456498;-1.19831
450;450;-0.456498;-1.19831
450;450;-0.456498;-1.19831
450;450;-0.39936;1.19808
450;450;-0.39936;1.19808
450;450;-0.39936;1.19808
450;450;-0.68492;0.285383
450;450;-0.68492;0.285383
450;450;-0.285438;0.171263
450;450;0.0570912;-0.171274
450;450;0.0570912;-0.171274
450;450;-2.05528;0.285456
450;450;0.2283;1.3698
450;450;0.513674;-0.856123
450;450;0.513674;-0.856123
450;450;-1.99762;-0.970273
450;450;0.513592;0.0570658
450;450;0.513592;0.0570658
450;450;0.513592;0.0570658
450;450;-1.71138;1.02683
450;450;-1.71138;1.02683
450;450;-1.71138;1.02683
450;450;-11.9268;1.71197
450;450;-11.9268;1.71197
450;450;-14.2678;1.88335
450;450;-14.2678;1.88335
450;450;-14.2678;1.88335
450;450;-11.3637;1.71312
450;450;-11.3637;1.71312
450;450;-3.19731;0.285474
450;450;-3.19731;0.285474
450;450;-1.88353;0.17123
450;450;-10.3922;1.65591
450;450;-10.3922;1.65591
450;450;-14.847;4.11148
450;450;-16.1074;3.94117
450;450;-15.8248;4.05617
450;450;-21.7125;4.45679
450;450;-34.2128;6.11147
450;450;-34.2128;6.11147
450;450;-46.6739;9.58584
450;450;-46.6739;9.58584
450;450;-43.6305;8.15576
450;450;-43.6305;8.15576
450;450;-37.3544;6.33029
450;450;-43.2732;6.44252
450;450;-53.1298;8.2659
450;450;-56.1493;9.63374
450;450;-56.1493;9.63374
450;450;-56.1493;9.63374
450;450;-56.1493;9.63374
450;450;-30.8413;5.75781
450;450;-30.8413;5.75781
450;450;-21.9119;4.90735
450;450;-21.9119;4.90735
450;450;-27.7481;5.70948
450;450;-36.1238;6.39158
450;450;-43.2896;7.24346
450;450;-49.4751;8.09385
450;450;-49.4751;8.09385
450;450;-53.6879;8.54903
450;450;-52.88;8.49043
450;450;-52.88;8.49043
450;450;-52.88;8.49043
450;450;-37.2133;5.7558
450;450;-33.5692;4.67347
450;450;-33.5692;4.67347
450;450;-31.03;4.33508
450;450;-32.0608;5.53363
450;450;-32.0608;5.53363
450;450;-34.3264;5.18888
450;450;-27.8367;4.22113
450;450;-27.8367;4.22113
450;450;-28.9278;2.79578
450;450;-33.4247;2.73786
450;450;-35.8033;4.50392
450;450;-34.9963;3.64782
450;450;-30.6114;2.79321
450;450;-17.2866;1.88269
450;450;-11.6996;-0.970211
450;450;-12.0451;-1.1988
450;450;-17.817;0.171317
450;450;-17.817;0.171317
450;450;-17.817;0.171317
450;450;-36.9134;4.90657
450;450;-36.9134;4.90657
450;450;-37.5778;5.75927
450;450;-40.4667;6.61146
450;450;-40.4667;6.61146
450;450;-60.8818;10.3083
450;450;-72.4201;13.835
450;450;-80.8048;14.8626
450;450;-80.8048;14.8626
450;450;-80.8048;14.8626
450;450;-65.8179;12.7536
450;450;-49.5248;9.44956
450;450;-49.5248;9.44956
450;450;-40.3055;7.28687
450;450;-38.147;6.54762
450;450;-45.4788;7.45648
450;450;-53.5496;8.0239
450;450;-53.5496;8.0239
450;450;-53.3906;8.25335
450;450;-53.3906;8.25335
450;450;-40.8748;4.89587
450;450;-27.7997;2.67743
450;450;-27.7997;2.67743
450;450;-21.7304;0.399246
450;450;-22.019;0.456353
450;450;-22.9448;1.94061
450;450;-22.9448;1.94061
450;450;-22.9448;1.94061
450;450;-27.5066;2.1115
450;450;-27.5066;2.1115
450;450;-24.7736;2.16912
450;450;-24.7166;2.11204
450;450;-23.179;1.08473
450;450;-23.179;1.08473
450;450;-25.5181;2.05515
450;450;-25.9219;3.93967
450;450;-25.5254;3.19782
450;450;-17.9923;1.48508
450;450;-13.7668;0.514114
450;450;-10.2846;-0.0571365
450;450;-16.3971;0.39993
450;450;-20.8495;0.799708
450;450;-27.5768;2.74055
450;450;-30.7014;3.36688
450;450;-30.7014;3.36688
450;450;-26.9921;3.53808
450;450;-25.8011;3.53909
450;450;-28.7712;4.28143
450;450;-32.7589;4.73691
450;450;-33.1489;5.02084
450;450;-31.4914;4.62101
450;450;-26.872;2.96676
450;450;-26.872;2.96676
450;450;-21.2271;0.970058
450;450;-23.2799;1.08411
450;450;-28.6923;2.73803
450;450;-31.4243;3.59298
450;450;-26.981;2.90916
450;450;-21.5118;1.42651
450;450;-8.56313;-0.627963
450;450;-3.197;-1.48432
450;450;-0.856639;-2.4557
450;450;-8.45137;-0.513935
450;450;-14.7351;0.39979
450;450;-25.2986;2.85537
450;450;-28.4921;4.51077
450;450;-28.4921;4.51077
450;450;-26.3803;3.25471
450;450;-21.8763;2.62744
450;450;-21.8763;2.62744
450;450;-14.5164;1.77168
450;450;-6.91615;0.171475
450;450;-6.91615;0.171475
450;450;-6.91615;0.171475
450;450;-6.62615;0.114244
450;450;-20.0524;2.91359
450;450;-31.7538;4.626
450;450;-31.7538;4.626
450;450;-22.3297;3.02679
450;450;-22.3297;3.02679
450;450;-10.4556;0.228539
450;450;-10.4556;0.228539
450;450;-4.39923;0.171399
450;450;-4.39923;0.171399
450;450;-15.7802;3.1446
450;450;-15.7802;3.1446
450;450;-19.7855;4.57469
450;450;-21.5038;3.54584
450;450;-23.3911;3.54584
450;450;-24.31;4.0612
450;450;-24.31;4.0612
450;450;-24.0827;4.6335
450;450;-24.0827;4.6335
450;450;-17.907;3.54708
450;450;-3.20198;0.97203
450;450;1.3718;-0.800215
450;450;1.3718;-0.800215
450;450;-8.22896;1.14291
450;450;-21.6657;2.28662
450;450;-24.0697;3.43037
450;450;-17.6081;1.6579
450;450;-17.6081;1.6579
450;450;-4.97403;-0.971937
450;450;-4.97403;-0.971937
450;450;-10.7488;1.02914
450;450;-21.2703;3.71658
450;450;-19.7855;3.31665
450;450;-8.34988;0.686291
450;450;-8.34988;0.686291
450;450;-1.42991;-3.37459
450;450;-1.42991;-3.37459
450;450;-7.26486;-1.88772
450;450;-22.3652;0.8008
450;450;-22.3652;0.8008
450;450;-28.4158;3.25895
450;450;-17.672;0.857864
450;450;-9.60625;-1.77258
450;450;-9.60625;-2.05848
450;450;-16.6966;-1.02924
450;450;-30.9709;1.71426
450;450;-30.9709;1.71426
450;450;-40.7008;3.02545
450;450;-40.7008;3.02545
450;450;-37.2581;3.08107
450;450;-32.3512;1.59759
450;450;-25.0503;-0.798871
450;450;-23.855;-0.970181
450;450;-23.855;-0.970181
450;450;-32.5141;0.171127
450;450;-32.5141;0.171127
450;450;-34.4339;0.969167
450;450;-32.7236;1.31123
450;450;-29.0152;0.171013
450;450;-29.0152;0.171013
450;450;-24.8087;-0.0570315
450;450;-24.8087;-0.0570315
450;450;-26.9197;-0.114067
450;450;-34.1359;0.854822
450;450;-34.7518;1.59516
450;450;-35.2556;1.5378
450;450;-35.2556;1.5378
450;450;-35.2556;1.5378
450;450;-33.2125;1.82299
450;450;-30.4326;2.10863
450;450;-30.8983;2.05229
450;450;-30.8983;2.05229
450;450;-38.0352;3.02229
450;450;-46.2905;3.19245
450;450;-46.2905;3.19245
450;450;-50.5107;4.27574
450;450;-50.5107;4.27574
450;450;-52.2309;4.61867
450;450;-51.7194;4.96095
450;450;-51.7194;4.96095
450;450;-48.5307;4.9044
450;450;-47.3421;3.70752
450;450;-47.3421;3.70752
450;450;-47.3421;3.70752
450;450;-39.8105;0.570351
450;450;-41.3944;0.342102
450;450;-41.3944;0.342102
450;450;-39.841;1.88091
450;450;-33.1216;2.28032
450;450;-33.8638;2.79348
450;450;-41.8956;4.04706
450;450;-46.5141;5.24424
450;450;-52.3903;7.46805
450;450;-50.232;6.72801
450;450;-50.232;6.72801
450;450;-50.232;6.72801
450;450;-42.7139;2.16706
450;450;-42.7139;2.16706
450;450;-52.0961;3.42362
450;450;-62.9604;5.42762
450;450;-65.7166;6.3486
450;450;-65.7166;6.3486
450;450;-62.932;6.06436
450;450;-62.932;6.06436
450;450;-40.1047;0.799809
450;450;-40.1047;0.799809
450;450;-40.1047;0.799809
450;450;-28.3181;-2.79756
450;450;-28.3181;-2.79756
450;450;-28.3181;-2.79756
450;450;-2.05457;1.99749
450;450;-2.05457;1.99749
450;450;0.4567;-1.59845
450;450;0.4567;-1.59845
450;450;0.684833;0.342417
450;450;0.684833;0.342417
450;450;-1.71284;-0.171284
450;450;0.570821;0.913314
450;450;0.627804;1.31268
450;450;0.627804;1.31268
450;450;2.05489;0.0570803
450;450;0.799175;-0.570839
450;450;0.799175;-0.570839
450;450;-0.171263;0.114175
450;450;-0.171263;0.114175
450;450;0.171203;0.741879
450;450;-0.114143;0.342428
450;450;-0.114143;0.342428
450;450;1.14186;-1.99825
450;450;0.171284;-0.570948
450;450;-1.77005;0.513886
450;450;-1.77005;0.513886
450;450;-1.77005;0.513886
450;450;-0.685072;0.742162
450;450;0.0570912;0.285456
450;450;0.0570912;0.285456
450;450;0.285537;0.0571075
450;450;-0.628362;-0.571238
450;450;-0.628362;-0.571238
450;450;-0.285601;-5.68434e-14
450;450;1.14211;0.0571057
450;450;0.228452;-1.54205
450;450;0.171355;0.114237
450;450;0.171355;0.114237
450;450;-0.285646;-0.399905
450;450;-0.285646;-0.399905
450;450;-0.628083;1.14197
450;450;-5.68434e-14;0.057093
450;450;1.36993;-5.68434e-14
450;450;-0.114208;-2.79809
450;450;-0.114208;-2.79809
450;450;-0.114215;-1.19926
450;450;-0.114215;-1.19926
450;450;-0.228401;-0.456802
450;450;-0.228401;-0.456802
450;450;-0.342754;-0.971135
450;450;2.11311;0.171333
450;450;2.11311;0.171333
450;450;-1.08549;-0.457048
450;450;-0.342764;0.114255
450;450;0.114222;1.08511
450;450;-1.25648;0.285565
450;450;-0.342667;-0.171333
450;450;2.56992;0.0571093
450;450;0.685442;-1.88497
450;450;-5.68434e-14;-1.19952
450;450;-0.342677;1.14226
450;450;-0.685485;-0.45699
450;450;-1.71371;1.37097
450;450;-0.571383;-1.02849
450;450;-0.571383;-1.02849
450;450;-0.571383;-1.02849
450;450;1.37123;-2.11398
450;450;1.37123;-2.11398
450;450;0.571437;-0.45715
450;450;0.457048;-0.856965
450;450;-0.970981;1.65638
450;450;-0.970981;1.65638
450;450;-0.114255;0.114255
450;450;2.28502;-0.171377
450;450;2.28502;-0.171377
450;450;-0.28571;-0.28571
450;450;-1.14244;2.28488
450;450;-1.14244;2.28488
450;450;-5.68434e-14;0.628421
450;450;-5.68434e-14;0.628421
450;450;-0.114251;0.571256
450;450;0.342721;1.02816
450;450;0.342721;1.02816
450;450;0.742562;-0.17136
450;450;-0.51413;0.228502
450;450;0.22843;-0.399752
450;450;0.22843;-0.399752
450;450;0.22843;-0.399752
450;450;-0.971043;1.428
450;450;0.514081;-1.08528
450;450;1.77072;-0.856802
450;450;-0.342721;0.11424
450;450;-0.342721;0.11424
450;450;-0.285519;1.77022
450;450;-0.171344;-0.228459
450;450;1.99813;1.65559
450;450;-0.114204;-1.42755
450;450;-0.571038;-1.99863
450;450;-0.571038;-1.99863
450;450;-1.31372;-0.742538
450;450;-0.799606;1.37075
450;450;-0.17135;-1.42791
450;450;0.399651;1.5986
450;450;1.37023;-0.456744
450;450;-0.913633;-0.114204
450;450;-0.513837;1.5986
450;450;0.0570948;-0.513853
450;450;-5.68434e-14;-0.114175
450;450;-5.68434e-14;-0.114175
450;450;1.88329;1.3126
450;450;0.285365;-0.913169
450;450;0.285365;-0.913169
450;450;0.285365;-0.913169
450;450;0.228271;0.513609
450;450;-0.0570731;0.228292
450;450;0.285429;-0.0570857
450;450;1.71279;-0.285465
450;450;0.0571075;-1.42769
450;450;-0.114186;-0.399651
450;450;-0.684985;2.11204
450;450;-0.799124;0.114161
450;450;-0.627923;0.228336
450;450;-0.627923;0.228336
450;450;0.684812;-0.570676
450;450;0.285275;-0.741715
450;450;0.057064;-0.456512
450;450;-0.45657;-0.114143
450;450;-5.68434e-14;0.913111
450;450;-5.68434e-14;0.913111
450;450;-1.82663;0.171246
450;450;-1.82663;0.171246
450;450;-1.82663;0.171246
450;450;-0.513755;-5.68434e-14
450;450;0.399562;0.0570803
450;450;-0.228328;-0.114164
450;450;1.54107;-0.114153
450;450;0.627983;-0.742162
450;450;0.285501;-0.0571002
450;450;0.285501;-0.0571002
450;450;0.114215;-0.799505
450;450;-0.17129;0.628063
450;450;-0.17129;0.628063
450;450;-0.17129;0.628063
450;450;-0.114197;1.54166
450;450;0.0571129;-1.14226
450;450;0.856748;-0.285583
450;450;0.856748;-0.285583
450;450;0.399765;0.0571093
450;450;0.399765;0.0571093
450;450;0.399765;0.0571093
450;450;-0.399549;0.627863
450;450;-0.399549;0.627863
450;450;-1.25585;0.570839
450;450;-0.228292;0.114146
450;450;-0.228292;0.114146
450;450;0.684725;0.0570604
450;450;1.7116;0.114106
450;450;1.7116;0.114106
450;450;-0.114106;-0.855798
450;450;-0.114114;-1.25525
450;450;-0.114114;-1.25525
450;450;-0.114114;-1.25525
450;450;-0.228205;0.85577
450;450;-0.228205;0.85577
450;450;-0.228205;0.85577
450;450;-5.68434e-14;0.285248
450;450;-5.68434e-14;0.285248
450;450;0.342276;-0.114092
450;450;0.342276;-0.114092
450;450;0.513495;-0.057055
450;450;0.57055;0.741715
450;450;-0.798871;0.0570622
450;450;-0.171187;0.51356
450;450;0.342438;-1.4839
450;450;0.342438;-1.4839
450;450;0.342438;-1.4839
450;450;0.342438;-1.4839
450;450;1.99667;-0.228191
450;450;1.99667;-0.228191
450;450;0.171122;1.65417
450;450;-0.970273;-1.08442
450;450;-0.970273;-1.08442
450;450;-0.627923;0.171252
450;450;0.570749;-0.171225
450;450;0.570749;-0.171225
450;450;-0.399638;-1.14182
450;450;0.0570857;0.456686
450;450;0.0570857;0.456686
450;450;0.456744;-0.171279
450;450;-0.285411;0.0570821
450;450;0.399385;1.19815
450;450;0.798795;0.17117
450;450;-5.68434e-14;0.0570568
450;450;-0.969965;-5.68434e-14
450;450;-0.969965;-5.68434e-14
450;450;-0.969965;-5.68434e-14
450;450;0.456353;0.342265
450;450;-0.399296;-0.969719
450;450;-0.399296;-0.969719
450;450;1.36863;1.3116
450;450;-0.741409;-0.228126
450;450;0.684334;-0.79839
450;450;-0.228119;0.228119
450;450;0.171073;0.228097
450;450;0.171127;-0.627466
450;450;0.228177;0.228177
450;450;-0.0570496;-0.342297
450;450;-0.912822;0.114103
450;450;-0.912822;0.114103
450;450;1.3121;1.42619
450;450;1.3121;1.42619
450;450;-0.0570676;-0.913082
450;450;-0.0570676;-0.913082
450;450;0.114114;0.627625
450;450;0.114114;0.627625
450;450;0.114114;0.627625
450;450;-1.08418;-1.36949
450;450;0.399347;1.25509
450;450;0.114077;0.570387
450;450;0.0570532;-0.969904
450;450;0.0570477;0.114095
450;450;0.0570477;0.114095
450;450;0.0570477;0.114095
450;450;0.45644;0.057055
450;450;-1.19834;0.342384
450;450;0.114114;0.684681
450;450;0.798846;-0.513544
450;450;1.59769;-0.627664
450;450;0.342362;0.0570604
450;450;-1.82634;0.0570731
450;450;0.342362;0.399423
450;450;0.342362;0.399423
450;450;0.74155;0.342254
450;450;0.74155;0.342254
450;450;-1.36906;0.114088
450;450;-0.399271;-0.684464
450;450;1.3688;-0.114067
450;450;0.171084;0.855418
450;450;0.171084;0.855418
450;450;0.22814;-0.11407
450;450;0.22814;-0.11407
450;450;-0.114095;0.51343
450;450;-0.114095;0.51343
450;450;-0.114095;0.51343
450;450;-0.114092;-0.627505
450;450;-0.114092;-0.627505
450;450;0.456353;-0.456353
450;450;0.456353;-0.456353
450;450;-0.114045;0.45618
